X	Y
0	0
0	5143
5143	0
5143	5143
1153.722222	27.94444444
1161.55814	28.1627907
1168	29.46153846
1186.5	31.42
1143.033333	33.26666667
1223.2	44.4
1167.75	48.58333333
1212.181818	48.22727273
1235.21875	52.71875
1194.071429	57.64285714
1219	59.02631579
1047.066667	63.26666667
1211.214286	94.64285714
1205	96.33333333
1207.588235	101.1176471
941.9189189	110.7837838
936.5	115.55
1198.522727	117.9772727
930.1842105	121.1842105
1013.5	120.2857143
924.3333333	126.2
1201.214286	125
1210.2	125.6666667
1206	127.2222222
1235.851852	128.1111111
1015.363636	128.4545455
929.6153846	130.3846154
1017.7	130.4
921.2352941	130.9411765
1276.526316	135.3684211
915.3333333	138.5964912
1274.461538	139.1538462
918.2666667	144.1333333
905.3653846	149.3653846
909.7741935	157.483871
981.625	159.75
1125.384615	161.3846154
971.1875	161.3125
975.5517241	163.7931034
895.8461538	163.5384615
979.8928571	164.6071429
982.0952381	169.3809524
1259.5	178.5
880.3055556	183.0833333
992.48	188.52
1280.708333	191.3333333
994.5	195.5
1266.411765	196.8823529
1203.769231	203.1538462
1195.5	216.5
1125.285714	219.3809524
1242.4	229.4
1122.586207	257.7241379
1235.5	264
1065.081081	274.6756757
1006.833333	280.7166667
1067.75	280.75
1185.142857	283.9285714
1012.125	289.6666667
1029.266667	296.6
963	298
945.02	302.2
1003.5	302.5555556
923	304
932	304
918.5	308.5
1005.275862	309.4137931
795.5	310.25
1042.818182	322.1818182
1041.357143	326.7857143
906.5652174	331.7391304
1065.393939	331.969697
872.28	342.16
790.4545455	343.8181818
783	347.7222222
890.4375	350.75
781.3125	353.1875
1268.25	356.4642857
1071.666667	360.8333333
1155.888889	361.3333333
772.5454545	363.1818182
1229.636364	366.9090909
864	370
1238.115385	371.5769231
1232.285714	374.9714286
1228.416667	377.125
732.5	392
1165	394
1169.68	393.8
987.6086957	396.2173913
749.9565217	396.7391304
778.8076923	396.7692308
1167.952381	397.6190476
735.6363636	398.4545455
812.1	398.45
1161.888889	398.8888889
732.6666667	400.25
916	403
951.0526316	405.8421053
915.8965517	410.1724138
1194	411.2631579
1091	419
773.8214286	421.8214286
758.6	422.95
1232	424.75
731.7894737	427
1176.8	428.5
1003.415385	431.9538462
1011.52381	436.2857143
998.5714286	437.8163265
1133.517857	440.2321429
1000.577778	443.0222222
1007.134328	443.2835821
1213.5	442.5
1142.676471	446.7647059
1145.352941	450.4117647
790.125	450.875
997.9047619	452.047619
1138.66	452.78
1057.642857	454.2142857
996.3333333	456
935.1111111	459.5
897.1818182	460.5454545
1132.315789	460.7631579
737.6136364	462.2045455
1236.764706	465.8235294
1014.5	468.5
979	469.2758621
1010.263158	469.1578947
1035.96	470.24
1006.086957	471.9565217
969	475
983.8571429	474.6428571
991.5	477.5
999.68	480.2
976.047619	482.2142857
983.3548387	482.2903226
992.5	482.34375
1081.705882	482.5882353
1023.043478	482.6086957
1055.5	483.5
1017.515152	485.8181818
1085.772727	485.8181818
956	487.90625
963.1754386	485.9649123
1006.730769	487.4615385
1001.307692	488
994.9756098	489.902439
985.6388889	490.3888889
952.6923077	491.4615385
973	494.125
978	494
965.9166667	495.1666667
721.125	506.125
1148.714286	504.8571429
1031.615385	508.5384615
1072.864407	509.5254237
1067.357143	514.9285714
1223.095238	516.4285714
926.3783784	522.3243243
830.5	523.5
706	530
1019.136364	533.7272727
963.875	537.875
670	543.2
977.25	550.75
979.4375	553.25
681.7142857	557.5
734.3043478	559.1521739
742.2857143	561.9285714
753.5	565
932.625	572.8125
803.24	573.32
928.3478261	574
890.125	573.875
977.0172414	576.8103448
841.5454545	581.3636364
899	580.2352941
1232.083333	581.2083333
1226	581.5
1299.772727	580.0909091
667.85	583.45
1058.814815	584.1851852
1206.842105	583.7368421
1018.576923	588.2307692
1271.9375	591.3125
673.1818182	592.5
1261.809524	594.3333333
1266.777778	594.5
725	595.5
1310.348837	603.5581395
1316	606.4242424
1307.774194	608.9193548
1313.578947	611.8947368
1302.852273	613.4659091
1241.8	613.5
637.8	618
1308.490566	619.0566038
1316.466667	616.92
1313.205882	623.9117647
1304.645161	624.483871
1045.142857	625.8571429
1040.476923	628.4923077
1316.26087	628.826087
783.4444444	628.6666667
1047.261905	630.6666667
1306.473684	630.6947368
1321.25	630.5
733.2857143	632.5
1310.038462	634.5769231
1325.448276	633.9137931
1043.190476	635.1428571
1313.466667	635.4666667
1317.588235	635.8235294
1069.333333	636.8888889
988.1875	638.3125
1220.5	641.5
1099.708333	647.2083333
873.3809524	650.0952381
701	650.5
591.5588235	652.2941176
1147.789474	653
868.9166667	658.9166667
1285.636364	658.9090909
583.2105263	665.3157895
906.2222222	665.4444444
956.5	670.6666667
1318.2	670.5
676.25	676.25
958.5925926	675.5555556
875.5135135	678.0810811
659.5	680.8
851.25	681.3928571
863	682
833.5	684.2222222
896	683.8
865	686.2105263
900.0952381	686.4285714
908.8125	688.375
1072.5	689
1307.166667	690.8333333
836.3333333	694.1111111
875.44	695.32
855.4444444	696.1388889
911	696
651	698
849.8333333	698
904.0470588	699.1882353
707.6666667	703.6666667
909.7931034	703.7586207
905.4137931	707.0689655
1016.333333	707
909.625	709.2083333
858.4	710.6
884.05	712.4
682.7	712.6
1281.888889	713.3333333
839.4262295	715.9508197
893.53125	714.8125
981.5333333	715.1333333
858.9122807	718.7894737
831	718
846.7368421	718.4210526
851	719
863.2352941	723.2941176
856.3846154	723.6153846
885.3478261	723.3478261
765.8181818	725.8636364
1266.090909	725.0909091
1305.956522	724.7391304
1311.125	724.9166667
888.05	726.25
860.5	728.5
805.8571429	729.9285714
950.6153846	732.6153846
1300.105263	735
1032.2	735.5
875.5	746.3333333
1306.666667	749.2380952
1307.105263	753.4210526
845.6153846	754.3846154
876.3	755.65
873.5	758.0714286
732.8461538	760
853.3888889	759.7222222
930.1666667	759.7777778
838.9	761.2
1207.703704	762.1851852
694.9736842	764.2631579
840.7222222	764.3888889
561.6521739	769.8782609
591.1666667	771.5
642.1	772.2
1160	774.6666667
647.972973	776.8918919
654.8333333	776.5
569.7692308	779.1153846
548.6	779.0666667
678.7222222	779.3333333
1308.888889	778.6666667
563.9642857	780.8035714
1012	780.5
946.8571429	781.8095238
946.1333333	786.4666667
560.875	788.125
579.3181818	789.3181818
837.9166667	788.9166667
556.4084507	791.0985915
570.9090909	790.5
867.0909091	791.9090909
553.7021277	797.106383
837.3529412	794.5294118
1101.894737	794.8684211
772.0666667	797.6
837	798.8
1321.529412	799.6470588
657.8461538	800.7692308
680.125	801.875
1320.384615	803.6153846
678.5294118	807.3529412
558.2835821	810.2238806
801.375	810.09375
1034.285714	810.5
796.5882353	812.7058824
553.2857143	815.0714286
622.08	814.56
558.4705882	816.8823529
945.4736842	818.8421053
759.2857143	819.5
1213.5	821.5
697.6315789	822.7894737
1002.653846	827.3076923
1331.153846	828.5384615
666.6363636	829.1363636
577	833.8846154
1002.115385	833.8076923
556.1785714	834.5357143
551.4210526	835.1578947
1334.75	837.1666667
551.0740741	841.1481481
1198.090909	839.6363636
1058.384615	840.6153846
705.7083333	846.625
1150	846.6666667
971.1538462	851.8076923
545.5	857
866.3	860.9166667
877.4444444	860.1111111
970.9285714	862.2142857
794.625	865.8125
1033.315789	867.4210526
975.5	870
1005.384615	869.6153846
1320.967742	870.2258065
1312.875	871.125
918.7647059	871.7647059
1295.233333	871.6666667
769.2	873.2
871.6190476	873.5238095
765.4	874.25
861.1290323	875.0322581
634.8644068	875.8135593
1004.384615	876.6153846
869.4666667	877.6666667
636.2142857	882.7142857
795.16	880.92
1033.785714	880.8214286
1002.958333	883.7083333
543.1578947	886.8421053
729.4375	887.25
1136.8	887
885.4411765	889.7647059
1002.791667	889
853.6060606	889.4090909
1343.95	892.1
849.7777778	896.6666667
1079.333333	895.8888889
875.9456522	896.5434783
727.5757576	899.030303
1080.791667	900.5833333
849.4444444	902.1666667
1079.564103	905.8717949
1084.3125	905.9375
823.3076923	910.2307692
834.3333333	910.75
739.7857143	912
745.88	913.56
1357.058824	913.8235294
839.2777778	915.0555556
1116.230769	920.3461538
718.7567568	921.1351351
990.5625	920.625
789.3030303	921.6969697
1200.733333	922.2666667
1226.285714	923.5
1209.153846	923.4230769
1289.357143	925.2857143
1283.823529	925.6470588
1362	925.5
1317.803279	928.9508197
1326.857143	929.0714286
848	930.2
1275.608696	930.5652174
1281.206897	929.3103448
1308.888889	929.7777778
1364.916667	930.1666667
1258.166667	931.3333333
1262.705882	931.2941176
1268	930.5
1304.25	930.65
1362	931
720.5	930.6111111
1297.5625	931.65625
722.1428571	934.6666667
1358.928571	934.8571429
1364.5	934.5
752	936
803.375	936.65625
913.9411765	937.4117647
1007.727273	937.5909091
1024.909091	936.1818182
1348.727273	938.5454545
1364.3	939.2
638.6896552	940.6896552
815.1515152	940.1515152
881.1944444	940.9722222
1360.705882	941.3529412
730.5	943.8
1366.142857	944.5
1255.5	947.5
1316.384615	947.5384615
1323.314815	949
1363.076923	949.0769231
1366.888889	950.5277778
730.6	955.6
1349.157895	957.3684211
1365.5	959
1370.166667	958.5
1146	960.5
732.5	960.5
1191.6	961.1
1354.146341	960.902439
1371.666667	966.75
705.5294118	966.8235294
1363.222222	965.7777778
1361.275862	971.2068966
1374.058824	971.3529412
1108.5	972.5
1159.305556	971.7222222
1366.814815	971.2962963
1369.756098	976.0243902
1376.09375	976.46875
1052.319149	978.106383
1276.55	976.65
902.3333333	977.8666667
522.6363636	979.4545455
527.125	979.875
895.9285714	980.6071429
1364.941176	980.7647059
1222.352941	982.5294118
1281.285714	981.5238095
632.5	982.5
1056.972973	983.3243243
1287.093023	983.372093
1362.153846	984.3846154
1366.6	984.4
628.3809524	984.8809524
1379.396552	986.7586207
533.9166667	989.3333333
1295.1	989.7333333
762.3611111	991.3333333
1374.454545	991.6363636
1055.464286	989.9464286
1383.533333	991.5777778
536.5	993.8
1379.333333	994.7083333
625.1428571	996
1084.769231	996.4230769
522.3636364	996.5
1057.625	997.4583333
1376	997.3461538
1384.1	997.05
1079.142857	998.4285714
1165.666667	998.1851852
623.2105263	999.6842105
541.3461538	1000.346154
1082.473684	1000.894737
530.3888889	1000.222222
1333.636364	1000.909091
1385.105263	1001.421053
1078.434783	1004.173913
1348.793103	1004.655172
1378.171053	1003.486842
535.9166667	1005.625
1342.619048	1005.571429
1372.177778	1007.088889
1384.095238	1005.666667
550.4615385	1011.307692
677.1666667	1010.583333
941.6	1011.44
681.25	1012.05
1283.285714	1011.5
842.5	1013.777778
922	1014.2
1290.225806	1014
1298.181818	1013.818182
1061.384615	1015.923077
791.9302326	1016.604651
551.1764706	1017.705882
712.4	1021.222222
706.8695652	1021.217391
944.5	1020.8125
1078.5	1021
918.7380952	1023
924.9846154	1022.046154
563.84	1023.04
746.5217391	1025.086957
787.2121212	1024.151515
1067.5	1025
720.85	1026.75
906.1111111	1027.333333
1056.272727	1027.5
715.4	1027.4
1275	1028.5
1095.787879	1030.151515
714.9230769	1030.769231
722.0869565	1030.26087
721.4444444	1033.888889
725.6190476	1032.333333
723.6666667	1036.875
1049.936709	1034.683544
1084.875	1042.5
1090.214286	1041.642857
932.5	1042.708333
1045.863636	1044.5
582.4583333	1047.791667
934.16	1047.08
1133.647059	1047.823529
871	1049
1083.147059	1049.441176
1130.428571	1050.190476
867.125	1053.55
1139.1875	1051.8125
956.5	1053.714286
1222.6	1053.7
1086.2	1055.35
1080	1056.356164
871.3030303	1067.424242
846	1067.5
523.3157895	1070.157895
891.2352941	1069.588235
1009.666667	1069.25
1169.5	1072.285714
529.2272727	1074.227273
1011.9375	1073.71875
1105.8	1076.5
515	1079.333333
681.625	1079.8125
869.4186047	1080.162791
1015.15	1078.15
537	1080.8
1259.5	1081
1284.357143	1081.714286
1294.5	1083.527778
511.2121212	1084.212121
798.5384615	1083.923077
844.6666667	1085.041667
1353.157895	1084.842105
867.6153846	1086.384615
724.25	1088.6
1018.266667	1088.666667
1363.857143	1090.071429
1048.588235	1090.411765
490.78125	1091.65625
479.6153846	1094.615385
900.95	1095.25
835.625	1095.75
697.2307692	1097.384615
1023.684211	1096.842105
1366.157895	1096.631579
469.8888889	1097.666667
1343.392857	1097.267857
458.875	1099
1359.969697	1098.424242
1374.354839	1097.806452
1353.242424	1100.242424
1326.5	1099.842105
1371.16129	1100.129032
464.6904762	1103.97619
688.1666667	1101.866667
723.0769231	1101.74359
1344.411765	1102.882353
697.296875	1102.953125
1329.209302	1104.651163
1334.892308	1101.046154
1362.603774	1103.490566
456.3333333	1104.75
1320.588235	1104.676471
1324.545455	1104.727273
1351.058824	1105.617647
682.3333333	1105.62963
1373.807692	1105.769231
717.7857143	1107.571429
1020.347826	1107.26087
1362.191489	1109.93617
1368.142857	1109.485714
688.4285714	1109.309524
922.3571429	1109.214286
1354.962963	1110.37037
1376.047619	1110.428571
469.4117647	1112.882353
718.6363636	1113.318182
1023.512821	1113.846154
1194.596154	1114.721154
1202	1113.257143
1372.545455	1113.181818
827.1509434	1114.716981
1365.125	1115.125
1378.333333	1116.333333
1321.294118	1116.176471
760.4482759	1119.275862
826.85	1120.7
961.5	1118.125
1028.083333	1117
1186.181818	1119.477273
1354.666667	1119.111111
1026.259259	1120.62963
1318.548387	1120.225806
336.36	1121.8
427	1122.5
605.7222222	1122.555556
329	1124
1312.384615	1123.615385
1307.555556	1125.5
1380.272727	1126.272727
354.9090909	1126.909091
1083.705882	1128
330.2777778	1129.166667
659.5	1129.769231
1379.105263	1130.421053
1125	1131.888889
325.7142857	1133.5
1282.4	1136.333333
1294.8	1135.6
525.6	1137.55
756.0909091	1136.954545
1290.9375	1137.8125
716.2333333	1137.133333
784.8888889	1137.888889
1158	1137.764706
1171.125	1137.6875
633.3157895	1138.421053
640.5	1139.5
521.9714286	1140.428571
782.9583333	1141.416667
963.6666667	1140.888889
688.125	1145.125
634	1147.5
510.8571429	1148.095238
840.5	1151.5
846.2222222	1152.166667
1010.176471	1152.470588
636.5	1153
654.6153846	1152.615385
1186.958333	1153.708333
1192.625	1154
949.2962963	1154.888889
687.5641026	1155.153846
680.8039216	1159.803922
636.875	1160.875
1007	1161.5
645.6315789	1162.473684
951.0806452	1164.290323
648.2	1164.7
651.8947368	1164.421053
666.0416667	1163.854167
682.3636364	1165.272727
1358.708333	1165.25
1093.944444	1167.166667
671.75	1169.375
1122	1167.564103
1370.125	1168.875
679.8823529	1169.411765
1106.375	1168.75
1352.677419	1169.935484
331.7142857	1171.5
675.8148148	1171.222222
1116.794872	1173.115385
724.1	1171.966667
931.4166667	1171.520833
996	1171.914286
1154.947368	1171.947368
561.25	1172.375
1088.611111	1172.722222
1128.92	1172.68
1346.736842	1172.842105
657.8695652	1174.826087
928.0769231	1175.423077
1097.615385	1174.692308
1135.23913	1174.26087
992	1178.157895
306.0909091	1178.363636
557.8297872	1179.404255
1087.818182	1179.909091
1123.846154	1180.076923
1112	1181.636364
1129.448276	1180.827586
319.35	1181.1
431.0588235	1180.941176
606.9285714	1182.857143
670.875	1183.125
1083.454545	1183.181818
1104.5	1183
1126.821429	1184.571429
648.7608696	1181.76087
675.7857143	1183.785714
1100.590909	1183.727273
1136.9	1183.8
557.1818182	1185.333333
644.125	1185.5
649.2580645	1188.096774
1159.09375	1184.25
475.5294118	1186.411765
551.9310345	1185.327586
679.1578947	1188.526316
630.9655172	1189.965517
654.4320988	1188.296296
430	1190.5
477	1191.142857
540.9393939	1191.151515
1102.641026	1190.410256
411.875	1193.5
428	1193.5
625.7058824	1194.235294
640.3768116	1192.695652
872.5185185	1193.888889
1218.965517	1193.793103
657.84375	1194.90625
1093.310345	1194.551724
545.6483516	1193.527473
1087.315789	1195.578947
1067.363636	1197.090909
638	1198.518519
908.64	1197.16
668.2045455	1199.5
903.7045455	1200.477273
911.2352941	1200.352941
925.5	1200.272727
1069.166667	1200.166667
423.5	1201.241379
545.862069	1201.034483
878.84375	1201.78125
418.3181818	1202.681818
678.05	1203.35
1047.407407	1203.407407
1353.111111	1204.333333
546.96	1205.64
418.6896552	1207.241379
1359.545455	1206.818182
659.7083333	1209.208333
382	1210.7
552.2941176	1210.705882
683.6153846	1211.153846
329.1	1212.2
416.9428571	1211.657143
1137.134615	1211.384615
1179.5	1212.5
1199.391304	1211.434783
1205.52	1213.48
555.0526316	1213.368421
332.0833333	1213.666667
378.95	1213.75
689.6470588	1214.980392
1352.409091	1215.636364
313.5	1220.5
501.1935484	1221.451613
689.8125	1220.375
1340.615385	1221.384615
1328.8	1221.9
876.8717949	1222.871795
1335.703704	1223.666667
1324.62963	1223.703704
290.1785714	1226.053571
993.5588235	1225.823529
1123.5	1227
915.5	1229
319.1724138	1231.551724
324.8095238	1231.142857
352.4666667	1231.133333
437.125	1231
402.1111111	1231.407407
910.88	1233.62
952.0909091	1234.363636
432.5769231	1235.076923
841	1235
1124.3	1236.15
310.9130435	1239.347826
853.4583333	1238.833333
450.8571429	1240.828571
953.875	1240.875
855.0789474	1243.473684
291.96	1244.24
915.1578947	1244.526316
857.9722222	1247.527778
1130.5	1248.285714
358.45	1248.8
880.5555556	1250
1152.5	1250.2
366.6521739	1250.652174
434	1251.2
958.8823529	1251.411765
1071.939394	1251.939394
301.1111111	1253.666667
307	1253.37037
946.36	1254.24
293.1666667	1254.444444
422.88	1256.08
1076.264706	1255.794118
931	1257.473684
952.975	1259.2
987.6086957	1259.086957
926.3157895	1260.184211
427.2307692	1261.846154
995.5925926	1263.555556
1324.4375	1262.375
292.125	1263.875
445.8571429	1265
944.7777778	1264.037037
1358.842105	1265.842105
947.2916667	1267.208333
1240.517241	1267.103448
1366.875	1267.125
442.6363636	1268.590909
295.5	1270
309.2142857	1270.428571
422.6176471	1269.794118
437.3076923	1270.641026
1033	1269.8
999.765625	1272.484375
815.5	1271.714286
939.3421053	1273.631579
644.1428571	1274.2
946.16	1272.42
416.4117647	1275.117647
425	1275.5
430.6451613	1274.516129
997.5714286	1277.785714
763	1279.375
768.1162791	1280.511628
1002.064516	1282.258065
347.5	1286.666667
688.9508197	1288.04918
1265.333333	1288.25
844.5	1291.5
829.8378378	1293.054054
935.5	1293.823529
944.88	1294.32
952.8666667	1292.416667
1023.157895	1294.157895
1270.333333	1293.666667
836.1	1295.05
724.6	1295.933333
886.7777778	1297.833333
953.137931	1298.137931
1375.413793	1298.068966
298.5925926	1299.518519
806.8030303	1299.5
929.9090909	1298.363636
675.2105263	1299.947368
955.7666667	1300.766667
1359.125	1300.125
958.8510638	1303.468085
430.3636364	1302.909091
669.8823529	1302.470588
590.9166667	1303.416667
674.6153846	1304.538462
942.3861386	1308.534653
949.1463415	1310.195122
300.7368421	1313.236842
306.4736842	1312.736842
715.4857143	1312.114286
744.3076923	1313.153846
1384.975	1312.375
940.6	1315.28
718.1794872	1316.974359
950.5263158	1315.894737
299.4117647	1317.882353
638.5384615	1317.846154
935.5862069	1317.37931
946.2121212	1318.393939
1379.722222	1320.111111
306.5	1319.5
940.7647059	1319.647059
1386.055556	1319.611111
642	1322.153846
741	1323.5
943.0740741	1322.962963
1333.5	1323.5
937.8888889	1324.333333
1004.722222	1324.027778
1375.333333	1324.777778
1369.411765	1325.117647
872.0714286	1327.285714
969.3333333	1327.25
628.2142857	1327.714286
671.1176471	1328.411765
625	1329
1272.7	1330.7
605.2777778	1331.611111
706.5	1333.5
1236.95	1332.7
624.0625	1333.125
619.2888889	1334.733333
890.5714286	1335.380952
1243.3	1334.7
1353.645161	1337.806452
1364.828571	1336.628571
738	1340.307692
1078	1341
1250.75	1341.4375
1274.941176	1340.941176
1035.5	1343
306.9047619	1343.047619
314.875	1343.8125
310.0714286	1346.142857
1294.2	1348.5
342	1350
833.2333333	1351.4
837.5	1353
550.75	1353.666667
643	1354.5
618.8333333	1355.5
1269.111111	1355.111111
343.125	1356.5
1046.972973	1355.864865
1273.470588	1355.882353
796.1052632	1359.736842
1277.411765	1359.882353
468.8095238	1361.047619
496.4117647	1361.882353
557.5	1362.5
817	1362.5
577.9090909	1363.636364
862	1364.2
1357.25	1363.95
865.8181818	1369.454545
964.0833333	1370.666667
964.173913	1374.782609
866.8	1376.5
1332.510204	1375.77551
322.7142857	1378.5
422.7142857	1377.5
1093.285714	1377.857143
1340.152542	1379.457627
1333.318182	1382.386364
1328.785714	1381.571429
890.7391304	1383.173913
1317.181818	1382.909091
669.6111111	1385
1327.148148	1385.666667
632.3050847	1386.016949
1162.636364	1386.090909
924.0444444	1388.811111
532.8076923	1390
626.7857143	1389.428571
764.9285714	1388.857143
1311.764706	1389.941176
1348.025	1390.8
634.7368421	1391.447368
736.5	1391.875
699.3846154	1394.384615
917	1394
928.2941176	1394.176471
1190.714286	1394.5
524.7254902	1394.156863
1010.6	1394.6
638.6176471	1397.264706
1177.611111	1396.722222
1340	1398.098039
1307.103093	1396.463918
1116.615385	1400.384615
1314.808511	1400.276596
387.6153846	1401.615385
1152	1401.826087
1148.7	1403.9
1305.278846	1404.567308
1295.142857	1406.357143
1039.448276	1406.396552
1118.68	1406.76
386.173913	1408
1066.956522	1407.695652
1153.038462	1408.076923
1193.384615	1408.384615
1157.916667	1409.125
1162.777778	1411.277778
453.2615385	1414.861538
433.1578947	1419.842105
540.5	1421.6
1077.166667	1421.238095
907.0909091	1423.909091
1134.125	1426.875
892.0588235	1428.764706
1014.12963	1429.740741
622.1666667	1431.555556
821.5862069	1430.655172
892.9411765	1432.058824
1243.125	1434.333333
626.5	1433.5
1228.206897	1438.448276
1018.4	1439.3
354.7	1442.766667
1303.125	1443.125
1307	1443.210526
1226.192308	1444.538462
462.7333333	1444.2
649.8	1445.5
458.875	1447.6875
455.45	1450.3
973.1785714	1451.214286
959.8461538	1451.538462
1013	1456.888889
1302.882353	1456.176471
928.7058824	1455.764706
930.2857143	1459.952381
483.3970588	1463.191176
1299	1463.368421
388.3	1463.6
565.1904762	1464.142857
928.6842105	1464.684211
1279.888889	1464.666667
395.5	1467.8
280.2162162	1471.081081
1251.111111	1470.666667
1292.579439	1473.635514
236.8461538	1473.538462
454.44	1474.88
1100.625	1474.59375
427.4117647	1476.882353
875.5	1477.5
635.6428571	1477.785714
219.5	1478.714286
651.1612903	1480.580645
803.5357143	1481.571429
1288.2	1481.25
1212.846154	1485.230769
1292.133333	1486.6
1253.714286	1487.5
1284.466667	1488.066667
207	1490.862069
1051.315789	1491.842105
1216.52	1492.12
1285.150685	1493.438356
177.2413793	1492.793103
169.7096774	1495
1277.115385	1496.076923
440.3846154	1496.615385
1121.8	1497.85
1130.895522	1498.313433
1223.0625	1500.3125
1263.52381	1498.904762
1285.071429	1499.261905
183.0454545	1501.454545
1116.48	1502
1242.68	1501.8
1282.181818	1502.5
1109.294118	1502.882353
1226.634921	1503.333333
1259.028571	1503.057143
1264.258065	1503.580645
392.6315789	1505.473684
1219.210526	1505.315789
1247.186441	1504.220339
1279.518519	1506.148148
1042.106383	1507.042553
551.8	1507.5
1274.671429	1509.485714
1261.153846	1511.230769
421.05	1511.65
413.6190476	1514.428571
166.125	1514.875
545.4210526	1517.105263
938.15625	1516.4375
1037.02381	1517.952381
280.25	1519.416667
1269.590909	1519.363636
471.8461538	1520.871795
621	1522
1272.947368	1522.473684
921	1523.307692
281.6428571	1523.785714
513	1526.428571
808.1764706	1525.823529
1144.16	1526.08
1135.619048	1527.333333
454.4090909	1527.727273
804.84	1528.72
799.826087	1529.23913
1194.341463	1530.707317
1237.882353	1531.411765
1276.433333	1531.766667
807.5454545	1534.363636
506.1111111	1534
799.5	1535
197	1536.931034
592.4473684	1538.026316
205.9285714	1541.196429
799.9230769	1541.153846
1076.333333	1541.466667
150.1052632	1544
590.6666667	1543.333333
215.2708333	1547
642	1547.326087
622.7142857	1546.285714
1010.8	1546.6
936.5	1547.714286
621.9655172	1550.37931
430.75	1551.388889
148.4090909	1552.227273
864.9230769	1554.115385
492.5	1554.5
571.5	1554.714286
601.7142857	1557.5
805.7894737	1557.947368
1102	1557.5
141.972973	1558.972973
811.1111111	1558.888889
867.7142857	1559.214286
136.4242424	1562.666667
142.2857143	1565
637.0434783	1565.086957
916.4	1566.933333
920.375	1569.416667
137.2631579	1572.780702
290.4117647	1572.882353
617.2727273	1573.181818
342.92	1576.08
372.85	1577.25
965.2777778	1578.111111
1217.363636	1579.090909
130.3170732	1580.02439
576.5	1579.409091
594.0666667	1580.2
1222	1580.157895
141.9047619	1581.571429
372.125	1581.9375
376.4603175	1581.555556
1004.875	1582.125
128.6	1584
1083.4375	1583.625
1233	1584.333333
573.8823529	1585
1008.615385	1585.384615
1091.777778	1584.5
925.3703704	1586
571.4761905	1588
581.4146341	1586.329268
1060.842105	1586
136.212766	1586.297872
583.6451613	1590.709677
131.6551724	1588.034483
567.8684211	1589.789474
666	1588.5
996.3076923	1589
563	1590.414634
575.1481481	1591.444444
296.2352941	1592.941176
441.5789474	1592.578947
1201.384615	1594.384615
581.7391304	1594.934783
566.1521739	1598.48913
133.78125	1597.765625
574.4893617	1596.893617
1204.181818	1598.545455
867.5	1604.714286
128.9473684	1605.631579
286.5	1607
601.9	1606.05
600.9375	1609.875
1019.5	1609.714286
752.2727273	1614.5
510.6538462	1616.346154
843.3529412	1618.529412
208.1333333	1620.533333
201.6491228	1625
307.375	1624.375
206.8571429	1625.964286
304.3461538	1627.942308
218.7916667	1628.333333
751.1153846	1628.846154
953.3846154	1629.384615
700.9090909	1629.363636
1111.818182	1632.5
751.84	1634.2
955.05	1634.9
113.2121212	1637.30303
670.8095238	1637.952381
752.3684211	1638.736842
1224	1641.4375
816.575	1641.4
1045.5	1640.8125
834.1875	1642
1228.4	1641.6
109	1643.166667
272.8846154	1644
1049.166667	1644.208333
1238.368421	1646.210526
1218.875	1648.875
1237.642857	1649.642857
1227.9375	1651.3125
1243.529412	1651.117647
1268.2	1652.5
407.7826087	1656.217391
787.962963	1656.518519
621.6666667	1661.333333
619.8823529	1663.676471
107.9	1663.5
978.5217391	1666.130435
435.0909091	1665.636364
615.6764706	1666.294118
611.5	1667.9
630.5217391	1665.847826
1119.28125	1667.03125
233.7407407	1668.888889
435.8461538	1669.538462
227.5142857	1669.885714
602	1670
606.3214286	1670
1114.913043	1670.282609
619.5	1671.285714
634.6071429	1671.071429
1122.74359	1671.589744
100	1673.1875
103.2105263	1673.947368
697.2465753	1675.465753
894.6363636	1678.090909
898.8076923	1677.346154
166.9230769	1679.615385
170.5	1680
322.875	1680.5625
344.6315789	1679.421053
342.8333333	1683.166667
1070.714286	1684.380952
97.76271186	1683.830508
349.0769231	1684.134615
475.1666667	1686
1085.645161	1686.16129
109.0697674	1687.55814
576.5	1691.5
1122.923077	1692.692308
279.7692308	1692.615385
1266.090909	1692.636364
1268.4	1694.4
96.61538462	1696.384615
1084.629032	1696.225806
824.8108108	1699.108108
628.4571429	1700.971429
91.78947368	1702.052632
1020.16	1703.08
1081.6	1703.933333
442.3571429	1703.785714
93.66666667	1709
1034.75	1708.75
89.4	1710.4
452.1428571	1712.071429
515.5	1711.5
1019.428571	1711.75
1074.636364	1711.818182
1082.941176	1711
1127.818182	1711.136364
715.6538462	1713.346154
865.9473684	1712.789474
1088.52	1712.68
667.8823529	1716.588235
1150.75	1716.645833
1166.05	1717.1
868.6571429	1718.285714
1081.7	1719.7
187.2352941	1721.882353
493.6818182	1722.363636
88.125	1724.125
234.09375	1724.0625
1111.228571	1723.914286
302	1728
85.76470588	1728.058824
297.1052632	1730.289474
293.5	1732.7
686.6153846	1733.384615
694.3846154	1732.615385
587.5	1734
1034.59375	1735.59375
83.04166667	1735.291667
682.44	1737.44
1111.576923	1738.769231
208.5	1739.8
1078.913043	1740.217391
327.7924528	1745.622642
674.6666667	1746.4
80.81818182	1748.181818
1030.147059	1749.764706
837.875	1752.85
751.4047619	1758.880952
536.4210526	1758.894737
1050.5	1759.28125
1278.2	1763.5
1275	1763.5
532.3333333	1765
552.7142857	1766.5
881.65	1765.4
751.4444444	1767.666667
1071.882353	1768.411765
407.4565217	1769.043478
773	1772.236842
617.5	1778.8
430.7413793	1780.62069
119.3333333	1782.25
490.3333333	1781.933333
351.3428571	1783.228571
614	1782.8
196.5	1785
425.6470588	1783.529412
989.7333333	1784.666667
608.1666667	1787.5
430.96	1787.56
836.0606061	1789.727273
293.3658537	1790.121951
1005.615385	1790.615385
1208.428571	1790.571429
197.4	1794.066667
973.5333333	1793.666667
919.4166667	1795.166667
1268.861111	1795.138889
330	1796.333333
333.7555556	1798.844444
924.6363636	1798.909091
1064.785714	1799.714286
1007.608696	1799.304348
201.6857143	1799.942857
148.1875	1802.6875
1250.804878	1804.731707
329.6153846	1805.384615
693.0645161	1805.967742
99.05	1806.8
354.4590164	1806.786885
77.8	1807.885714
532.8333333	1807.875
653.375	1808.25
83.95	1809.45
91.3902439	1808.97561
355.2	1811.133333
1068.692308	1807.846154
360.5813953	1810.44186
105.9354839	1810.870968
1069.882353	1811.647059
125.76	1811.36
350.3928571	1811.357143
121.3	1813.2
860.0526316	1813.789474
102.5384615	1814.153846
346.6530612	1814.204082
358.0588235	1815.764706
117.85	1814.95
188.8421053	1815.315789
690.5862069	1814.517241
108.5862069	1816.137931
113.7142857	1815.928571
353.1632653	1817.755102
814.9375	1816.25
194.5	1818.8
1137.636364	1818.909091
776.2894737	1820.473684
875.8947368	1821.105263
879.0243902	1828.804878
1220.777778	1832.5
910.3191489	1832.234043
871.5	1835.8
64	1837
1225.111111	1838.407407
171.9473684	1839.263158
871.9090909	1841.636364
93.36842105	1842.473684
176.0689655	1843.37931
807.6666667	1846.703704
81.81666667	1848.283333
1051.5	1852.8
1143.821429	1852.035714
1102.75	1854.5625
63.00724638	1853.485507
344.1538462	1855.269231
950.4615385	1858.5
1105	1858.272727
522	1860.2
1099.473684	1859.157895
1109.580645	1861.129032
510.6896552	1861
1105.2	1863.3
515.5	1863.208333
951.5	1864.769231
60.94444444	1867.5
519.65625	1867.375
57.79487179	1872.153846
845.3888889	1870.777778
880.9090909	1870.636364
949.6363636	1871.969697
522.1764706	1871.647059
849.3333333	1871.5
510.6190476	1873.428571
392.4565217	1876.282609
519.5	1875
582.5769231	1875.769231
516.1904762	1878.238095
497.2142857	1878.857143
503.8	1878.8
491.9791667	1881.375
115.9230769	1883.307692
1035.5	1883.5
658.4117647	1884.117647
1083	1884
483.2916667	1885.041667
486.9166667	1885.166667
856.3333333	1885.111111
1172.5	1884.5
126.6190476	1886.714286
56.05	1888.775
109.6470588	1887.803922
120.6410256	1887.589744
1086.589744	1888.333333
1132.19403	1886.970149
97.18181818	1888.772727
892.5	1888.5
1174.368421	1890.526316
1179.333333	1891.083333
702.6153846	1892.615385
1089.387097	1892.806452
838.68	1893.88
342.8333333	1895.5
345.6111111	1897.055556
843.0625	1895.25
1137.527778	1895.861111
561.4666667	1897.866667
1130.695652	1897.086957
879.5925926	1899.37037
513.8823529	1901.294118
346.5405405	1903.513514
517.2857143	1902.52381
349.59375	1907.5
569	1907.5
322.6666667	1907.8
890.1052632	1908.578947
351.2272727	1911
323.09375	1912.28125
904.5	1912.5
214.8333333	1912.916667
889.8571429	1913.5
1131.532609	1915.282609
509.1428571	1914.857143
815.0769231	1914.692308
1081.5	1915.5
1273.190476	1916.428571
587.56	1917.6
1174.111111	1917.481481
320.6382979	1919.191489
1142.087719	1919.315789
862	1922.166667
1011.787879	1921.484848
1249.615385	1924.769231
50.61538462	1925.615385
319.5818182	1926.545455
371.5454545	1926.363636
1041.875	1926.125
1242.961538	1927.884615
1100.28	1928.68
876.4375	1929.75
990.5714286	1931.380952
320.2692308	1933.076923
1223.052632	1933.368421
1028.142857	1934.357143
362.88	1935.56
316.8787879	1937.121212
547.5	1936.5
903.8275862	1936.103448
1106.083333	1936.25
399.9736842	1938.105263
404.8484848	1938.757576
457.5238095	1937.857143
927	1938
448.8958333	1939.520833
565.7272727	1941.568182
1085.636364	1942.090909
49.43478261	1942.26087
1063.653846	1942.653846
1111.576923	1943.346154
933.8888889	1944.111111
355.5833333	1944.75
560.4444444	1944.555556
351.9230769	1946.846154
452.9298246	1945.105263
1105.636364	1947.5
317.3181818	1947.727273
355.5	1947.8
557.372093	1948.325581
783.5862069	1951.482759
316.5625	1952.5625
351.0967742	1953.548387
871.3478261	1954.608696
968.9833333	1953.166667
658.48	1956
453.3529412	1957.411765
571.5	1957.5
317.5	1957.1
839.3333333	1958.583333
456.6333333	1959.5
800.6	1959.16
974.0983607	1959.065574
1235.3	1961.6
317.7727273	1962.613636
572.88	1962.8
699.2857143	1962.5
982.3783784	1963
803.7258065	1964.080645
1151.176471	1964.529412
1282.970588	1964.294118
1096.695652	1964.826087
392.5833333	1966.444444
280.2631579	1966.105263
314.3793103	1967.241379
863.7727273	1969.181818
317.09375	1970.625
921.7777778	1970.37037
995	1971
1051.625	1969.892857
432.4888889	1972.955556
916.0645161	1973.903226
309.0555556	1974.833333
312.1891892	1977.513514
998.8	1974.5
838.7142857	1976.380952
631.5	1978
432.6363636	1978.909091
840.6086957	1980.565217
842.5	1984.777778
357.0277778	1990.055556
590.84	1987.96
919.75	1988.583333
398	1989.8
845	1990.166667
928.8888889	1991.666667
1006.349206	1992.015873
899.75	1993.55
1013.612903	1993.741935
1010.212121	1998.272727
1017.928571	1995.464286
1099.52381	1998.880952
1106.092593	1998.648148
712.2857143	1999.5
913.7142857	2004.5
968.5	2003.714286
1260.058824	2006.647059
234.4166667	2008.25
508.5416667	2009.375
1208.066667	2009.266667
238.3333333	2010.466667
504.3846154	2010.538462
970.1176471	2009.588235
750.2317073	2008.402439
755.9565217	2015.550725
382.5675676	2011.756757
509.1	2013.2
506.8125	2014.625
465.7857143	2015.928571
1068.157895	2016.263158
751.0416667	2016.541667
278.6	2017.8
674.1111111	2019.666667
421.5	2029.5
857.5	2030
146	2030.875
825.8571429	2032.142857
960.7333333	2037.066667
478.5	2037.5
926.3333333	2039.888889
959	2040
66.875	2040.6875
571.7333333	2040
62.10344828	2043.344828
1281.55	2042.65
809.1428571	2044.857143
329.3846154	2047.384615
563.027027	2045.418919
1287.969697	2047.030303
182.7241379	2047.62069
575.25	2047.703125
569.5	2046.833333
186.8181818	2050.772727
722.2	2051.5
1286.357143	2051.714286
565.8857143	2053.714286
595.6578947	2052.763158
1265.176471	2053.235294
287.7826087	2055.130435
590.5384615	2055.576923
1269.2	2055.4
756.0526316	2055.421053
1140.411765	2055.607843
1147.105263	2055.894737
575.2524272	2056.349515
1128.578947	2057.578947
1133	2056.714286
288.7083333	2059.375
563.4146341	2058.780488
881.5185185	2058.62963
1124.666667	2059.190476
560.2	2064.377778
880.5	2064.5
375.5882353	2065.411765
432	2064.5
567.78125	2064.078125
654.05	2067.975
661.3043478	2067.826087
378.8421053	2069
556.78125	2069.21875
916.9473684	2069.052632
375.125	2069.875
398.5	2070
563	2069.466667
106.969697	2071.787879
403.5714286	2070.321429
658.0222222	2073.111111
291.6923077	2073
512.0952381	2073.619048
557.2	2074.066667
876.6153846	2074.538462
561.6	2074.733333
918.5	2075.475
922.5333333	2074.666667
663.2857143	2075.5
96.2745098	2078.470588
515.5	2078
557.7931034	2080.517241
924.71875	2084.90625
954.0833333	2083.833333
563.2	2084.9
1083.5	2084.5
875.9130435	2085.565217
560.4333333	2087.433333
1099	2090
713.8823529	2093.823529
1309.033333	2094.833333
229.4285714	2097.428571
1313.916667	2097.166667
930.6363636	2100.909091
86.775	2104.775
401.3428571	2103.942857
941	2107.5
1020	2107.5
262.9565217	2111.608696
1313.903226	2110.365591
873.4375	2113.375
893.3555556	2113.266667
1236.869565	2112.73913
306	2113.5
983.7575758	2116.242424
1306.765957	2119.148936
1314.5	2118.321429
325.5555556	2121.333333
826.8421053	2122.263158
821.8095238	2123.095238
1315.190476	2122.47619
396.5	2124.875
264.8615385	2125.215385
392.3076923	2125.461538
705.1176471	2125.470588
1307.461538	2127
700.4333333	2127.166667
828.4545455	2127.227273
832.5555556	2126.833333
877.8181818	2126.575758
310.9090909	2129.5
710.575	2127.575
815.1	2129.366667
1311.872093	2128.697674
430.3684211	2131.947368
642.7894737	2130.842105
705.2926829	2131.02439
307	2132
819.8235294	2131.764706
836.275	2130.975
1306.214286	2133.285714
941.1538462	2133.461538
990.6	2134.7
428.2608696	2135.956522
713.3673469	2136.489796
838.6111111	2137.277778
197	2136.78125
703.2857143	2138.714286
820.3571429	2137.607143
247.0967742	2139.387097
827.40625	2139.375
1173.454545	2138.363636
311.6041667	2141.9375
193	2141.5
347.9268293	2140.95122
951.2	2142
496.515625	2140.359375
1269.5	2143
1311.239669	2140.966942
500.7727273	2144.681818
592.5	2145
716.7777778	2144.933333
1156.5	2145
708.8285714	2147.371429
181.5	2148
1307	2148.022727
322.6153846	2149.384615
285.6060606	2151.545455
1310.444444	2151.833333
1303.5	2153
271.1	2153.933333
102	2156.2
377.1428571	2158.357143
742.2	2158.7
417.3548387	2160.935484
1309.841379	2160.055172
741.95	2163.1
517.2727273	2164.272727
1309.468085	2168.255319
1148.741935	2165.677419
371.7142857	2169.428571
1004.5	2170.222222
665.2962963	2172.111111
1058.25	2173.75
1311.958333	2173.291667
1307.71831	2176.591549
522.4	2176.4
1050.640625	2175.265625
840.25	2177.583333
1060.636364	2178.090909
566.4	2179.6
700.4166667	2180.166667
843.5714286	2179.619048
557.0909091	2180.818182
116.6153846	2182.384615
1062.818182	2182.636364
1124.803279	2183.229508
783.6	2184.6
840.4210526	2183.973684
1189.285714	2185.047619
131.3636364	2186.090909
1307.756098	2185.902439
769.1176471	2187.705882
920.2608696	2185.304348
1130.255814	2188.534884
775.4090909	2184.431818
131.3333333	2191.833333
1304.090909	2193.909091
1309.768116	2193.942029
93.91666667	2195.166667
291	2195.5
650	2194.5
772.1677019	2198.850932
1114.117647	2195.411765
573.5454545	2197.363636
837	2196.630769
133.875	2197.5625
140.2916667	2198.666667
1218.5	2199
442.5	2200.2
692.15625	2200.09375
267.4878049	2201.878049
608.2258065	2199.483871
613.5	2201
925.1578947	2201.157895
1308.5625	2201.125
1285.647059	2200.823529
780.0227273	2201.079545
943.5333333	2202.666667
1225.566667	2202.8
1311.5625	2203.375
433.4	2203.7
660.0666667	2204.4
441.6	2206.55
1084.117647	2208.294118
436.7391304	2209.130435
299.5	2212.285714
1003.291667	2212.791667
1145.5	2212.5
441.5384615	2213.153846
922.4285714	2216.380952
1200.324324	2216.162162
992.2352941	2218.058824
1114.125	2218.125
710	2221
894.4545455	2223.181818
976.7222222	2225.888889
700.4615385	2226.615385
773.2	2227.5
1283.157895	2228.842105
705.96875	2228.71875
867.4545455	2230.363636
999.6666667	2234.111111
434.5	2235.5
1003.363636	2234.909091
1065.666667	2238.111111
1035.352941	2239.705882
950.7058824	2239.764706
865.1176471	2243.470588
1092.183673	2244.632653
1126.393939	2244.848485
861.875	2248.875
1024.8	2249.5
1131.576923	2249.038462
532	2250.307692
1167.75	2249.6
1173	2251
923.3333333	2252.777778
529.875	2253.125
577.9166667	2252.333333
688.6829268	2253.512195
681.6666667	2255.142857
861.6	2257.92
385.9090909	2260.636364
1007.166667	2261.333333
1100.5	2260.5
958.9142857	2263.685714
600.875	2265.125
462.5	2266.5
608.6969697	2266.393939
923.2	2263.1
860.7058824	2268.647059
1284.32	2268.08
605.9230769	2270.205128
92.3125	2268.6875
436.3846154	2270.384615
87.48484848	2271.575758
972.0769231	2271.807692
1109.460526	2273.5
860.8222222	2276.4
470.5	2276.5
603.5333333	2276.866667
954.5555556	2276.777778
243.8	2280
738.6666667	2283.266667
860.7647059	2284.058824
602.1818182	2286.090909
398.1538462	2287.153846
599.2380952	2290.47619
738.3333333	2291
506.7	2291.8
779.5	2293
790.75	2293.25
1296.947368	2292.684211
401.9137931	2293.724138
492.8387097	2295.451613
733.6538462	2295.807692
767.5882353	2296.882353
782.8235294	2296.882353
1303.232558	2298.290698
1310.659794	2298.257732
494.173913	2299.565217
790.3913043	2299.478261
796.9583333	2299.666667
1256.121212	2298.30303
730.5238095	2299.714286
1106.5	2300.272727
735.5454545	2301.590909
1298.65625	2302.739583
732.6470588	2304.294118
795.36	2304.16
801.4814815	2304.222222
1018	2304.5
805.8333333	2307.694444
809.8695652	2305.043478
1258	2306.5
727.1111111	2308.555556
735.5384615	2308.076923
991.9047619	2308.071429
811.5666667	2309.8
1308.676471	2309.941176
1315.481928	2311.831325
901.9090909	2309.636364
1198.222222	2310.055556
1280.05	2309.9
1304.52381	2311.142857
725.1428571	2312.071429
454.1621622	2315.324324
735.2068966	2314.586207
1299.920455	2315.818182
1307.904762	2315.285714
955.5	2317
727.7608696	2319.565217
178.5263158	2320.736842
578.9411765	2319.705882
1284.444444	2321.444444
976.5	2323.5
738.2777778	2323.166667
176	2324.8
582.88	2324
588.1333333	2324.5
730.2857143	2325.571429
582.1304348	2330.217391
589.88	2330.68
874.6818182	2331.681818
262.6	2333.08
243.6969697	2333.606061
588.85	2334.25
249.3478261	2335
256.2340426	2335.446809
1145.464286	2334.964286
214.5238095	2337.857143
223.3529412	2337.470588
266.9459459	2337.945946
302.5	2337.5
337.1176471	2338.294118
782.5	2338
272.2857143	2341.964286
796	2340
1194.935484	2340.870968
332.5306122	2341.877551
276.0606061	2345.242424
280.7368421	2346.368421
658.125	2346.125
204.6666667	2347.137255
1106.842105	2352.157895
195.05	2354.25
1146.157895	2356.684211
1203.8	2358
1210.5	2360.285714
1259.153846	2362
814.625	2365.75
1163.086957	2365.347826
1282.166667	2366.472222
274.96	2368.12
1260.642857	2367.785714
1277.272727	2369.863636
1274.869565	2373.782609
1119.869565	2377.434783
326.2222222	2378.333333
1317.636364	2378.090909
128.8823529	2379.588235
899.5	2380.5
1294.055556	2379.611111
1263.956522	2382.73913
1138.058824	2384.117647
1268.125	2384
1289.170732	2384.268293
476.5833333	2385.611111
113.4444444	2386.666667
481.5	2387.363636
1275.52381	2387.904762
1145.5	2387.666667
157.4117647	2389.117647
1280.619048	2389.428571
1074.263158	2391.684211
473.9574468	2390.893617
481.5121951	2392.195122
153.8823529	2392.588235
433.8888889	2394.222222
1271.666667	2393.266667
593.0454545	2394.727273
486.78125	2396.78125
1150	2394.4375
471.9189189	2396.486486
1275.466667	2397.333333
1264.380952	2398.261905
403.5	2398.5
1250.521739	2398.130435
472.7288136	2402.79661
488.6666667	2402.875
1249.26087	2403.652174
446.3043478	2404
1148	2404.210526
1137.090909	2404.727273
453.5238095	2406.952381
547.5	2406.285714
1219.52381	2406.238095
141.2580645	2408.612903
446.7142857	2409.357143
468.6	2410.55
109.0555556	2411.222222
610	2411.5
724.3888889	2413.861111
1280.590909	2413.772727
1181.606061	2418.242424
464.1666667	2418.833333
982.12	2419.24
435.6470588	2420.058824
350.3571429	2420.035714
219.9310345	2422.068966
351.375	2424.5625
966.7826087	2423.695652
461.7804878	2424.780488
832.4117647	2425.882353
1126.684211	2425.631579
458.1111111	2429.277778
1161.714286	2429.5
418.8333333	2430.666667
952.2105263	2432.052632
575.6666667	2432.75
1262.69697	2435.242424
922.8	2436
1120.588235	2438.117647
454.9333333	2439.333333
1214.875	2440.125
478.75	2441.083333
1277.786885	2442.491803
926.6190476	2442.428571
1228.111111	2442.666667
451.5	2444
1191.545455	2447.272727
448.8181818	2449.454545
283.047619	2452.666667
409.4	2452.2
447.7692308	2454.384615
870.3636364	2455.545455
868.3888889	2461.277778
1234.125	2461.875
1226.5	2463
1068.9	2466.45
1070.6	2470.133333
900.5	2470.8
988	2478.363636
744.3571429	2481.821429
758.7058824	2481.705882
343.2727273	2487.745455
804.6	2487.933333
161.6666667	2491
1055.636364	2492.909091
176.4545455	2493.636364
904.7272727	2495.181818
1059.736842	2495.157895
169.2702703	2498.837838
1236.607143	2498.553571
237.75	2498.95
1222.619048	2498.714286
1165.555556	2503.888889
858.8888889	2505.666667
168.0909091	2508.363636
174	2509
827.5	2510.5
1223.539683	2508.825397
1191.5	2513
1228.636364	2515.090909
1181.5	2516.5
1214.382353	2516.470588
177.862069	2518.068966
1219.214286	2517.5
1120.181818	2518.969697
184.2923077	2521.661538
210.5	2521
348.3684211	2521.052632
1200.583333	2522.083333
1197.411765	2524.117647
286.8461538	2524.461538
863.9565217	2526.478261
1107.2	2525.7
1180.666667	2526
178.8571429	2526.642857
210.2380952	2527.571429
282.6	2527
818.875	2526.875
822.2	2526.5
825.6	2527.4
888.875	2528.875
187.3333333	2529.5
239.6944444	2530.222222
1110.436364	2532.218182
181.5454545	2533.363636
284.325	2533.1
823.4310345	2534.068966
818.7272727	2536.818182
181.125	2537.125
185.2	2538.5
189.125	2539.125
828.6666667	2537.719298
1111.659091	2539.363636
1103.695652	2540.347826
178.9642857	2540.571429
182.9285714	2541.857143
1116.25	2543.75
1193.730769	2542.307692
1199.923077	2542.24359
829.6666667	2544.666667
826.28125	2547.75
193.2727273	2548.272727
205.6363636	2547.022727
1148.709677	2549.516129
181	2549.909091
185.6875	2549.8125
330.1333333	2550.2
657.6756757	2553.432432
178.7246377	2556.333333
195.5	2553.5
1156.266667	2553.966667
827	2554.5
657.7090909	2560.127273
662.6785714	2558.5
1160.6	2561.3
205.2222222	2562.555556
303.1	2563.5
742.6153846	2562.615385
856.5	2563.666667
178.2857143	2565.52381
620.3333333	2565.25
1172.322581	2564.258065
852.4615385	2566.230769
1158.709677	2566.548387
191	2569.5
1165.897436	2569.538462
188.1818182	2573
610.8955224	2572.925373
1161.68	2574.32
194	2575
181.6296296	2575.592593
612.8	2577.44
1094.785714	2578.214286
1187.105263	2580.157895
485.3066667	2585.826667
611.75	2584.666667
187.3	2585.7
416.5	2586
1184.333333	2586.377778
705.4	2587.95
1188.5	2589.125
709.3157895	2590.315789
705.8333333	2592.166667
190.0232558	2592.186047
195.64	2592.4
971.4285714	2592.828571
705.3846154	2595.230769
946.2272727	2595.545455
1049.965517	2596.241379
190.9411765	2597.764706
629.7647059	2599.529412
1158.352941	2600
448	2602
634.25	2611.035714
786	2611.428571
1174.884615	2611.961538
630.4	2612.866667
631.76	2616.96
854.2	2616.7
1127.888889	2617.666667
512.1111111	2621.333333
874.125	2624.875
1118.829268	2624.121951
1127.857143	2628.238095
376.5348837	2629.697674
1097.730769	2628.576923
344.6363636	2632.545455
369.1666667	2632
1005.714286	2648.714286
674.2708333	2647.166667
670.2916667	2651.208333
393.4090909	2651.045455
1003.45	2655.15
801.875	2657.0625
1002.27907	2660.627907
416.9166667	2661.166667
240.88	2661.52
243.8888889	2663.666667
785.3	2663.2
279.9545455	2665.090909
417.1875	2665.375
285.2777778	2665.666667
291.25	2665.55
1058.052632	2665.789474
1062.882353	2665.411765
1155.033333	2665.4
233.5263158	2667.105263
1070.846154	2666.653846
1080.921053	2667.894737
1019.5	2668.5
420.4545455	2669.363636
1052.25	2668.6
784.3684211	2669.578947
718.047619	2672.380952
1162.222222	2672.666667
240.1612903	2674.677419
717.09375	2677.0625
578.7222222	2678.111111
245.0869565	2682.608696
318.8	2683.633333
568.8125	2684.1875
1182.125	2684.875
231.3636364	2684.590909
274.5	2685.777778
516.7777778	2686.095238
533.7317073	2684.987805
558	2687.307692
1176.511111	2686.266667
245.7391304	2688.043478
542.1111111	2687.666667
577.2222222	2687.555556
315.5625	2688.0625
525.48	2687.5
1180.217391	2689.043478
312.375	2690
932.0333333	2690.6
1143.36	2689.52
510.75	2690.75
530.7586207	2691.586207
960.68	2692.16
524.375	2692.975
457.5	2696
531.9166667	2696.666667
582.4018692	2696.028037
527.2432432	2698.108108
984.7857143	2698.357143
467.6666667	2698.888889
486.2758621	2701.655172
1184.761905	2702.190476
1190.477273	2704.863636
987.5	2703.388889
524.03125	2702.6875
992.6666667	2703.814815
1187.769231	2706.076923
513.9642857	2704.428571
707.5483871	2705.193548
983.8	2705
1029.3	2704.8
549	2706
527.8461538	2706.538462
520.0775862	2710.37931
367.6666667	2709.266667
655.6	2709.6
253.7	2710
954	2709.666667
1032.162162	2709.72973
1175.931034	2710.37931
373.7058824	2712.705882
526.2222222	2713.333333
605	2713
926.3333333	2714.166667
629.5185185	2716.481481
968	2716.481481
1177.727273	2715.954545
257.4	2716.42
547.6	2717.4
990.5333333	2716.866667
1186.368421	2716.789474
513.7659574	2716
524.4583333	2717.333333
819.4	2717.95
517.8888889	2718.444444
1174.086957	2719.217391
527.1111111	2719.666667
533.0666667	2719.666667
519.3809524	2721.904762
993.2083333	2721.291667
1181.975	2721.625
512.8474576	2726.09322
1175.9375	2723.25
975.1590909	2724.454545
522.0714286	2724.714286
982.5897436	2724.589744
263	2726
274.0714286	2726.892857
431.1904762	2728.857143
542.5625	2727.333333
995.4545455	2729.181818
522.1428571	2731.238095
608.5	2729.5
536	2730.681818
916.5	2731.5
1143.708333	2732.041667
264.4571429	2732.171429
1148.133333	2733.533333
531.6923077	2734.730769
953.5	2735.5
523.5	2736.666667
1196.045455	2738.090909
537.6086957	2738.782609
335.173913	2741
568.0666667	2741.066667
525.4347826	2742.086957
962	2742.5
1172.818182	2742.409091
456.8125	2745.3125
524.3846154	2746.461538
973.6363636	2746.090909
536.5306122	2748.408163
593.2619048	2746.666667
683.5	2748.5
970.5	2749.285714
1101.878049	2749.536585
1115.2	2750.266667
1122.055556	2750.055556
267.5882353	2752.117647
716.04	2752.24
1127	2752.08
1152.818182	2751.818182
523.7777778	2752.733333
680.6666667	2754.111111
899.5	2755
1172.4	2756.4
525.969697	2758.515152
1177.592593	2757.481481
794.0769231	2758.307692
350.8421053	2758.842105
304	2760.631579
677.6	2760.6
968.95	2761.25
1179	2762
674	2762.5
1182.090909	2762.636364
1186.190476	2763.095238
444.9333333	2762.866667
295.5	2765.625
677.5	2764.5
971	2765.5
715	2768
678.0857143	2769.571429
1022.052632	2770.421053
542.1428571	2770.857143
892.7777778	2771.5
711.2666667	2771.466667
739.6666667	2772.111111
264.4565217	2772.26087
565.2903226	2773.258065
982.9615385	2773.153846
496.2692308	2776.923077
858.5833333	2776.25
253.8676471	2776.132353
561.890625	2778.34375
492.8	2779.7
740.6	2779.7
398.8421053	2781.842105
405.5	2781.5
1006.847826	2782.521739
431.5	2784.5
966.5789474	2786.105263
1021.942857	2787.914286
1164.829268	2785.536585
927.25	2790.25
1212.590909	2789.727273
249.4285714	2791.904762
1183.714286	2793.285714
1215.333333	2794
583.5	2795.5
791.8235294	2795.735294
248.25	2795.583333
1209.571429	2797.428571
246.0454545	2798.954545
266.0277778	2798.222222
671.3333333	2798.111111
803.5	2798.2
1194.928571	2798.142857
717.0740741	2798.555556
1166.4	2799.628571
1201.425	2799.875
786.9772727	2801.727273
963.5882353	2802.117647
1212.6	2802.2
354.0588235	2803.235294
1206.5	2803
783.7222222	2806.722222
1210.432432	2805.459459
242.1818182	2809.090909
910.7407407	2808.259259
667.5333333	2809.333333
781.6086957	2809.478261
553.3913043	2811.565217
1210.56	2811.12
526.4210526	2813.315789
702.1509434	2815
1210	2815.625
667.7857143	2817.857143
240	2818
910.5	2818.5
554.6067416	2820.404494
1206.555556	2820.851852
720.6875	2822.875
1087.3	2824.366667
1095.866667	2823.466667
1209.923077	2823.923077
394.0487805	2824.707317
634.4705882	2824.647059
662.4347826	2825.73913
1025.625	2825.25
1028.916667	2825.166667
911.2142857	2826.357143
1072.84	2826.24
1080.736842	2825.736842
1202.122807	2826.859649
719.9	2827.05
1092.526316	2827.263158
1117.333333	2827.111111
1213.909091	2827.363636
995.5	2828.222222
1096.25	2827.5
1101.617647	2828.352941
1109.852941	2827.823529
627.7826087	2829.173913
1207.916667	2829.666667
239.3333333	2832.055556
626.6363636	2833.090909
721.4615385	2832.192308
741.71875	2831.5625
662.6	2833.8
1206.263158	2833.105263
1212.083333	2833.5
252.2631579	2833.631579
739.3181818	2836.727273
251	2838.290323
1207.368421	2838.605263
333.2608696	2838.478261
694.3846154	2838.615385
1159.375	2841.75
244.8181818	2841.818182
238.6078431	2842.058824
962.0555556	2842.888889
623.7936508	2841.904762
578.2352941	2844.941176
980	2846.21875
1162.44	2846.08
1209.285714	2845.107143
907.3	2847.1
689.5	2849
1106.478261	2849.391304
911.92	2849.6
1197.307692	2850
324.375	2851.25
698.8333333	2852.277778
1203.054054	2852.324324
830.125	2852.875
239.78125	2854.25
924.8421053	2854.157895
518.25	2855.625
680.3333333	2854.888889
1201.081633	2858.938776
303.6153846	2859.192308
1168	2860
682.6071429	2859.785714
535.5384615	2861.346154
601.6923077	2862.076923
1190.222222	2861.944444
1195.722222	2862.472222
1210.175	2859.925
242.1219512	2859.756098
939.5333333	2863.133333
555.5	2864.777778
946.3571429	2865.303571
599.9545455	2865.954545
1171.5	2866
1199.363636	2867.045455
1204.913043	2866.23913
241.137931	2867.586207
737.4	2869.75
500.7083333	2871.75
241.5789474	2872.315789
1080.933333	2872.266667
322	2873
531.5	2873
572.8095238	2875.142857
739.3870968	2874.580645
919.6153846	2876.384615
573.6785714	2879.214286
982.5	2876.692308
738.3684211	2879.789474
735.7777778	2883.555556
1017.7	2881.7
572.5	2883.769231
730.6060606	2882.757576
998.3157895	2883.947368
921.8666667	2885.533333
1026.619048	2884.571429
653.5	2886
807.7272727	2887.045455
853.1666667	2885.875
733.7307692	2887.653846
783.7058824	2886.764706
1004.1	2888.033333
372.6153846	2888.384615
1212.875	2890.125
681.4848485	2890.909091
1202.977778	2893.711111
448	2893.394737
862.25	2895.05
698.24	2897.24
1085.285714	2896.357143
394.6923077	2898
1089.090909	2898.272727
243.2083333	2898.791667
834.5	2899.5
565.1111111	2900.888889
781.9714286	2899.628571
569.6410256	2902.948718
692	2902.878049
780.6551724	2904.655172
409.9333333	2903.6
632.6153846	2904.384615
417.372093	2905.72093
424.5714286	2904.469388
264.1034483	2906.448276
399.175	2906.575
411.5	2907.5
603	2907.5
1144.318182	2906.954545
783.25	2908.15625
556.1276596	2908.808511
632.3846154	2910.384615
375.6666667	2911.733333
682.5789474	2911.263158
346.8947368	2912.421053
857.6153846	2912.615385
1042.266667	2914.066667
575	2915
362.8421053	2916.052632
570.1538462	2916.487179
563.5882353	2917.117647
247.1304348	2918.478261
456.2758621	2919.413793
423	2920
861.5185185	2925.111111
798.2	2927.5
673.875	2928.125
529.8965517	2928.310345
677.5333333	2929.133333
976.5970149	2929.820896
1091.75	2930.25
354.8	2933.16
815.3043478	2932.891304
889.2903226	2933.870968
973.3695652	2934.934783
243.4651163	2937.44186
523.8571429	2939.071429
839.2592593	2939.148148
865.4166667	2940.583333
876.5	2941.5
517.7222222	2942
352.1777778	2942.133333
882.0588235	2944.235294
328.6326531	2944.44898
547.1521739	2946.934783
482.0666667	2950.6
572.03125	2951.71875
545.0655738	2952.590164
561.8	2953.25
239.1842105	2952.736842
567.2380952	2955.857143
356.5238095	2955.142857
881.65	2956.45
540.4827586	2957.086207
570.4615385	2957.384615
877.4	2956.6
238.0740741	2958.074074
1146.727273	2957.5
1116.285714	2959.357143
353.0833333	2960.666667
567	2960
1150.740741	2959.851852
1119.809524	2961.047619
525.7352941	2962.088235
750.3	2964.3
239.8269231	2967.5
529.8571429	2967.428571
1125.35	2966.675
482	2967.772727
486.875	2968.041667
1130.5	2969
526	2968.631579
537.8103448	2969.396552
688.9090909	2970.090909
544.0555556	2971
879.5	2971.5
236.6857143	2971.085714
501.5333333	2972.866667
234.8076923	2976.038462
537.984375	2974.640625
1135.68	2973.48
240.7575758	2976.454545
261.3116883	2978.857143
541.3837209	2983.453488
548.5487805	2978.292683
519.1868421	2995.737719
247.2142857	2981.357143
253.25	2981.666667
556.1714286	2981.8
1081.25	2982.833333
237	2984.153846
513.3913043	2982.043478
510.3947368	2986.868421
515.3	2988.5
887	2987.5
234.8461538	2988.576923
436.6666667	2988.111111
890.8823529	2989.588235
539.3714286	2993.4
436.972973	2994
505.6385542	2994.012048
533.3015873	2997.746032
365.2727273	2995.727273
1039.5625	2996.6875
829.96	2998.6
398.8055556	3000.444444
538.7804878	3000.195122
432.3846154	3000.615385
530.295082	3004.672131
1006.039216	3000.372549
1025.074074	3002.296296
236.1627907	3004.255814
997.4166667	3003.833333
1020	3004.5
538.0625	3005.3125
497.5	3006
240.4047619	3007.452381
971.875	3006.875
1007.135021	3011.700422
1026.347826	3006.565217
1045.785714	3007.285714
766.125	3007.875
999.9333333	3013.4
371.7755102	3008.44898
998.8709677	3010.516129
317.2888889	3010.044444
540.0909091	3010.431818
883.4	3009.6
993.3384615	3010.276923
1039.403226	3009.370968
242.4545455	3011.818182
772.9333333	3011.4
1018.364583	3011.479167
1046.542857	3012.114286
964.2	3013.5
312.0555556	3015.222222
689.6896552	3014.724138
237.6956522	3015.869565
513.0533333	3020.72
541.2666667	3016.033333
930.0967742	3016.806452
981.2564103	3016.871795
248	3016.789474
502.5833333	3018.25
916.2777778	3018.805556
907.1129032	3019.935484
996.6428571	3021.285714
1083.727273	3020.545455
523.5652174	3021.869565
541.68	3025.984
546.4054054	3024.486486
908.5714286	3024.380952
986.1111111	3024.666667
1003.055556	3025.722222
1122.730769	3025.846154
873.2	3027.366667
1127.631579	3027.052632
1011.584615	3029.523077
1103.230769	3028.153846
530.925	3028.075
883.3928571	3029
851.6888889	3030.288889
958.125	3030.125
1005.083333	3029.916667
518.08	3029.56
865.1222222	3031.711111
1025.916667	3030.75
312.7692308	3031.923077
495	3030.473684
534.1777778	3033.422222
846.9	3032.1
1133.35	3032.55
841.9607843	3035.372549
855.75	3034.5
1006.47619	3034.238095
547.9756098	3035.463415
833.8666667	3035.666667
1137.714286	3035.238095
432	3037.5
1011.3125	3036.4375
467.9230769	3037.730769
548.4782609	3040.782609
839.2881356	3040.40678
1012.368421	3040.184211
1060.7	3040.8
469.6428571	3041.571429
541.852459	3041.967213
418.1176471	3045.411765
546.7692308	3046.230769
552.5526316	3045.526316
654.7045455	3050.909091
762.7333333	3049.6
552.4534884	3051.546512
497.8095238	3052.857143
747.5	3053
561.9814815	3057.851852
757.9090909	3054.954545
875.8484848	3054.69697
555.9444444	3057.666667
724.6666667	3057.333333
827.4074074	3057.925926
1128.125	3059.125
641	3059.842105
1132.458333	3060.833333
558.425	3062.375
349.1481481	3064.185185
549.5555556	3064.333333
240.0909091	3064.072727
627.3846154	3066.615385
635.44	3067.04
639.8125	3068.375
520.1785714	3069.428571
584.1481481	3069.481481
397.4545455	3070.818182
575.7777778	3071.31746
560.5591398	3072.301075
622.8125	3071.8125
923.9591837	3072.163265
570.4242424	3073.575758
553.9756098	3072.426829
565.3793103	3076.534483
845.1111111	3075.333333
541.5365854	3073.073171
546.4146341	3075.853659
539.5581395	3078.069767
856	3080
551.0847458	3081.101695
1119.578947	3081.157895
524.0378788	3079.287879
472.8	3083.5
537.0485437	3083.31068
1126.163265	3082.163265
456.2142857	3084.357143
514.2790698	3084.744186
842.5	3084.5
520.6170213	3086.595745
844.4	3087.6
513.1836735	3091.040816
1128.571429	3091.880952
310.7727273	3092.636364
480.8181818	3092.636364
839.85	3090.7
843.625	3091.5625
505.695122	3095.731707
840	3095.5
340	3097.666667
474.5	3098.5
815	3097.8
498.5102041	3097.877551
352.2857143	3099.5
345.1875	3101.0625
484.1428571	3102.071429
408.4	3103.4
414.3333333	3100.375
899.0434783	3104.086957
240.75	3106.25
416.4166667	3104.266667
878.3428571	3105.6
991.5294118	3106.117647
422.28	3106.88
454.6363636	3107.090909
1144.04	3107.6
409.6888889	3108.933333
479.5833333	3108.25
492.5639535	3106.22093
883.4117647	3107.882353
402.7234043	3109.893617
426.2	3108.9
1130.407407	3110.740741
371.5	3112.4
396.7894737	3113.736842
744.2916667	3113.291667
1141.348837	3113.581395
869.7916667	3114.708333
1137	3115.043478
376.8823529	3116.588235
867.1904762	3118.190476
331.6153846	3119.076923
830.5820896	3119.059701
861.5555556	3119.444444
450.125	3119.875
864.3888889	3120.555556
1143.066667	3119.844444
405.3888889	3121.888889
1146.684211	3122.736842
831.8604651	3124.651163
1137.833333	3122.944444
329.1176471	3123.411765
855	3125.636364
1143	3125.5
824.2173913	3126.5
1144	3128.884615
376.0416667	3127.791667
300.7333333	3133.166667
824.6	3133.3
384.0857143	3133.885714
1063.588235	3134.117647
586.95	3135.25
362.75	3136.416667
440	3139.307692
1141.15	3136.725
1144.529412	3138.352941
372.125	3141.125
827.7555556	3141.066667
1148.227273	3140.409091
820.0625	3142.6875
812.9090909	3143.636364
825.8888889	3146.555556
1139.272727	3147.181818
593.2903226	3150.774194
817.5769231	3150.923077
824.52	3153
820.3275862	3157.827586
1103.454545	3155.606061
1130.052632	3156.315789
1135.685714	3156.114286
1126.444444	3158.944444
1129.714286	3160.642857
331.5238095	3162.095238
1142.916667	3162.333333
258	3163.307692
823.4347826	3164.26087
260.1363636	3167.545455
818.8461538	3165.769231
605.6052632	3168.763158
974.3333333	3168.125
818.8125	3170.1875
824.2	3168.96
1120.590909	3169.636364
1129.304348	3169.76087
1139.783333	3166.683333
903.125	3170.875
822.3571429	3172.714286
1135.772727	3172.5
1122.666667	3173.916667
1146.333333	3173.555556
1139.467742	3176.387097
823.2413793	3177.310345
1145.166667	3178.233333
471.5	3177.7
969.75	3177.75
468.4444444	3180.666667
474.6904762	3181.357143
1116.178571	3180.928571
1124	3181.428571
556.5	3181.5
1147.5	3183.076923
1130.215686	3183.509804
1136.5	3183.966667
939.3636364	3184.909091
1140.384615	3184.884615
555.625	3186.625
1143.35	3186.7
597.5	3187.714286
1133.083333	3189.166667
829.2272727	3190.181818
290	3190.72973
554.25	3191.5625
697.4166667	3192.666667
426.7142857	3196.5
554.8823529	3196.588235
1144.909091	3198.590909
414.4375	3198.75
610.8181818	3200.227273
835	3202.555556
915.5333333	3201.733333
581	3205.5
1120.55	3206.1
1147.611111	3206.666667
837.75	3208.05
460	3209
879	3210
1054.125	3210.125
864.7777778	3212.5
349.6363636	3213.090909
720.875	3214.125
941.24	3213.56
808.3958333	3215.604167
1009.974359	3215.897436
800.46875	3217.40625
806.9	3220.366667
383.3333333	3220.875
500.7857143	3220.642857
290	3221.5
329.9375	3221.6875
325.5	3223.5
796.2962963	3223.481481
468.7111111	3224
285.3846154	3226.615385
472.6578947	3227.815789
625.1428571	3228.714286
549	3229
1131.466667	3232.133333
547.7142857	3233.5
1037.909091	3234.090909
622.8888889	3235.666667
634.75	3236.4375
1131.384615	3237.615385
947.5	3239
273.9259259	3239.092593
884.05	3242.9
803.7142857	3243.928571
1044	3246.297297
1037.103448	3247.655172
759.1333333	3246.7
899.2222222	3247.5
1023.758621	3251.172414
375.1724138	3251.586207
372.3	3256.5
797.75	3257.333333
1020.933333	3257.866667
437.8965517	3261.172414
830.6153846	3260.615385
792.3181818	3264.136364
840.2222222	3266.861111
587.6666667	3268.111111
620.0909091	3269.090909
334	3270.5
843.2105263	3270.052632
277.8846154	3270.538462
355.7857143	3271.880952
476	3272.5
734.2173913	3272.608696
589.2244898	3274.244898
962	3275.5
699.5862069	3277.793103
405.32	3278.36
652.5	3278.272727
793.1176471	3280.411765
584.6363636	3280.431818
801	3280.5
316.5	3282.222222
844.7857143	3281.5
847.030303	3286.575758
1115.903226	3285.806452
841.6206897	3287.327586
996.5185185	3291.148148
562.0909091	3292.727273
564.7777778	3292.111111
805.125	3294.125
845.8484848	3295.737374
608.875	3295.875
735.7173913	3296.152174
730.1818182	3297.757576
504.8153846	3300.476923
971.5	3301
490.8275862	3302.172414
671.75	3301.666667
723.5	3302.222222
779.3061224	3300.734694
785.1	3302.425
734.0465116	3303.627907
738.8421053	3302.842105
847.9032258	3303.580645
498.9272727	3304.109091
782.5	3305.75
885.8666667	3305.2
1108.642857	3304.821429
491.7906977	3306.837209
560.8	3307.5
777.7777778	3307.611111
841.125	3306.875
882.4166667	3307.666667
581	3308
737.0434783	3308.608696
758.3939394	3307.424242
784.4871795	3308.666667
611.5	3310.5
848.7179487	3309.410256
888.16	3310.56
347.0697674	3310.302326
582.1	3310.8
846.3571429	3312
853	3314.125
610.5	3314.714286
776.8	3314.085714
786.9090909	3315.363636
848.9230769	3315.576923
471.0952381	3318.285714
852.7647059	3318.058824
856.8965517	3318.586207
778.1666667	3320.166667
610.6	3321.833333
862	3327.085714
562.375	3329.5625
672.0645161	3328.935484
690.5	3329.777778
858.6333333	3329.8
1101.333333	3330.291667
314.5294118	3331.647059
817.1111111	3332.888889
767.0333333	3334.733333
857.5789474	3334.894737
772.0740741	3335.592593
673.6	3337.4
848.3846154	3337.384615
765.8666667	3339.766667
1028.333333	3340.027778
772.1666667	3340.333333
1083.333333	3340.888889
998.2857143	3345.642857
361.7142857	3345.857143
293	3347
827.5	3347.5
294.1666667	3351
358.3809524	3352.571429
686.25	3352.611111
301	3354.5
397.1538462	3356.884615
508.3888889	3357.972222
348.7857143	3363.357143
597.4634146	3363.170732
1123.62069	3363.448276
689.6315789	3364.526316
601.875	3366.791667
840.4545455	3365.636364
594.9268293	3367.463415
846	3367
651.5	3368.5
692.875	3367.375
836.5	3367.777778
928.2894737	3368.026316
1072.846154	3368.307692
1124	3369
1014.888889	3370.055556
1077.904762	3369.904762
693.5357143	3371.607143
752.1666667	3371
830.0909091	3370.636364
688.6875	3372.0625
748.6111111	3372.722222
655.64	3372.6
598.4642857	3375.75
1083.611111	3376.277778
432.8823529	3378.588235
659.5769231	3377.346154
665.7777778	3380.222222
1087.791667	3380.333333
326.2777778	3380.611111
661.5	3382.035714
1019.411765	3381.882353
298.1578947	3383.157895
597.1359223	3384.116505
1091.636364	3384.772727
570.0740741	3384.592593
1095.285714	3385.5
665.6190476	3386.952381
663	3388.8
451.0138889	3391.027778
1097.090909	3389.757576
636.5	3391
597.5319149	3393.744681
726.25	3393.625
1038.842105	3393.473684
429.6785714	3395
878.9090909	3395.636364
943.1967213	3395.868852
449.4482759	3397.896552
953.3571429	3399.035714
1093.275	3405.55
414.1714286	3410.457143
392.1666667	3412.604167
951.5333333	3413.866667
1045.692308	3414
998.6538462	3415.461538
515.8	3415.9
597.0952381	3416.119048
744.2	3415.733333
741	3417.88
1007.146667	3416
1028.428571	3416.952381
906.8823529	3417.588235
949.4	3417.4
416.2	3419.5
991	3418.526316
518.8	3420.5
439.0769231	3425.435897
688.125	3428.875
442.625	3430.25
337.3913043	3430.521739
691.5	3432
507.5	3432.8
682.2777778	3431.722222
684.5652174	3436
882.6666667	3436
886.8125	3436.5
444.7142857	3438.642857
692	3438.697674
811.5	3439.125
338.6764706	3443.588235
643.6	3443.6
695.0512821	3445.179487
367.46	3447.9
790.4	3448.4
588.125	3448.875
689.7058824	3448.220588
793.3333333	3448.666667
771.5277778	3450.527778
777.7142857	3451.795918
685.0909091	3452
695	3452.916667
771.2166667	3455.783333
791.2954545	3454.068182
690.3888889	3455.5
313.1111111	3457.296296
686.84	3457.2
962.5	3458.5
959.3333333	3460.222222
834.8372093	3459.174419
690.5238095	3461.833333
696.1428571	3461.071429
787.125	3461.75
694.1176471	3465.588235
896.7714286	3464.371429
638.48	3466.16
898.5263158	3468.842105
693.4444444	3469.638889
894.65	3470
789.625	3469.171875
760.0666667	3473.733333
790.25	3475.4
757.1785714	3476.75
319.1363636	3476.257576
500.6333333	3479.366667
760.9166667	3479.333333
507.5666667	3479.666667
765.7105263	3479.605263
1023.642857	3480.785714
758.4347826	3482.173913
384.1071429	3483.928571
416.4482759	3484.586207
760.5405405	3487.108108
698.6666667	3489
545.2631579	3490.210526
696.2727273	3493.318182
1039	3494
571.5789474	3494.815789
693.3571429	3496.214286
698.7777778	3498.5
398.875	3501
453.9047619	3502.738095
596.0333333	3502.266667
396.7777778	3503.888889
714.8235294	3504.882353
719.8181818	3508.818182
723.3333333	3511.083333
669.3928571	3510.75
654	3513
667.8333333	3516.351852
672.45	3514.75
724.7272727	3516.5
719.1428571	3516.75
780.8823529	3516.588235
504.875	3520.125
341.1818182	3522.409091
728.7407407	3521
419.75	3522.3
674.3181818	3522.363636
1045	3524.897959
759.4	3539.96
658	3542
889.6315789	3545.315789
893.6190476	3544.952381
885.1176471	3549.411765
888.75	3549.125
1083.137931	3548.965517
647.6153846	3549.384615
654.1860465	3548.860465
892.047619	3549.809524
381.5	3550.714286
471.4333333	3553.266667
553	3553.333333
693.2424242	3551.787879
643.4166667	3553.555556
822.6875	3555.4375
658.2941176	3555.235294
826.6153846	3557.769231
656.6	3560.4
538.1875	3561.6875
533.1176471	3562.764706
555.4285714	3562.380952
642.7142857	3568.5
541.1041667	3567.479167
526.875	3571.875
754.5	3575.5
1050.944444	3576.777778
528.3125	3583.3125
785.1304348	3583.73913
855.6428571	3584.214286
998.2727273	3585.318182
800	3585.8
385.8333333	3587.083333
796.5833333	3586.25
524.1176471	3587.411765
798.8666667	3589.4
381.6585366	3590.341463
795.8571429	3592.190476
1032.964286	3592.178571
524.1333333	3593.533333
452.1875	3596.8125
517.0666667	3600.733333
513.95	3604.25
684.0333333	3605.166667
718.2727273	3609.181818
722.047619	3609.952381
657.9090909	3609.854545
837.2307692	3611.384615
831.875	3613.125
637.5531915	3615.340426
847.1714286	3619.971429
676.9354839	3620.354839
843.5909091	3621.954545
393.1666667	3625.583333
673.1785714	3624.785714
488	3627.5
678.7012987	3627.701299
582.8421053	3628.263158
637.2424242	3630.060606
920.5483871	3630.580645
1023.875	3631.125
661.04	3636.76
651.1875	3643.1875
653	3647.8
1055.186047	3649.395349
508.3846154	3649.615385
980.4074074	3651.555556
1058.384615	3653.923077
650.3392857	3655.053571
782.5625	3654.75
481.7058824	3655.588235
445	3657.5
648.6704545	3663.670455
784.6666667	3658.47619
1060.909091	3659.363636
788.5483871	3662.096774
1048.125	3662.875
1034.1	3674.05
970.28	3675.66
525.3684211	3678.473684
1033.4	3678.6
678.8235294	3681.882353
1034.653846	3683.384615
1013.451613	3685.806452
586.8095238	3686.952381
1056.1	3688.9
1020.477273	3690.590909
1029.418182	3690.4
1053.291667	3692.666667
827.88	3697.88
442.5	3699.115385
477.6333333	3699.733333
907	3699.5
482.0833333	3701.458333
560.6046512	3700.418605
1030.15625	3708.875
943.2142857	3709.5
764.7931034	3709.413793
770.12	3710.64
613.5	3711.777778
781.0833333	3711.222222
941.2884615	3712.615385
782.1666667	3714.25
763.9090909	3715.045455
783.5294118	3717.117647
867.2	3719
767.6956522	3724.304348
772.8095238	3724.690476
871.3589744	3723.128205
785.9473684	3726.754386
1018.944444	3726.888889
771.2380952	3729.571429
906.8780488	3731.195122
914.5	3731.5
776.5	3731.5
899.76	3732.04
786.2	3734.218182
893	3735.588235
920.5416667	3733.958333
633.5	3735.777778
776.9487179	3737.589744
477	3738.5
791.5789474	3739.578947
921.9090909	3740.727273
499.7894737	3742
657.0588235	3741.764706
578.5	3743.5
778.6382979	3744.553191
791.6428571	3744.785714
922.5769231	3745.653846
787.4285714	3748.517857
924.6	3749.4
834.5555556	3750.333333
885.7666667	3750.433333
891.76	3753.48
925.0769231	3754.307692
953.5	3756
1046.642857	3757.571429
583	3757.171429
819.9142857	3758.2
929.890625	3759.375
718.4583333	3760.833333
1013.428571	3763
630.1	3763.95
762.32	3763.92
766.5	3764.5
770.4545455	3763.318182
761.375	3769.15625
768.8461538	3769.153846
632.2105263	3771
856.2352941	3778.823529
597.7666667	3779.666667
729.875	3779.875
735.6470588	3780.764706
1025.882353	3781.411765
739.8333333	3783.547619
875	3783.5
692.2	3788.4
832.2857143	3788.5
880.125	3791.125
791.8461538	3792.346154
834.7111111	3792.155556
874.5	3792.5
882.2962963	3795.481481
668.2	3797.5
887.4230769	3799.153846
638.6363636	3801.454545
522.05	3804.75
637.1176471	3805.588235
674.5	3806.714286
978.3333333	3809.5
674.5	3810.777778
874.0714286	3815.142857
1035.5	3819.5
768	3828.166667
771.9047619	3828.285714
559.875	3828.875
556.4	3830.4
601.75	3841.75
657.1666667	3842.277778
723.5238095	3844.619048
682.7272727	3845.272727
690.4545455	3848.878788
735.8181818	3853.5
691.6296296	3854.851852
583.3333333	3857.083333
570.3846154	3865.615385
952.8837209	3868.255814
815.4736842	3869.736842
892.125	3872.875
1086.930233	3874.255814
991.45	3881.6
987.6363636	3882.227273
1015.285714	3885.5
935.46875	3888.59375
622.6538462	3893.346154
997.4583333	3896.833333
757	3904
679.2	3906.5
719.15	3905.45
798.7090909	3904.818182
759.3636364	3908
852.52	3907.76
718.75	3910.84375
1046.307692	3909.692308
619.4210526	3910.368421
1048.857143	3911.666667
1095	3912.647059
622.1282051	3914.846154
732.2608696	3914.521739
988.16	3915.2
1081.695652	3917.869565
625	3919.391304
744.875	3920.875
917.6	3921.866667
1011	3923.8
1017.4375	3924.3125
915.4285714	3925.75
947.4545455	3926.363636
1010.727273	3927.227273
928.1052632	3927.921053
954.7142857	3928.892857
929	3932.451613
922.6785714	3933.25
945.75	3932.708333
1005.333333	3933.111111
844.15	3941.45
848.1066667	3944.88
1088.741935	3945.258065
1094.074074	3945.925926
1107.645161	3947.516129
771.9230769	3948.615385
843.1458333	3951
879.7368421	3949.842105
775.037037	3954.814815
1005.95	3955.1
770.6666667	3956.333333
793.6923077	3957.846154
1065.416667	3957.791667
778.2857143	3958.666667
783.5918367	3961.183673
790.3333333	3961
884.0416667	3960.333333
1009.5	3962
1037.692308	3982
829.7692308	3993.384615
1100.578947	3994.894737
957.0714286	3997.714286
1030.666667	4000.222222
831.0740741	4001.407407
959.0833333	4001.958333
1028.722222	4003.833333
1032.722222	4005.444444
973.55	4015.25
846.0819672	4015
1108.411765	4024.382353
894.2857143	4029.5
924.0769231	4046.115385
778.0322581	4048.483871
1057.159091	4053.181818
1053.710526	4057.763158
1097.407407	4060.518519
1050.419355	4062.967742
871.4054054	4064.891892
1115.909091	4069.090909
826.5	4070
875.44	4072.88
962.3846154	4074.192308
1075.96	4074.56
1022.5	4075.714286
1027.478261	4076.608696
1063.5	4077
1032.037037	4079.481481
1063.368421	4081.578947
1030.657143	4083.714286
833.6363636	4092.909091
1082.611111	4101.5
1080.65625	4104.125
899	4106.5
1029.65	4111.8
1066.384615	4114.384615
867.05	4115.9
1058.619048	4116.428571
1036.384615	4122.384615
978.972973	4136.621622
935.4	4136.4
