X	Y
0	0
0	5143
5143	0
5143	5143
1179.473684	206.8596491
1191.194444	207.6388889
1181.06	212.84
1190.777778	216.3333333
1192.555556	218.1111111
1177.736842	218.8684211
1190.388889	221.4722222
1181.333333	223.3611111
1173.075472	223.1320755
1197.029412	225.6176471
1166.666667	227.1111111
1188.952381	229.2285714
1174.60396	231.1881188
1181.225806	232.0322581
1215.929825	235.7368421
1184.105263	239.7443609
1169.327273	238.5454545
1175.484848	243.1212121
1227	240.5
1221.333333	241.4761905
1203.941176	246.8529412
1164.45	245.6166667
1219.658537	246.9268293
1183.480769	249.2692308
1207.045455	250.5454545
1215.795181	250.7349398
1161.8	254.85
1217.317073	259.5365854
1232.767241	258.4827586
1200.62069	264.6551724
1205.529412	266.7647059
1217.696429	270.9464286
1175.483871	268.9354839
1199.52381	268.8571429
1207.233333	272.5666667
1198.695652	273.7971014
1214.5	275
1242.846154	276.1794872
1185.105263	276.7894737
1145.140625	279.0625
1227.08	277.72
1184.461538	280.0769231
1178.773585	281.3207547
1162.1	283.3
1235.421053	282.1052632
1249.991736	284.1322314
1193.574324	282.8445946
1201.5625	284.125
1204.875	286.125
1225.890909	284.7454545
1187.777778	294.1481481
1151.588235	291.2352941
1173.395062	292.1851852
1200.285714	291.7857143
1227.50365	295.5766423
1177.422535	297.8169014
1214.607143	293.7619048
1150.25	294.9
1153.875	296.125
1206.428571	297.1428571
1187	300.8
1252.604651	298.8604651
1151.146341	300.0731707
1216.553846	302.0461538
1132.178082	303.9589041
1223.928571	305.1428571
1227.578947	305.1052632
1247.795181	306.1325301
1157.857143	306.9047619
1171.731959	306.8350515
1211.5	308.2222222
1150.153846	314
1225.986111	313.25
1162.888889	314.8055556
1242.690476	313.5952381
1255.896552	312.5689655
1135	315.3414634
1158.75	316.7
1250.869565	314.8695652
1169.059259	319.0148148
1212.929577	315.0140845
1240.285714	320
1249.923077	318.7692308
1245.972222	319.5277778
1153.954545	319.5
1217.428571	320.9047619
1176	321.5
1233.5	320.4032258
1193.789474	325.3157895
1239.190476	325.8809524
1246.036364	326.3272727
1142.838983	323.6864407
1201.215054	323.8172043
1133.525424	327.1016949
1233.433333	327.1666667
1204.71831	329.1690141
1142.371429	331.8142857
1130.32967	335.8681319
1151.212766	331.106383
1239.865672	334.6343284
1136.902778	338.7916667
1153.575	335.5
1251.857143	334.5194805
1209.75	336.4891304
1156.846154	340.5384615
1248.631579	342
1243.157143	341.6142857
1147.713178	341.6046512
1131.474576	346.0338983
1149.492958	348.5633803
1137.734694	347.8163265
1220.136364	348.3939394
1142.864865	350.8648649
1209.459459	354.5405405
1232.227273	354.4090909
1160.43662	356.1690141
1226.78125	359.71875
1234.452381	359.9047619
1213.797619	366.6071429
1227.25	367.3
1136.067416	369.3595506
1148.204545	367.25
1208.568182	370.3409091
1141.021277	374.5035461
1083.5	374.2
1094.607843	373.5098039
1205.666667	377.877193
1105.121951	378.1463415
1091.411765	379.2647059
1198.73913	379.5434783
1215.157895	380.2105263
1096.315789	380.5263158
1120.275862	381.4482759
1109.88	388.8933333
1118.857143	388.9285714
1102.627907	390.9767442
1213.067416	393.3258427
1098.136364	396.9545455
1090.283333	398.2666667
1083.9	407.2
1175.580645	408.8387097
1084.589286	414.4285714
1169.666667	416.962963
1164.897959	423.2244898
1076.721429	422.3642857
1153.333333	423.7575758
1199.925373	424.7462687
1089.174757	425.6504854
1158.964286	424.6785714
1207.714286	431.6428571
1146.75	432.25
1140.985294	434.5147059
1246.875	435.125
1103.388889	436.4814815
1130.078947	436.1052632
1066.5	438.5652174
1089.074468	436.9574468
1136.4	439.6
1231.3	438.5
1130.769231	440.8461538
1073.363636	443.8760331
1144.528662	444.2738854
1157	443.3076923
1097.272727	442.8484848
1160.5	444.2857143
1134.857143	444.3809524
1152.151163	446.8837209
1089.702128	447.893617
1114.222222	449.979798
1131.227273	447.3636364
1066.87619	450.0571429
1079.803922	451.627451
1173.545455	451.8181818
1219.686275	452.8823529
1041.4	453.48
1107.8	453.2
1124.437158	450.4699454
1139.208333	453.4722222
1148.697674	455.9069767
1204	454.8125
1068.172414	457.3103448
1132.315315	457.7657658
1196.52	456.88
1144.291667	460.0833333
1116.594595	458.0810811
1104.164063	461.1328125
1123.75	462.25
1200.878049	461.4756098
1059.954545	462.8636364
1073.661972	461.7535211
1081.257732	464.1752577
1086.820513	461.1538462
1112.355263	463.6315789
1061.769231	466.7692308
1190.904762	467.4761905
1102.336735	471.7040816
1135.983871	470.0322581
1196.326733	472.1782178
1204.328358	470.2537313
1073.111111	474.6296296
1152.623656	472.3333333
1058.820513	471.6410256
1062.307692	476.5641026
1049.555556	475.1944444
1199.888889	476.6666667
1127.97619	481.5952381
1188.375	481.5625
1093.450549	482.9285714
1078.611429	484.2971429
1142.638889	483.9722222
1135.372549	483.6862745
1175.117647	486.4117647
1139.291139	493.6835443
1124.050562	491.0674157
1118.75	492.625
1133.402778	497.6111111
1061.548387	497.7096774
1067.823529	495.9705882
1180.622642	494.7169811
1127.35	498.925
1144.148936	499.1914894
1111.25	500.1710526
1173.269231	503.8076923
1103.857143	503.2678571
1151	505.0421053
1159.357143	504.25
1145.650602	509.6024096
1093.136364	508.5909091
1116.827586	507.0689655
1112.024691	510.7530864
1169.324324	508.7567568
1084.534884	512.0232558
1153.807692	512.0769231
1166.181818	513.7272727
1078.833333	515.9047619
1101.700535	512.3850267
1144.555556	517
1059.755556	519.5333333
1097.540909	523.8636364
1159.93314	523.4040698
1081.793103	526.6896552
1074.666667	532.3939394
1145.752212	532.4690265
1166.512605	537.1428571
1089.349594	539.3089431
1060.073171	541.6829268
1098.583333	547.9166667
1129.819672	550.3278689
1098.258065	555.6129032
1125.75	559.0357143
977.2142857	600.452381
932.3333333	604.875
958.5517241	616.6896552
943.375	616.6875
950.6	617.7
958.0427807	629.7647059
1015.375	635.5
936.7222222	636.7222222
959.1704545	638.125
934.4090909	641.2045455
945.7241379	646.183908
962.8292683	646.7073171
954.4320988	647.6111111
1019.5	651.2222222
964.9418605	652.6860465
947.804878	655.6097561
950.8139535	660.9302326
1029.238095	663.0952381
958.8571429	671.1428571
990.4210526	675.5
1199.862069	708
1184.478261	709.5217391
1202.222222	713.1111111
1170.214286	713.9285714
1196.491228	715.5263158
1171.5	718
1183.98	724.92
1156.363636	726.0909091
1164	729
1097.461538	776.1538462
1157.078947	781.8947368
1091.217391	789.4347826
1098.765152	787.2121212
1111.466667	788.8222222
1124.387097	790.7741935
1102.25	794.125
1140.085714	792.7428571
1148.677966	792.9491525
1114.1	794.375
1095.522727	794.9318182
1106.714286	800.3741497
1091.684211	798.6578947
1120.713115	798.0081967
1155.282051	799.6410256
1098.08	800.98
1114.710526	803.7368421
1149.1	802.4
1081	801.6923077
1073.888889	802.6111111
1143.533333	804.8
1276.5	806
1007.619048	808.4285714
1155.192308	808.9615385
1164.393939	810.7424242
1035.347826	813
1093.043478	814.1304348
1018	814.2941176
1163.357143	816.7321429
1104.707317	817.3902439
1019.988095	820.1428571
1031.575758	823
1026.692308	823.6538462
996.8	826.3
1113.622449	825.4795918
1016.030303	826.6666667
1028.642857	827.7142857
1102.777778	831.6666667
1035.527778	834.1944444
1075.882353	833.4117647
1123	837.26
1134.888889	836.6527778
1067.881356	840.0677966
1150.529412	841.4117647
1144.578947	843.0526316
1066.086957	846.9565217
1132.23913	845.4130435
1008.210526	848.3947368
1014	850.5
1157.288889	855.2888889
1144.958333	858.46875
1120.677419	859.4193548
983.75	859.6818182
1159.727273	861.9090909
1050.441558	863.1818182
1141.301724	865.1982759
1042.55	867.1
1151.428571	871.3174603
1032.581395	871.2093023
1137.962264	871.0566038
1142.846154	871.6153846
1014.522222	873.1222222
1127.347826	872
1100.967742	876.1290323
1127.111111	876.6111111
1133.173913	876
1009.185185	876.962963
999.6666667	878.1111111
1120.066667	878.6888889
1144.567164	878.641791
1129.357143	883.7142857
1052.133333	885.2666667
1081.576923	885.9423077
1089.767442	885.1395349
1027.75	885.625
1140.902439	887.902439
1152.66	886.15
1015.632653	890.0408163
1129.534483	891.0689655
1161.2	891.1
1098.818182	891.8181818
1094.089552	894.641791
1143.25	894.6666667
1111.892857	895.7142857
1124.170732	895.4634146
1137.943396	896.1132075
1147.232877	899.1643836
1157.454545	899.2727273
1113.583333	900.2916667
1104.276923	899.1230769
1124.131579	905.6052632
1115.1	907.42
1159.552632	907.6184211
1133.543478	909.6413043
1078.551724	913.5862069
1088.166667	917.3
1135.925926	918.962963
1140.111111	917.3333333
1091.875	919.875
1150.832258	919.0580645
1054.433962	923
1072.842105	922.5789474
1079.672619	921.952381
1156.4375	923.4375
1017.5	924.5
1068.064516	922.5967742
1085.260274	926.3972603
1091.311111	925.8666667
1139.956522	925.3043478
1059.816327	926.8163265
1160	927.3333333
1070.026316	929.5921053
1166.823529	928.1764706
1153.947826	930.3217391
1172.764706	930.6470588
1070.166667	935.1111111
1140.647059	934.1764706
1168.413043	934.9565217
1076.90625	935.25
1052.390244	938.2682927
1090.523077	939.9384615
1073.226667	941.68
1141.613636	944.0909091
1095.5625	944.625
1116.166667	947.952381
1067.5	952.25
1152.35	954.35
1108.230769	956.0769231
1146.164835	960.1648352
1157.416667	963.5
687.7272727	964.2909091
681.3636364	965.8181818
1158.733333	968.9333333
687.4285714	970.0238095
1115.4375	970.375
1165.222222	971.5185185
1193.542857	971.1142857
1199.382353	970.8235294
681.3589744	972.0512821
701	972
674.5833333	973.3333333
1138.137931	973.1034483
694.1	973.8
1056.380952	974.2380952
1109.047619	973.8095238
716.8596491	982.0877193
1167.142857	981.3333333
1236.617021	984.1914894
1239.875	988.1875
1097.136364	989.7954545
1233.166667	988.75
1154.307692	991.1153846
734.8222222	993.1777778
1198.68	994.92
1222.632653	996.755102
1152.133333	997.0666667
1067.555556	998.3333333
778.24	1000.56
1067.430556	1006.361111
1053.777778	1008.5
1196	1010.709677
1232.5	1019.804348
1063.96875	1020.53125
1187.647059	1019.882353
1228.827586	1023.448276
1070.193548	1024.709677
756.6086957	1028.043478
751.1666667	1031.357143
736.6363636	1032.090909
1132.37037	1032.148148
755.77	1038.81
1186.534884	1037.581395
761.4375	1041.75
777.6117647	1039.270588
1138.307692	1040.538462
739.2162162	1046.77027
764.7727273	1045.727273
752.225	1046.725
784.1666667	1048.25
1097.604167	1052.333333
793.9487179	1054.384615
1165	1057.115385
753.1454545	1059.018182
1187	1062
764.16	1064.32
757.5	1066
807.8181818	1066.818182
751.4920635	1070.571429
793	1070
766.5945946	1070.135135
1162.159574	1070.244681
615.1311475	1074.967213
608.5853659	1073.219512
554.974359	1074.282051
590.7634409	1080.032258
596.5	1076.369565
1012.649351	1076.792208
1119.074074	1077.814815
1156.72093	1075.883721
1106.853659	1077.780488
557.0517241	1079.396552
609.3333333	1080.333333
1132.5	1081
1166.959302	1079.511628
549.875	1081.725
604.7966102	1079.610169
1153.655914	1082.225806
1190.436364	1083.090909
574.6	1084.4
1172.363636	1083.6
584.1917808	1085.082192
810.3333333	1084.4
1137.454545	1084.575758
577.5	1085.8
793.4545455	1084.272727
1043.810811	1086.621622
1080.464286	1085.214286
1157.916667	1086.666667
605.3076923	1085.879121
1326.175439	1087.192982
527.4328358	1088.88806
515.5168539	1088.134831
1186.254237	1088.372881
1156.56	1090.78
1170.339623	1091.113208
535.2	1091.266667
576.7142857	1091.257143
1074.462264	1091.962264
1066.712329	1092.273973
1162.717172	1094.313131
511.6216216	1094.405405
583.5555556	1093.888889
1086.150685	1091.657534
597.3125	1090.7125
623.4754098	1094.442623
567.4736842	1095.052632
744.6818182	1095.227273
760.2941176	1094.823529
1188.666667	1095.533333
591.6438356	1095.657534
607.1811024	1095.874016
1050.866667	1095.288889
1054.105263	1098.368421
1108.888889	1096.944444
552.1481481	1098.462963
585.3333333	1099.466667
558.6590909	1099.795455
1144.695652	1098.42029
519.3333333	1099.314815
755.164557	1100.050633
1017.3	1100.35
1064.928571	1099.452381
1086.564516	1100.032258
564.9506173	1099.45679
1070.5	1100.25
1074.4	1100.4
596.9090909	1104.045455
600.5714286	1103.380952
1099.681818	1102.363636
1163.511111	1103.022222
525.4725275	1100.494505
582.1944444	1103.777778
588.3333333	1102.916667
1140.911765	1103.352941
551.3043478	1105.065217
610.5	1104.305556
777.2708333	1105.145833
526.9253731	1107.820896
544	1106.939024
589.375	1106.75
564.2428571	1107.242857
1171.342105	1109.236842
1052.073171	1109.487805
583.6086957	1110.73913
638.7887324	1112.239437
1061.419048	1112.352381
1171.5	1113.647059
514.8837209	1115.418605
588.4473684	1116.5
1060.189873	1118.291139
583.3636364	1116.5
1032.5	1116.710526
645.5882353	1118.117647
546.295082	1116.409836
551.5	1120
565.9148936	1121.446809
572.9538462	1122.384615
639	1121.5
672.9375	1121
1063.268293	1123.853659
550.3529412	1125
676.9393939	1125.863636
567.4242424	1127.151515
660.5102041	1124.040816
668.609375	1127.328125
514.7090909	1126.563636
1070.87234	1126.702128
1150.769231	1126.615385
1056.5	1129
541.0810811	1130.135135
653.2972973	1130.959459
662.8135593	1132.661017
777.1458333	1130.270833
956.3396226	1131.509434
986.7037037	1131.685185
1075.813333	1133.693333
515.7142857	1134.035714
928.25	1133.95
1119.288889	1134.2
672.6470588	1134.735294
1066.690909	1133.545455
580.3513514	1134.972973
1019.884058	1136.231884
1061.340659	1134.846154
543.42	1136.68
1114.18	1139.46
537.137931	1138.448276
1087.727273	1140.045455
549.852459	1140.508197
651.44	1140.6
657.3846154	1141.589744
661.9183673	1139.285714
684.0425532	1138.191489
911.0555556	1142.444444
542.4814815	1144.537037
668.0612245	1143.204082
689	1142.612245
968.7857143	1143.357143
533.6086957	1144.304348
1020.280702	1144.54386
1060.291667	1143.729167
561.7727273	1144.227273
644.8901099	1145.78022
680.0722892	1143.987952
903.8965517	1144.827586
1065.352941	1145.147059
652.68	1147.3
673.3030303	1144.833333
661.2017544	1149.95614
1258.736842	1147.5
689.2173913	1148.782609
1010.851852	1148.592593
563.9558824	1150.044118
671.8135593	1152.898305
1277.942529	1152.091954
692	1152.333333
1119.323077	1154.523077
1126.0625	1152.125
680.5911602	1157.066298
543.4042553	1154.404255
665.6808511	1159.702128
1019.324324	1153.675676
1292.230769	1156.307692
1282.684211	1157.157895
642.4390244	1158.219512
655.1	1158.983333
1069.333333	1158.148148
998.7894737	1157.381579
523.7	1159.325
1010.463415	1160.292683
1263.605263	1161.157895
519.8378378	1162
563.5	1162
992.505618	1164.483146
985.5964912	1161.429825
1103	1164
682.3142857	1165.371429
1004.685714	1166.32381
1018.078947	1164.657895
968.7222222	1166.574074
997	1169.641791
694.2878788	1164.128788
1070.277778	1167.111111
680.5	1168.5
978.2682927	1165.926829
1083.5	1168.5
707.2761194	1168.776119
973.8	1170.766667
655.7142857	1170.742857
666.8571429	1172.392857
701.9014085	1173.197183
1265.033333	1173.15
679.3030303	1176.090909
1227.040541	1172.689189
965.7843137	1175.862745
1271	1176.625
693.032967	1177.593407
1062.892473	1178.344086
1260.928571	1178.142857
657.0758621	1178.524138
1043.138614	1178.425743
665.40625	1180.5625
1194.375	1180.458333
802.4864865	1181.189189
1209.956522	1181.608696
1215.318182	1180.636364
1080.8	1182.333333
673.0253165	1181.797468
684.25	1183.416667
792.7540984	1182.852459
1073.9	1183.8
1224.052632	1183.526316
1050.766667	1184.566667
659.4193548	1185.935484
666.6046512	1187.116279
680.7912088	1188.593407
1041.551724	1188.37931
1029.807692	1190.307692
1055.453184	1193.513109
1090.193548	1188.935484
1078.785714	1191.178571
660.2089552	1191.447761
675.8617021	1193.404255
1031.875	1195.875
1067.421053	1196.105263
1041.74359	1197.435897
1214.5	1198.5
1043.424242	1203.424242
1222.714286	1202.214286
1071.809524	1203.428571
1063.47619	1205.880952
854.3695652	1242.717391
818.654321	1242.740741
1041.846154	1244.115385
811.3461538	1241.307692
808.625	1244.395833
799.9310345	1247.172414
826.4823529	1247.505882
792.3333333	1251.333333
822.4594595	1253.702703
827.9772727	1254.25
811.4529617	1255.449477
809.7142857	1256.214286
840.8030303	1255.045455
725.030303	1259.060606
790.8125	1257.895833
813.7931034	1262.827586
741.3488372	1261.790698
748.8823529	1260.529412
778.350365	1264.678832
730.05	1267.25
741.8125	1268.625
746.5172414	1267.344828
787.6666667	1268.666667
680.3548387	1272.903226
732.7746479	1273.366197
674.5333333	1275.533333
684.203125	1277.578125
789.4571429	1275.057143
816.8	1277.5
690.8571429	1278.571429
767.1403509	1279.017544
792.28	1279.76
799.3559322	1282.847458
667	1282.846154
755.5294118	1284.117647
821.4210526	1284.263158
828.1166667	1282.233333
667.3333333	1286.611111
722.1260504	1287.235294
651.3478261	1286.652174
737.11	1286.61
794.0588235	1290.882353
648.5135135	1291.162162
655.6304348	1289.826087
832.1891892	1288.27027
667.4615385	1290.884615
766.025641	1290.461538
825.9156627	1293.373494
790.125	1292.125
800.4035088	1292.245614
808.4489796	1294.020408
834.1521739	1296.445652
663.75	1295.15
717.4479167	1297.625
760.3333333	1296.395833
853.7380952	1296.654762
800.5	1299.283333
688.6428571	1299.728571
877.3272727	1301.745455
685.3333333	1304.25
733.8636364	1303.954545
689.1014493	1306.927536
822.862069	1302.913793
649.047619	1307.079365
802.9272727	1305.272727
642.1923077	1307.461538
812.6122449	1304.785714
819.9180328	1308.508197
731.6428571	1310.785714
674.2592593	1312.407407
845.1794872	1312.102564
850.9130435	1312.217391
626.6666667	1313.666667
713.2777778	1310.936508
631.3333333	1316.107843
637.8225806	1314.064516
680.375	1314.9375
716.8076923	1317.615385
743.4242424	1316.737374
754	1316.504348
831.2982456	1315.473684
676.3488372	1318.232558
809.4444444	1317.02924
855.125	1318.875
620.9142857	1321.614286
792.1785714	1320.5
818.6896552	1320.310345
780.6071429	1321.821429
824.2142857	1321.464286
738.6354167	1324.541667
752.3636364	1325.30303
804.6034483	1324.724138
746.2553191	1326.617021
625.4516129	1328.548387
677.9385965	1329.035088
818	1329.272727
824.7735849	1328.566038
619.2258065	1332.370968
836.8787879	1332.545455
743.8333333	1332.222222
782.08	1335.12
804.7878788	1338.727273
667.0666667	1338.755556
815.3207547	1339.113208
752.375	1342
810.8409091	1342.386364
839.6153846	1341.192308
705	1343.530612
747.3846154	1343.205128
643.7714286	1345.428571
679.54	1347.48
664.387931	1349.413793
673	1347.339286
733.6410256	1350.410256
841.8947368	1352.491228
768.6842105	1360
707.5	1363.5
714.9655172	1367.482759
783.4814815	1368.111111
792.1034483	1369.724138
661.037037	1372.185185
787.3571429	1372.642857
818.3571429	1377.607143
785.1875	1380.825
1078.4375	1383.375
793.75	1386.5625
786.1826923	1391.980769
793	1394.294118
745.0909091	1395.909091
1087.076923	1399.307692
1071.636364	1402.090909
1026.818182	1403
1049.540541	1407.027027
1056.75	1407
1029.214286	1409.071429
1023.84375	1411.9375
1115.923077	1414.307692
783.2307692	1415.230769
1042.393939	1416.606061
775.5925926	1417.962963
762.3	1420.1
1048.74026	1419.25974
1063.937143	1424.022857
1112.421053	1423.421053
1032.429752	1423.347107
1034.571429	1428.742857
1050.853333	1428.066667
756.6666667	1430.111111
1144.371134	1430.989691
1097.948718	1433.833333
1088.692308	1433.2
1106.351852	1437.222222
1024.096774	1438.83871
1111.576271	1438.627119
1122.428571	1439.767857
1117.34375	1439.75
1141.9	1440.475
1113.465116	1445
1129.821429	1442.285714
1119.25	1446.583333
1105.555556	1444.777778
1025.162162	1447
1097.72549	1447.627451
1091.207547	1447.415094
1123.333333	1449.933333
1062.271845	1452.029126
1103.722222	1452.777778
1049.45614	1453.526316
1071.6875	1452.9375
1110.887097	1452.370968
1094.40625	1455.25
1082.295567	1457.172414
1119.5	1455.857143
1045.318182	1459.045455
1108.560606	1457.954545
1114.551724	1461.551724
1120.107692	1462.123077
1043	1462.5
1104.790698	1462.930233
1026.741379	1465.741379
1034.073529	1465.75
1096.974359	1465.564103
496	1469.826087
1072.72549	1470.058824
1081.326531	1469.693878
1032.873239	1473.873239
1045.6	1473.441667
1086.794872	1475.410256
1081.46	1480.42
1088.214286	1487.571429
1093.866667	1489.466667
932	1593.173913
1080.596774	1594.741935
1084.965517	1597.551724
1077.083333	1610.083333
1106.714286	1609.97619
1133.709677	1611.806452
1133.166667	1618.238095
1094.456522	1618.434783
1092.125	1622.875
1133.72	1624.88
1129.547945	1632.438356
1136.511111	1630.555556
842.8461538	1634
1140.037736	1636.09434
1051.117647	1636.411765
843.5853659	1640.707317
1065.107143	1639.928571
868.862069	1645.758621
1163	1648.5
1098.5	1648.3
814.3333333	1651.5
1039	1651
978.0384615	1653.961538
983.55	1652.975
1086.0625	1653.104167
973.6666667	1654.888889
1020.4	1656.7
1121.2	1659
896.84	1660.2
981.9156627	1660.53012
853.9375	1663.3125
923.7714286	1663.142857
1050.083333	1664.116667
1128.428571	1664.428571
1074.6875	1665.9375
859.6526316	1666.042105
898.5612245	1668.071429
820.1176471	1667.623529
828.8035714	1669.839286
889.6428571	1667.757143
881.9350649	1674.350649
930.7708333	1673.875
1074.444444	1673.777778
862	1673.166667
874.3513514	1676.378378
1145.787879	1674.818182
869.1290323	1678.870968
861.3653846	1680.019231
1027.458333	1682.166667
1194.925926	1682.37037
891.9852941	1681.823529
851.1428571	1684.642857
865.1142857	1684.714286
887.4	1685.1
876.9538462	1684.030769
351.2826087	1687.456522
854.6521739	1688.423913
901.2121212	1686.30303
869.4050633	1690.012658
1168.965517	1688.793103
836.7368421	1690.657895
876.7567568	1690.567568
881.9818182	1693.118182
894.6333333	1689.833333
889.2291667	1695.395833
1182.136364	1692.545455
857.9677419	1693
904.3333333	1692.352381
870.1111111	1696.407407
895.7959184	1697.44898
849.5	1696
863.0759494	1695.556962
875.2894737	1699.736842
935.9333333	1696.066667
342.6521739	1701.5
358.6666667	1701.388889
858.0613497	1702.754601
869.4761905	1702.02381
881.3793103	1703
893.4583333	1702.958333
851.9090909	1705.757576
349	1706.5
786.8	1705.95
813.65	1707.65
802.030303	1707.575758
851.25	1709.4
807.6363636	1708.954545
848.137931	1711.103448
795.0258621	1710.206897
843.0273973	1709.890411
904.3170732	1711.219512
807.1538462	1712.461538
838.046875	1715.265625
853.8571429	1714.428571
888.1896552	1713.896552
876.2727273	1714.181818
858.0731707	1714.878049
881.2727273	1717.575758
901.0434783	1716.869565
933.4705882	1717.647059
893.2545455	1719.290909
862.9042553	1719.361702
884.7719298	1723.105263
879.0384615	1728.025641
868.6986301	1725.835616
1049.175	1724.025
895.9059829	1726.529915
861.1944444	1729.611111
903.4344828	1730.572414
887.2444444	1729.311111
470.5652174	1734.173913
505.5151515	1734.393939
1000	1737.2
491.877551	1738.102041
933.3461538	1738
480.7647059	1740.147059
499.8378378	1739.621622
451.6363636	1741.022727
932.6444444	1742.133333
1022	1746.263158
492.7678571	1746.875
502.5333333	1748.513333
423.4242424	1753.424242
490.1553398	1754.61165
500	1756.045455
860.3125	1758.71875
423.027027	1759.837838
843.0869565	1760.043478
848.8070175	1763.368421
894.7333333	1765.6
843.1428571	1770.142857
473.5961538	1774.903846
874.7096774	1773.806452
386.6428571	1774.964286
798.5	1776.5
1254.411765	1778.117647
910.6363636	1779.666667
1003.090909	1780.090909
384.4347826	1781.152174
407.8857143	1782.057143
876.3364486	1781.850467
865.5076923	1784.461538
987.6086957	1783.304348
1274.229508	1783.622951
533.3076923	1785
1197.296875	1787.289063
539.8958333	1786.4375
882.6896552	1787.310345
1188.948718	1787.461538
392.6333333	1787.133333
452.7777778	1787.5
876.1111111	1791.333333
1203.571429	1787.571429
388	1789.516129
1191.823529	1793.45098
426.375	1790.875
1262.947368	1790.157895
1269.9375	1790.109375
987.5	1791.1875
434.15625	1793.916667
496.2307692	1791.846154
379.5	1794.333333
488.1315789	1793.947368
1173.157895	1793.881579
856.5925926	1795.518519
504.1851852	1799.266667
862.5625	1801.421875
877.5384615	1799.846154
1176.833333	1799.566667
1192.826087	1801.347826
1199.142857	1799.642857
980.1309524	1800.416667
988.4183673	1799.510204
994.3142857	1802.371429
942.9574468	1804.234043
1000.492857	1805.278571
1183.166667	1805.555556
364.4210526	1806.105263
815.6666667	1806.111111
1018.472222	1806.111111
1170.642857	1805.97619
1271.636364	1805.5
990.0769231	1807.846154
349.255814	1808.186047
356.4179104	1807.283582
1177	1807.5
1196.395833	1808.895833
1210.28	1809
1164.025	1810.925
1203.644068	1811.372881
1001.666667	1812.875
1220.730159	1814.97619
986.2083333	1817.722222
366.4285714	1818.904762
1184.90099	1816.514851
1176.969697	1820.624242
873	1820.647059
981.8181818	1823.090909
1240.541667	1821.75
432.1333333	1824.4
1249.781818	1822.418182
441.8387097	1825.806452
1169.797101	1826.449275
1242.776119	1828.373134
375.05	1826.75
413.2826087	1827.630435
1014.101695	1827.152542
1032.827586	1826.793103
419.4285714	1828.057143
521	1828
1023.285714	1829.078571
1140.888889	1828.333333
380	1828.5
954.5	1830
941.2916667	1830.375
1177.363636	1831.556818
371.9166667	1832.388889
376.8571429	1831.571429
447.3636364	1831.681818
414.8421053	1833.54386
1129.363636	1834.090909
434.6229508	1837.885246
1190.147059	1835.617647
440.8953488	1839.139535
510.7333333	1838.177778
1259.586957	1838.152174
1271.375	1838.25
503.7241379	1838.344828
1152.25	1839.0625
489.8928571	1842.464286
984.0384615	1842.307692
1143.138889	1841.527778
1258.444444	1843.888889
499.5405405	1843.864865
1166.125	1844.5
524.2307692	1846.807692
495.0833333	1847.666667
515.4390244	1847.829268
487.7272727	1849
1269.682927	1849.804878
499	1851.833333
1219.94086	1851.080645
482.4615385	1853.589744
1256.578125	1854.03125
461	1855.5
1186.533333	1857.266667
1191.617647	1857.205882
1210.410256	1859.294872
478.6166667	1857.383333
448.5	1859.5
1204.226415	1861.018868
510.05	1860.9
362.6363636	1863.909091
468.4615385	1863.5
1258.5	1865.24
486.3157895	1866.052632
1220.051724	1865.724138
1230.77551	1864.877551
369.375	1868.333333
513.9166667	1869.083333
498.6296296	1871.037037
469.6666667	1872.888889
1203.566265	1873.289157
364.7894737	1874.315789
1241.555556	1874.888889
1210.175439	1877.035088
1215.19403	1874.910448
1203.097222	1881.333333
1232.375	1878.3125
371.7323944	1881.71831
489.8529412	1881.441176
411.125	1883.125
1243.32	1883.52
393.9333333	1885.266667
508.2769231	1884.646154
1239	1885
495.6696429	1887.303571
398.6	1890.306667
1173.611111	1891.611111
480.3214286	1892.321429
1198.282051	1893.179487
1178.625	1896.75
498.1904762	1898.047619
460.8888889	1898.962963
520.28125	1900.65625
411.5714286	1901.571429
410.2173913	1908.42029
537	1910
477.4444444	1916.444444
390.5531915	1928.574468
460	1926.875
466.9090909	1927.045455
621.6666667	1931.484848
626.4047619	1933.142857
378.5882353	1935.803922
483.3380282	1937.704225
474.1833333	1942.066667
372.453125	1940.90625
623.627451	1942.215686
610.0461538	1942.246154
515.5	1947.5
399.5384615	1949.846154
464.08	1949.56
487.3125	1949.6875
417.3037975	1953.455696
440.6382979	1954.425532
443.3571429	1958.571429
602.6	1959.4
421.4222222	1961.577778
500.1904762	1961.009524
510.5	1965.5
515.3461538	1965.846154
409	1966.73913
505.1458333	1967.520833
533.6363636	1967.909091
514.0487805	1969.780488
388.4827586	1968.241379
536.64	1974.146667
551.0285714	1978.171429
408.3541667	1978.729167
386.9512195	1983.317073
378.71875	1985.6875
552.6111111	1987.333333
406.7678571	1986.964286
476	1989
547.3448276	1988.034483
370.90625	1991.296875
427.76	1990.48
545.4576271	1994.542373
554.7555556	1992.644444
430.3095238	1995.690476
460.2962963	1997.148148
550.2941176	1997.147059
416.1904762	1998.428571
654.5652174	1998.173913
363.4516129	1998.290323
427.6363636	1999.909091
454.3846154	2000.461538
372.6046512	2002.093023
657.6666667	2009.179487
536.0888889	2009.6
422.5833333	2012
459.7848101	2013.835443
514.1944444	2020.583333
532.5909091	2019.681818
626.125	2020.333333
465.372549	2021.941176
660.3508772	2023.578947
371.959596	2027.515152
420.9	2029.075
431.62	2030.32
491.9545455	2030.681818
522.0714286	2031.357143
675.2	2031.5
442.0634921	2035.301587
528.5	2036.714286
559.1212121	2038.242424
640.0909091	2038.363636
372.8536585	2040.317073
623.0606061	2043
555.2375	2046.5125
636.2727273	2045.5
378.5	2048.909091
399.8444444	2049.511111
394.9259259	2052.703704
398.6451613	2056
423.8604651	2056.093023
432.3157895	2055.276316
529.4	2060.4
428.375	2062.854167
423.40625	2065.0625
734.0833333	2064.583333
532.6190476	2066.571429
712.3333333	2067.47619
718.9761905	2064.571429
725.1973684	2065.565789
731.6964286	2069.392857
306.2291667	2071.4375
338.8387097	2070.83871
313.1685393	2068.595506
335.4	2072.9
407.3333333	2075.125
736.1363636	2076.545455
317.6	2075.529412
622.5555556	2077.583333
309.2941176	2077.882353
343.0465116	2077.325581
594	2077.333333
277.7407407	2079.555556
441	2078.5
316.7804878	2082.219512
364.8461538	2080.538462
305.6428571	2081.47619
311.5857143	2087.642857
613.3380282	2082.507042
275.4411765	2084.323529
626.8529412	2083.294118
290.2142857	2084.214286
585.8333333	2085.633333
441.7142857	2086.642857
302.3921569	2086.431373
573.8601399	2085.384615
435.6065574	2089.934426
263.7922078	2090.766234
290.5137615	2088.816514
280.4939759	2091.722892
298.7111111	2091.644444
590.0918919	2094.118919
307.3956044	2095.076923
284.5932203	2099.847458
258.5826772	2097.188976
294.5411765	2099.670588
755.9677419	2097.16129
275.970297	2098.742574
407.5333333	2097.733333
414.0833333	2098.5
556.5	2097.5
288.7777778	2100.111111
300.5	2098.625
269.2727273	2099.545455
248.530303	2102.878788
420.1470588	2102.235294
265.8	2104.3
309.0833333	2105.866667
547.5882353	2103.588235
302.8474576	2105.050847
257.0957447	2105.93617
437.8108108	2107.648649
609.4888889	2105.8
420.6923077	2107.576923
702.6333333	2108.066667
549.2698413	2109.31746
323.3888889	2109.277778
247.483871	2111.935484
259.1037736	2113.132075
664.1923077	2115.923077
255.7818182	2119.472727
614.6111111	2117.944444
232.2307692	2121.384615
663.4571429	2127.085714
586.2962963	2128.851852
581.0882353	2130.411765
767.2857143	2130.642857
665.875	2133.25
566.245283	2131.981132
561.7454545	2137.527273
575.1235955	2137.449438
741.8181818	2137.318182
567.3571429	2138.428571
571.5151515	2143.166667
636.9466667	2141
629.8571429	2142.714286
673.8823529	2142.588235
562.6595745	2143.829787
620.5319149	2146.680851
712	2150.55
802.4	2152.24
771.6923077	2157.038462
725.2903226	2158.806452
720.3428571	2165.228571
706.3854167	2164
713.0172414	2165
708.5	2170.571429
740.9220779	2170.454545
718.5384615	2174.138462
596.1025641	2175.923077
705.0181818	2176.4
671.65	2176.95
713.9354839	2178.806452
557.4090909	2181.045455
591.65	2183.95
797.1388889	2191.833333
571.76	2193.96
733.5211268	2193.28169
632.5	2194.5
615.8421053	2196.157895
811.6458333	2196.770833
783.6153846	2204.384615
754.8529412	2206.470588
607.0714286	2208.75
795.2631579	2212.684211
774	2227
623.6666667	2228.233333
557.46875	2232.78125
611.9473684	2234.578947
690.9090909	2239.454545
741.1904762	2239.571429
539.825	2241.1
614.2758621	2244.344828
707.8846154	2250.461538
708.6692913	2258.811024
629	2259.647059
716.1	2263
632.8421053	2263.763158
691.6851852	2263.851852
700.675	2262.2
705.483871	2266.387097
696.6037736	2266.490566
701.4444444	2269.851852
710	2269
684.95	2270.9
708.7738095	2274.75
646.030303	2282.272727
643.0333333	2287.983333
649.1481481	2286.925926
735.9361702	2287.404255
636.3529412	2292.205882
706.5	2292.785714
573.5357143	2295.642857
629.2142857	2295.761905
654.7058824	2298.205882
539.8787879	2298.227273
549.7352941	2298.352941
512.1428571	2300.380952
520.2	2300.24
548.8680556	2306.868056
685.5	2307.5
544.9583333	2312.791667
657.0625	2313.1875
552.6052632	2314.842105
546.7647059	2318.176471
552.8378378	2319.864865
539.6938776	2318
599.826087	2317.304348
688.4791667	2319.645833
489.0909091	2322.090909
500.6111111	2324.083333
708.5	2326
719.2348485	2329.931818
500.9642857	2333.642857
531.0243902	2334.658537
713.2857143	2337.047619
705.5833333	2336.033333
681.2222222	2339
535.0159574	2344.430851
587.5	2342.083333
498.7746479	2343.774648
705.5123967	2343.917355
562.0735294	2344.691176
629	2345.789474
693.452381	2347.214286
700.25	2347.107143
572.4266667	2351.373333
541.6829268	2350.926829
550.5652174	2353.826087
330.176	2360.808
737.5	2364.115385
576.92	2367.02
735.3692308	2372.446154
566.2459016	2374.098361
643.8888889	2375.333333
668.9285714	2379.142857
627.0434783	2381.086957
808.5625	2381.75
639.5777778	2382.255556
733.2588235	2382.176471
638.48	2387.8
795.4347826	2386.826087
801.7894737	2386.052632
544.4375	2387.416667
813.9130435	2391.565217
540.311828	2392.301075
816.2205882	2399.764706
671.875	2400.3125
542.1	2401.39
474.5769231	2403.692308
532.137931	2403.689655
810.5	2403.1875
736.8421053	2404.842105
520.6447368	2404.394737
613.875	2411.125
784.1111111	2410.444444
761.5	2412.962963
747.1666667	2414.055556
483.5	2421.833333
763	2421.2
759.1785714	2426.52381
537.3023256	2428.162791
543.5877193	2428.535088
766.1842105	2430.657895
500.52	2432.12
758.6818182	2433
771.8985507	2435.695652
546.56	2436.44
761.5	2437.175
790.25	2446.95
562.7647059	2447.941176
740.5945946	2460.945946
746.173913	2462.217391
581.4117647	2505.117647
701	2541.375
702.88	2547.8
755.96	2557.08
696.8214286	2558.642857
711.530303	2558.19697
760.5333333	2564.1
715.2195122	2567.853659
684.8	2565.230769
780.3584906	2569.075472
690.3243243	2571.108108
697.75	2573
686.9655172	2572.862069
707.15	2573.95
683.3243243	2575.594595
719.3457944	2575.831776
693.5	2579.657407
685.4666667	2581.033333
717.6363636	2583.878788
746.16	2583.68
701.1612903	2586.83871
782.02	2591.84
719.6190476	2596.47619
745.7666667	2595.522222
746.3571429	2602.571429
714.4210526	2603.105263
763.5	2602.5
772.76	2605.96
695.3483146	2606.247191
714.7295082	2611.532787
741.2352941	2625.176471
714.4782609	2632.913043
718.3333333	2638.944444
820.4090909	2640.272727
812.725	2641.45
728.6585366	2644.170732
804.6666667	2650.037037
805.1525424	2657.457627
747.7346939	2661.632653
747.7575758	2667.393939
702.5833333	2667.333333
711.6394558	2669.265306
752.2166667	2667.75
700.1914894	2673.765957
707.8117647	2677.317647
678.4545455	2679.127273
686.8461538	2677
695.7916667	2678.270833
717.7468354	2681.632911
660.6435644	2681.60396
682.9552239	2684.477612
690.5	2682.681818
691.8360656	2688.032787
704.7906977	2684.116279
698.7936508	2688.349206
708.9043478	2689.913043
637.1785714	2695.357143
627.1555556	2694.511111
622.1153846	2702.307692
643.8214286	2702.071429
631.6517857	2700.883929
638.3392857	2706.464286
628.8656716	2708.820896
675.1764706	2711.5
687.7692308	2714.769231
696.3617021	2719.468085
699.5151515	2726.848485
895.6153846	2797.615385
762.2380952	2893.047619
697.5263158	2896.736842
690.3064516	2897.322581
702.7666667	2899.5
817.6896552	2898.551724
861.1	2899.122222
919.3333333	2898.75
868.1129032	2898.145161
711.0434783	2901.434783
719.3611111	2900.694444
679.2307692	2904.692308
717.0909091	2905.515152
712.9411765	2907.970588
728.2560976	2910.195122
719.1071429	2913.392857
789.490566	2913.471698
810.7297297	2913.108108
677	2915.5
815.4909091	2915.8
918.2745098	2915.196078
726.1363636	2916.772727
656.3684211	2918.684211
710.16	2918.76
905.3333333	2920.5
717.3157895	2921.578947
726.7826087	2921
659.125	2922.875
814.0714286	2924.52381
694.3928571	2924.964286
903.5555556	2927.083333
653.8549618	2931.801527
663.3	2928
675.0454545	2928.954545
938.6666667	2930.111111
692.0625	2931.0625
739.5454545	2932.025974
953.8965517	2931.982759
713.9230769	2932.192308
840.25	2934.625
891.2444444	2937.577778
891.0784314	2943.039216
909.5	2945.714286
643.030303	2949.181818
694.6153846	2949.615385
650.1764706	2950.54902
767.55	2953.633333
896.0714286	2952.857143
653.18	2955.24
772.8787879	2958.515152
947.8076923	2957.384615
962.7118644	2960.135593
847.8148148	2959.962963
875	2959.5
929.7329193	2960.378882
935.7692308	2960.269231
636.9285714	2961.875
643.3333333	2964.188406
650.4	2964.914286
790.5862069	2968.816092
783.5384615	2969.692308
879.4363636	2969.454545
928.5	2969.666667
647.4909091	2976.109091
659.5333333	2977.7
653.8571429	2978.380952
784.915493	2977.408451
666.1162791	2979.093023
915.5	2980.5
942.8965517	2979.603448
918.5769231	2986.615385
788.1777778	2991.844444
793.4761905	2992.047619
935.6111111	2995.314815
791.5	2996.2
594.8235294	3007.058824
882.5789474	3016.078947
965.9764706	3014.6
873.6521739	3020.869565
940.6153846	3021.615385
843.9767442	3027.325581
837.2028986	3040.391304
940.6140351	3047.070175
840.6086957	3047.057971
829.8924731	3051.010753
835.3611111	3052.027778
845.0967742	3051.741935
597.4	3053.94
870.6666667	3053.555556
839.5833333	3057.027778
900.1666667	3057.916667
891.5789474	3059.421053
904.875	3064.875
893.9489796	3068.734694
871.173913	3067.942029
847.6888889	3070.888889
908	3070.5
901.5769231	3071.102564
862.1666667	3075.564103
852.2857143	3076.785714
890.8	3077.2
886.85	3077.6
916.1282051	3077.641026
892.6875	3080.25
891.7777778	3083.666667
888.5714286	3083.5
930.5192308	3083.076923
926.9824561	3087.45614
966.6571429	3087.057143
811.8823529	3094.294118
820	3097.368421
812.3553719	3100.884298
822.0757576	3101.742424
863.7142857	3101.428571
930.4333333	3103.233333
941.7272727	3102.5
709.7555556	3108.911111
966.05	3114.9
773	3120.5
686.308642	3132.617284
958.6046512	3133.209302
869.4642857	3136.142857
685.0561798	3145.033708
680.1607143	3150.928571
896.7407407	3151.148148
891.3	3154.228571
887	3158.8125
901.4339623	3157.698113
892	3161.903226
844.2946429	3163.633929
875.6578947	3164.447368
885.6551724	3162.793103
901.2891566	3164.927711
887.5409836	3169.131148
893.4418605	3168.767442
932.9189189	3172.189189
840.0588235	3174.176471
858.2307692	3173.307692
846.2727273	3177.181818
928.3846154	3176.615385
865.24	3189.44
710.7777778	3195.5
687.6666667	3201.875
671	3203.5
905.3636364	3202.909091
868.2619048	3211.02381
709.9090909	3216.090909
718.6603774	3219.415094
873.0465116	3216.55814
681.1333333	3220.813333
708.6153846	3220.384615
713	3220.37037
725	3223.333333
714.2580645	3225.580645
674.3043478	3229.782609
718	3255.086957
665.2857143	3278.015873
888.6097561	3283.902439
907.2272727	3298.727273
912.0869565	3301.130435
911.1666667	3310.916667
915.9583333	3313.25
911.2708333	3316.375
922.8333333	3315.722222
917.5555556	3319.2
922.3076923	3322
979.5588235	3327.794118
984	3332.108696
915.8181818	3333.636364
903.5348837	3341.069767
962.6173913	3345.826087
967.4285714	3353.549451
959.3896104	3356.116883
951.7674419	3357.27907
975.6582278	3358.202532
955.6507937	3362.666667
967.0909091	3364.272727
943.6631579	3365.831579
897.9756098	3368.121951
971.6666667	3369.2
954.0526316	3369.578947
979.0833333	3372.125
938.9022556	3376.93985
926.49	3372.98
946.3392857	3375.625
981.8695652	3376.130435
911.5555556	3376.944444
958.2391304	3376.608696
989.4347826	3380.608696
925.5098039	3381.843137
932.0222222	3381.888889
975.5483871	3384.741935
995.6578947	3391.631579
927.7647059	3393.529412
982.3661972	3405.901408
899.3305439	3434.497908
892.1818182	3444.590909
990.2857143	3456.821429
779.125	3459.875
882.1785714	3462.678571
779.3125	3468.75
954.1071429	3475.892857
868.9452055	3480.410959
951.7105263	3480.631579
875.0697674	3484.44186
889.12	3484.8
961.4583333	3483.02381
862.4814815	3484.648148
869.8148148	3488.185185
985.0909091	3488.181818
931.6060606	3489.393939
858.8648649	3489.891892
968.5348837	3491.098837
795.5686275	3494.745098
954.5505618	3494.494382
789.4117647	3494.647059
790.56	3499.52
805.7142857	3498.5
873.4	3499.5
960.6666667	3498.666667
785	3500.111111
865.0697674	3501.186047
798.3333333	3502.708333
794.34375	3503.40625
923.1935484	3503.096774
954	3507.5
908.0526316	3519.289474
922.1111111	3522.666667
850.5	3524.5
908.7428571	3527.171429
766.9130435	3528.434783
959.2903226	3527.451613
937.5972222	3533.861111
943.75	3531.5
779.483871	3533.870968
769.1919192	3536.565657
900.5151515	3539.439394
809	3540
781.8317757	3541.878505
768.4452555	3544.868613
788.2727273	3546.779221
943.4	3546.971429
780.6857143	3552.385714
794.4186047	3551.255814
919.5384615	3551.846154
911.015625	3554.3125
952.2647059	3552.205882
778.8928571	3558.946429
768.4360902	3555.932331
938.8235294	3557
946.1929825	3556.824561
955.2608696	3557.434783
950.537037	3562.703704
943.7755102	3562.571429
925.6	3561.35
857.4852941	3570.514706
819.1428571	3572.142857
889.5666667	3573.266667
876.25	3574.25
954.0375	3574.3
835.4637681	3575.826087
848.9726027	3573.849315
863.6363636	3576.090909
813.8089888	3577.314607
853.9259259	3579.481481
822.4285714	3580.380952
834.7	3582.5
862.7894737	3582.736842
951.2857143	3582.761905
955.0638298	3587.340426
855.8723404	3588.297872
906.5	3589.5
901.5882353	3595.117647
829.6666667	3597.916667
845.5849057	3597.830189
817.1666667	3602.125
866.8380952	3602.514286
951.0384615	3602.692308
855.0576923	3603.096154
844.2631579	3608.210526
849.12	3607.8
900.7938931	3617.198473
863.2857143	3621.857143
895.2307692	3624.923077
865.7241379	3628.551724
830.0833333	3629.875
918.5789474	3632.421053
799.0909091	3635.090909
859.4651163	3635.744186
865.7333333	3637.066667
874.5923077	3635.838462
864.1785714	3644.517857
910.0540541	3645.324324
891.7317073	3653.426829
864.0666667	3653.733333
896.2962963	3657.703704
890.6052632	3660.947368
896.3773585	3663.90566
885	3665
833.875	3672.9375
889.0333333	3672.1
929.1714286	3762.171429
967.1219512	3772
978.7209302	3773.790698
941.7272727	3777.5
985.1944444	3778.388889
892	3781.075
962.7727273	3780.045455
928.4615385	3781.153846
862.2407407	3782.425926
961.1428571	3785.607143
975.0714286	3785.5
853.4418605	3785.674419
857.4444444	3789.685185
903.4230769	3788.673077
971	3788.5
981.6222222	3788.881481
850.3777778	3792.022222
887.6666667	3792.666667
841.6949153	3795.932203
847.5806452	3796.677419
861.1679389	3797.229008
873.16	3796.373333
883.1153846	3797.025641
872.2209302	3803.523256
881.2	3802.057143
885.6521739	3804.434783
875.0555556	3807.333333
838	3807.5
968.8529412	3805.705882
928.04	3808.76
846.7460317	3811.52381
971.75	3812.6875
954.6060606	3815.909091
971.5	3816.777778
919.4545455	3817.863636
844.3409091	3819.340909
919.7837838	3823.459459
850.0740741	3828.444444
837.04	3831.4
911.1612903	3840.064516
857	3842.5
834.6744186	3843.976744
928.48	3845.44
916.2173913	3844.869565
912.2	3849.52
866.38	3851.34
1039.103448	3852.241379
860.4186047	3854.581395
1037.571429	3856.285714
850.58	3859.02
867.7428571	3863.942857
873.1785714	3865.321429
952.8958333	3866.708333
1042.68	3867.24
964.6	3874.3
901.0681818	3876.090909
940.7368421	3876.263158
956.7916667	3876.6
914.5	3876.727273
1036.5	3878.5
859.4117647	3887.117647
942.1162791	3887.604651
956.2727273	3889.181818
989.0909091	3888.272727
982.4107143	3889.803571
1003.898305	3888.40678
1027.412698	3891.809524
993.1590909	3894.840909
1034.363636	3894.5
968	3895.486486
918.55	3896.95
932.7222222	3897.296296
912.5752212	3899.566372
921.6785714	3899.892857
1012.692308	3897.692308
904.3103448	3899.103448
896.9428571	3899.371429
927.2162162	3901.513514
952.0212766	3902.170213
918	3904.3
928.1728395	3908.209877
917.5867769	3911.413223
940.902439	3912.121951
889.85	3915.55
891.59375	3920.21875
942.8878505	3922.457944
948.1571429	3922.071429
913.015873	3924.769841
1061.323529	3927.676471
931.4038462	3930.269231
1018	3929.5
1058.21875	3932.0625
906.147541	3932.639344
934.6153846	3933.576923
908.9333333	3936.866667
916.2666667	3936.066667
1024.117647	3940.823529
1012.377049	3944.770492
1016.233333	3940.833333
1019.190476	3943.238095
1005.878788	3946.136364
1021.142857	3947.371429
1007.907563	3955.092437
1013.416667	3951.833333
1019.761364	3953.295455
998.2941176	3956.159664
1023.32381	3958.390476
1015.142857	3963.071429
1028.402778	3965.361111
913.68	3967.24
1004.108696	3967
935.2666667	3970.533333
1041.588235	3970.882353
1049.36	3970.08
1009.95122	3977.268293
989.3103448	3982.896552
969.2786885	3982.95082
988.1666667	3989.166667
990.0909091	4005.636364
