X	Y
0	0
0	6000
6000	0
6000	6000
864.6923077	275.9615385
860.0869565	278.826087
821.0285714	280.2857143
854.9761905	280.3333333
865.474359	284.9102564
858.3414634	286.3414634
886.2272727	283.7727273
817.1578947	285.3684211
872.0784314	286.254902
853.942029	289.5362319
884.8333333	290
776.5416667	291.0416667
794.2666667	289.9833333
881.55	291.95
889.3611111	291.0277778
837.7391304	295.1304348
874.3888889	295.4444444
773.6	295.75
843.2631579	295.4473684
787.9565217	296
891.9705882	296.5882353
794.4666667	297.4
863.1315789	295.4605263
852.2333333	297.5111111
870.0925926	299.3148148
858.2058824	301.1470588
801.7058824	300.7058824
885.2444444	302.4888889
797.1923077	303.5192308
878.75	303.95
858.0952381	305.047619
863.3636364	304.0909091
795.6363636	309.5454545
884.125	313
805.761194	312.4029851
793.1	315.8
868.8666667	316.4
770.2	317
800.6818182	316.3409091
867.5	320.4090909
881.0625	324.6875
819.59375	327.71875
826.4693878	327.2857143
811.6666667	327.962963
875	330.5
792.8421053	330.8421053
811.5	332.3235294
842.0322581	330.6774194
830.5	331.5
816.5263158	333.1578947
831.7142857	336
814.16	338.08
826.2298851	335.4137931
834.9375	337.375
840	337.7391304
819.71875	338.640625
848.2142857	337.6428571
785.65	340.55
836.5	341.2222222
827.2631579	342.6315789
832.9090909	341.6363636
850.9130435	342.2608696
845	344.7894737
789.3333333	345
822.5384615	345.9423077
828.1818182	348.2727273
833.3555556	348.3555556
786	349
891.2272727	348.5909091
884.1496063	353.015748
813.5575221	349.3893805
894.2045455	353.0454545
834.4130435	354.7608696
821.9375	353.6875
812.75	357.25
826.6170213	356.2553191
768.3333333	357.3333333
805.7794118	355.0735294
816.4210526	358.7368421
820.5869565	359.2391304
796.9130435	360.2608696
890.5555556	358.6666667
835.8888889	360.9555556
882.3076923	360.2307692
815.25	363.4285714
851.56	363.96
777.1212121	363.3939394
810.1617647	364.8970588
909.9090909	363.6363636
799.7916667	364.625
831.1758242	364.6043956
772.3142857	366.6285714
792.804878	366.8292683
821.3636364	367.2272727
838.1333333	368.0666667
845.5	368.5
769.3461538	370.1538462
788.21875	371.84375
823.55	372.6
850.0909091	372.3636364
912.88	372.16
842.5666667	374.2666667
853	374.2
869.8695652	373.7826087
776.375	374.1875
838	375
767.9827586	377.0172414
782.8163265	377.6122449
868.4583333	378.7916667
789.4102564	379.025641
876.5263158	379.3684211
796.8484848	379.3939394
804.6818182	378.5
838.2777778	381.1666667
862.5	380.7727273
800.2307692	383
874.5	385
778.961039	385.7142857
811.4516129	385.1935484
806.9090909	387.5909091
825	387.8888889
817.3655914	388.8064516
839.9130435	388.1086957
865.5	390.5
814.0606061	393.6666667
838.6666667	393.6444444
861.9090909	391.9090909
781.9803922	392.4117647
792.5454545	393.9318182
829.4736842	393.3947368
777.5	395
797.3666667	397.8333333
783	401.5
864.1153846	400.9230769
790.8857143	403.2761905
799.037037	403.4814815
874.7142857	403.5714286
892.125	406.875
782.3428571	409.9142857
797.7777778	408.3333333
888.125	410.875
781.2222222	414.8888889
841.3333333	413.4166667
787.4722222	414.6944444
835.8333333	413.7083333
827.875	417.325
778.75	417.4375
835.3076923	420.4230769
784.2608696	420.4347826
816.4888889	422.6222222
780.9230769	421.0769231
827	424.5
819.5454545	426.8636364
815.7407407	429.0740741
849.8	429.5
828.5810811	430.7567568
823.125	436.125
854.7777778	435.5
617.6666667	443.5555556
727.5	502.8
823.9230769	506.3076923
817.8611111	508.875
818.4285714	516
813.0285714	517.3428571
754.7142857	523.5
815.1111111	523.1851852
691.9259259	524.5925926
762.1923077	523.6923077
824.2307692	524.2820513
820.3636364	525.8787879
815.5238095	528.3809524
823.5714286	537.5238095
815.7142857	541.3571429
823.9047619	542.5714286
828.2619048	543.452381
813.5192308	545.5192308
819.1875	545.1875
708.9090909	547.3636364
776.5909091	546.6363636
840.1176471	550
831.4615385	550.1538462
690.1481481	552.0740741
781.1578947	551.3157895
786	554.6315789
688.6153846	555.4615385
758.5882353	557.2352941
823.4545455	559.6363636
675.9166667	560.8333333
741.5	562
772.0638298	562.7021277
777.8125	564.375
819.4915254	565.1694915
830.6	565.1125
824.5555556	566.4814815
739.1578947	569.1578947
774.5666667	571.4333333
746.875	571.875
768.4285714	573
759.9090909	574.3636364
716.8205128	574.974359
685.56	578.32
810.5	579
806.8666667	579.6
707.6666667	581.7333333
693	582
807.1904762	583.1428571
757.2727273	584.2727273
798.6521739	589.4565217
803.7222222	591.2222222
807.3529412	590.6470588
710.5	593
788.4210526	598.4210526
808.1724138	598.6551724
801.6521739	598.5
813.2	601.3
793.3428571	602.2857143
752.5	604.5
758.375	604.75
799.6774194	604.6129032
806.8888889	605.0833333
732.125	604.875
765.0666667	604.4
774.6101695	608.6779661
811.1428571	606.7714286
724	608
803.9333333	608.6
838.75	608.6666667
750.5833333	610.75
778.2916667	611.4166667
761.3846154	612.3846154
782.6842105	612.8815789
801.5869565	612.7826087
794.9545455	618.8181818
768.0645161	619.6451613
789.5909091	617.5909091
786.9411765	619.3529412
684.8	623.5
748.2820513	623.4102564
763.1515152	624.5757576
721	625.5
681.4444444	626.6666667
885.3793103	627.6896552
791.875	627.875
661.8974359	630.1282051
801.2666667	628.9333333
653.0952381	632.5714286
673.125	632.8958333
683.6666667	632.6
800.3	633.3
790.24	635.24
632.9545455	636.9090909
666.5	638.4090909
654	638.4137931
681.1538462	640.2307692
665.4117647	645.0588235
661.8333333	645.5833333
646.2051282	646.8589744
659.125	647.625
672.8	646.9
682	647.5238095
653.85	648.825
677.0983607	648.9016393
680.9259259	652.7407407
668.7222222	652.5555556
649.7169811	654.0566038
683.6153846	655.7692308
654.2777778	660.1666667
664	664
674.4285714	666
669.1111111	669.6666667
719.875	672
674.2903226	672.516129
726.4285714	671.6190476
643.8888889	675.3333333
660.2857143	674.6428571
703	682
703.3	688
710.3529412	688.6176471
694.8181818	689.9090909
655.1333333	692.2222222
699.1818182	692.0909091
693.5	693
702	693.8
696.8823529	694.8235294
698.2222222	697.6666667
701.3125	697.9375
653.1612903	700.2258065
548.5384615	702.8461538
695.1176471	706.5882353
647.3076923	707.2307692
687.0909091	706.3636364
698.8461538	707.6153846
692.8076923	713.525641
630	713
699.4444444	713.3333333
554.1	719.1
695.1176471	719.1764706
691.1363636	719.7727273
648.4615385	723.2051282
683.6153846	723.3846154
651.6666667	728.1111111
646.037037	728.8888889
652.1111111	733.4722222
682.8181818	742.9090909
578.25	766.875
686.1607143	772.5535714
733.6153846	775.6153846
647.3846154	782.3846154
642.5	783
664.9666667	784.1
641.3448276	788.5172414
647.1904762	791.047619
655.8461538	795
527.3666667	797.3666667
495.1470588	802.2647059
501.5142857	802.7714286
491.3	805.7
557.1162791	805.3953488
493.7391304	809.826087
761.6	810.4
554.9333333	812.4333333
561.7931034	812.7241379
658.6470588	813.5882353
523.6190476	816.2142857
694.5	817
492.75	820.0833333
520.5555556	821.4444444
525.5384615	822.6923077
689.2333333	820.8666667
489.375	824.75
691.5294118	825.8823529
711.2	826.3333333
523.0588235	827.8529412
627.25	827.4166667
502.0454545	827.7272727
528.125	829.125
688.8846154	829.4615385
490.5	830.1875
629.2	830.5
624.1304348	830.4782609
492.3333333	835.1666667
677.9130435	833.9565217
682.5833333	833.2083333
551.32	835.2
499.2857143	835.3673469
543.6896552	836.6206897
548.1666667	837.7777778
678.625	839.6458333
556.4074074	840.2222222
572.0526316	838.8421053
496.8214286	840.8928571
539.5882353	840.6176471
685.2714286	839.8714286
546.6190476	843.952381
557.2173913	845.1304348
574.0526316	844.3684211
498.3333333	846.0416667
568.5	846.8
681.7692308	847.2307692
577.0666667	847.6
549.754717	850.8301887
704.5	850.75
482.6363636	853.6363636
538.9285714	855.6071429
481.6785714	858.0357143
516.3333333	858.8888889
682.875	861.125
484.8064516	862.2580645
520.72	861.2
163.6666667	865.2222222
489.55	865.15
494.0344828	866.1034483
574.875	865.125
690.4814815	866.1481481
484.0952381	866.7142857
520.9142857	867.1714286
486.7727273	869.3636364
511.6666667	868
515.7931034	868.4482759
688	870
520.4814815	872.8518519
491.0869565	876.1304348
512.1403509	874.9824561
523.9583333	876.5416667
721.875	877.125
570.7307692	880.2692308
614.7142857	880.3571429
518.8947368	879.3947368
508.7575758	883.0909091
526.0322581	882.2903226
522.2432432	884.6486486
653.3846154	882.6153846
561.0909091	884.3636364
715.5	885.7
567.6	886.4
721.6666667	886.5
571.125	887.375
613.7916667	886.75
653.0246914	893.3333333
574.2105263	891.1578947
722.2727273	891.5
724.9333333	895.9
612.1176471	894.4117647
502.9473684	895.5
516.1111111	896.3333333
498.9361702	899.2765957
507.5588235	897.6176471
732	899.5
516.3461538	902
724.125	902.125
500.8461538	903.6923077
545.32	904.68
506.94	905.14
501.6333333	908.1666667
630.5	911
738.125	914.125
507.5555556	916.8888889
625.875	920.125
721.225	920.325
492.5909091	920.2727273
720.7692308	924.8461538
722	927.3214286
482.3548387	928.1290323
525.1111111	929.2222222
715.4	927.9333333
476.9	930.6333333
719.9411765	931.2352941
484.5970149	933.3432836
598.8421053	931.5263158
473.5	934.7307692
571.1111111	937.3333333
595.2045455	936.4772727
718.8076923	937.0384615
522	942
473.1020408	943.7755102
720.3953488	944.9534884
710.6041667	945.9375
716.9	944.95
741.7142857	946.1428571
744.6428571	948.2142857
478.7692308	950.025641
528.3	949.8
835.5	950.7142857
745	952
668.4210526	957.4210526
572.7037037	959.3333333
661.0769231	962.6923077
571.2459016	965.7213115
659.0857143	967.8857143
794.7777778	969.2444444
794.7777778	973.3333333
661.4310345	974.3965517
654.372093	977.0930233
789.4722222	976.6111111
500	978
651.5714286	983.9714286
772.6666667	984.6666667
514.6	989.825
775.1111111	987.6666667
506.8333333	988.9666667
767.3333333	995.8888889
686.6363636	1001.909091
734.875	1007.875
560	1010.666667
734	1011.692308
652	1018.2
784.826087	1019.565217
664.3846154	1020.384615
569.8181818	1023.181818
655.8	1023.5
796.8125	1024.8125
790.7954545	1028.136364
527.8461538	1028.461538
654.45	1029.825
664.4561404	1029.631579
789.95	1033.5
793.8947368	1033.263158
663.36	1036.92
409.3846154	1036.538462
528	1035.5
643.9166667	1035.833333
415.1666667	1037
653.5409836	1037.770492
660.1481481	1039.777778
782.2837838	1041.216216
409.4814815	1042.259259
784.8	1047.977778
735	1049.5
779.7142857	1049.714286
779.6190476	1054.428571
780	1067.5
523.125	1069.125
759.3333333	1070.111111
766.2	1070
770	1070
745	1072
440.25	1072.95
778.2	1075.4
781.04	1076.8
435.8	1081.1
776	1081.451613
780.3	1083.95
431.9333333	1086.933333
748.05	1088.1
774.7391304	1088.826087
759.9019608	1094.117647
413.1037736	1092.613208
765.8	1093.95
751.5	1096
802.3333333	1096.888889
622.7	1098.3
416.5111111	1099.911111
409.4230769	1101.192308
739.8888889	1101.555556
756.2941176	1103.294118
412.875	1105.041667
510.7710843	1106.072289
642.7916667	1106
519.5	1107.5
417.9818182	1109.509091
602.125	1110.125
855.8421053	1111.315789
511.7228916	1113.385542
598.45	1113.4
415.5	1115
425.1333333	1117.733333
531.5	1119
436.6744186	1120.44186
535	1123.833333
715.826087	1125.26087
523.6	1124.6
520.4166667	1125.666667
544.5882353	1126.117647
516.8461538	1127.615385
524.2	1129.12
529.0909091	1128.636364
551.1794872	1128.333333
701.875	1130.125
440.125	1131.125
546	1130.2
538.4468085	1131.425532
612.4473684	1133.131579
438.6428571	1135
693.125	1136.875
695.875	1137.125
781.2272727	1138.886364
773.5405405	1138.972973
529	1139
774.4	1144.6
825.5	1143.5
777.8	1147
817.826087	1148.652174
791.0555556	1150.611111
778.3125	1150.9375
826.3333333	1151.666667
793.4444444	1156.333333
824.7391304	1154.956522
800.6538462	1156.615385
803.8823529	1161.352941
440.5	1162
823.1384615	1161.6
817.1785714	1165.714286
433.7021277	1168.361702
817.1578947	1170.157895
826.8571429	1167.642857
822.8181818	1169.484848
819.9347826	1175
437.1111111	1175.111111
827.6666667	1177.444444
442.1904762	1177.333333
820.3809524	1181.714286
818	1184.875
817.2857143	1188.214286
823.5833333	1186.708333
542.2777778	1192.722222
821.6315789	1191.973684
817.5	1193.714286
617.137931	1197.344828
624.2142857	1197.380952
791	1199
760.5	1200.5
822.8823529	1200.058824
632.725	1201.55
623.8947368	1202.421053
754.6666667	1203.111111
764.4705882	1204.117647
771.9722222	1203.222222
627.3846154	1205.384615
817.9607843	1204.490196
776.2745098	1207.803922
814.55	1206.95
519	1208
678	1209.5
531.2727273	1210.727273
745.5	1210.5
786.0571429	1210.628571
837.6666667	1211.333333
780.4615385	1213.153846
814	1213
831.5714286	1215.371429
685.375	1215.75
741.52	1216.12
801.3333333	1216.125
781.9230769	1217.615385
543.9487179	1218.871795
791.125	1219.53125
459.2222222	1220.5
464.1904762	1220.571429
706.25	1223
831.8461538	1221.615385
540.1463415	1222.219512
786.1578947	1222.736842
795.1111111	1222.666667
825.0465116	1223.976744
467.46875	1224.40625
549	1225
518.3043478	1225.130435
536.2307692	1226.384615
545.0869565	1225.652174
742	1225.5
657.5	1227
781.3333333	1226.875
838	1226.5
794.7692308	1227.615385
833.0212766	1228.574468
523.9	1229.766667
544.9791667	1233.083333
553.5454545	1233.045455
568.2941176	1232.441176
792.3170732	1232.243902
464.8666667	1231.155556
513.1	1234.7
539.1818182	1232.772727
504.6666667	1237.291667
466.35	1238.625
741.8823529	1238.470588
804	1237.666667
737.3636364	1239.909091
548.8888889	1241.333333
619	1241.030303
798.125	1241.21875
621.7619048	1244.380952
747.3428571	1244.714286
506.516129	1245.935484
827.9655172	1245.172414
459.1578947	1247.236842
654.2777778	1247.277778
832.9166667	1248.166667
464.6666667	1249.533333
511.375	1250.1875
657.9	1251.4
468.3636364	1250.909091
650.5121951	1251.804878
830.8571429	1252.571429
835.8888889	1252.333333
658.3333333	1257.111111
668	1259
783.7083333	1260.708333
477.5	1271.222222
507.25	1290.75
504.2	1293.5
709.8	1300
499.5	1446
933.3846154	1479.461538
936.9166667	1479.083333
904.7931034	1481.827586
908.3461538	1484.538462
900.6764706	1485.205882
904.3611111	1490.333333
911.3333333	1490.222222
915.75	1491
832.6666667	1493.888889
906.975	1496.675
918.9473684	1495
914.76	1497.36
670.8461538	1504.846154
771.1111111	1505.333333
675.0789474	1506.289474
667.5	1506.861111
676.4666667	1511.266667
668.5714286	1513.918367
890.9166667	1513.083333
673.6875	1514.4375
706.8823529	1517.411765
771.5	1521
936.4375	1522.25
941.1351351	1523.243243
890.3	1526.7
970.1428571	1526.666667
913.2758621	1529.034483
1010.615385	1530.384615
934.8333333	1533.916667
927.640625	1533.84375
35.88888889	1536.333333
938.2352941	1536
940.5789474	1539.421053
936.0555556	1539.944444
34.27272727	1544.227273
705.6428571	1543.214286
26.72727273	1544.363636
23.93548387	1552.419355
36.05555556	1553.722222
939.125	1554.875
949	1556.2
941.7272727	1556.818182
23.26315789	1557.789474
27.3125	1560.28125
943.1875	1563.4375
28.1875	1565.9375
31.88888889	1564.666667
911.3	1565.6
939.125	1564.875
952.71875	1565
943.875	1568.208333
907.5333333	1569.033333
959.0526316	1569.368421
970.3548387	1569.935484
938.0789474	1569.842105
27.35	1571.6
915.8	1571.6
945.8	1572.5
941.2285714	1574.114286
920.6666667	1575.777778
950.9090909	1576.181818
26.5	1576.916667
955.4	1577.366667
902.125	1580.875
25.03846154	1582.423077
30.88888889	1585.333333
1031.5	1590.125
931.05	1591.4
970.9375	1592.0625
922.1111111	1595.666667
889	1599.8
962.5	1601.2
932.8045977	1602.942529
975.9090909	1603.636364
970.125	1604.6875
960.5294118	1605.823529
880.5	1607.5
974.5833333	1607.166667
939.6190476	1609.095238
963.95	1609.1
955.1111111	1610.666667
978.4583333	1609.104167
981.6666667	1618.333333
998.8461538	1620.538462
936	1621.8
1012.875	1622.875
885.7857143	1624.857143
971.0869565	1627.043478
987.25	1626.583333
936.3846154	1627.192308
967.2142857	1628.642857
30	1630.5
969.4193548	1632.935484
893.8461538	1633
1041.363636	1678.090909
980	1760
33.41176471	1774.372549
1030.333333	1809.611111
44.18181818	1811.272727
1049.043478	1816.478261
1036.931034	1819.689655
32.6875	1821.9375
1047.090909	1822.363636
1042.076923	1826.061538
33.07692308	1829.307692
577.5	1834.5
1053.529412	1834.764706
1049	1832.196721
1063.371429	1835.314286
1057.142857	1836.571429
1065.625	1839.75
1120.375	1840.5625
1131.071429	1841.142857
1103.75	1842.5
1059.057143	1843.371429
1114.8	1844.5
1099.625	1844.75
1075	1846
571.6111111	1846.333333
1010.5	1847
1125.958333	1846.041667
1026.588235	1847.882353
1055.166667	1850.583333
1141.909091	1851.181818
1019	1851.642857
1043.904762	1851.095238
1089.681818	1850.931818
1034.72	1853.6
1097.454545	1853.681818
505.9090909	1853.636364
1144.333333	1853.944444
540.5909091	1856.227273
470	1857
1137.533333	1855.8
486.1	1858.3
1062.625	1859.125
1132.363636	1857.545455
552	1858.5
431.5	1860
533	1860.5
1139.5	1861.714286
529	1862.857143
538.5	1863.208333
560.875	1863.125
554.6551724	1865.448276
479	1864.9
1027.8125	1866.9375
533.4666667	1866.066667
1022.694444	1867.166667
560.8181818	1868.272727
1008.125	1868.875
551.137931	1869.37931
1017.388889	1870.833333
1138.08	1868.78
557.2162162	1871.378378
1010.974359	1873.102564
549.7058824	1874.882353
996.5833333	1877.333333
544.9411765	1878.823529
1107	1878.5
1026.929825	1879.526316
458.1176471	1889.411765
449.2857143	1895.5
1015.904762	1897.5
1008.333333	1899.095238
1023.1	1899.2
1007.514286	1905
1018.577922	1905.305195
1011.869565	1909.826087
1006	1911
1026.368421	1910.947368
1008	1915
1022.387097	1916.096774
1094.363636	1915.909091
1012.975	1916.925
1083.75	1918.75
1090.1	1922.7
1069.333333	1925.444444
1083.666667	1925.916667
452.4782609	1930.913043
1078.363636	1931.090909
435.21875	1933.875
1079.235294	1935.058824
1076	1937
459.8	1942.5
1073.583333	1943.25
1070.421053	1946.894737
623	1953
481.9090909	1965.636364
1076.8	1971.9
35	1973.555556
1071.625	1974.4375
488.9642857	1977.035714
537.625	1975.9375
1066.647059	1978
1113.533333	1981.333333
1068.470588	1982.470588
1078	1985.5
1084.375	1984.9375
510.8888889	1988.666667
1046.083333	1988.458333
1089	1988.5
1076	1989.5
1084.809524	1991.785714
29.4	1993.8
38.5	1996
1094.607143	1996.785714
29.75	1997.75
402.3846154	1998.615385
513.5	2000
479	2000.5
625.8	2005
638.9264706	2005.985294
1080	2006.117647
466	2007.6
1085.5	2007.5
641.3333333	2011.777778
527.6153846	2012.384615
1139.384615	2016.384615
599.1111111	2017.111111
516.5	2018
595.5483871	2021.451613
31	2022
1052.5	2021.8
535.8888889	2022.666667
1047.230769	2022.769231
1125.916667	2022.833333
1042.775	2024.55
595.490566	2028.09434
1100.448276	2028.034483
1112.592593	2032.666667
1044.708333	2033.625
1138	2037.115385
30.93333333	2045.2
36.88888889	2046.666667
1093.842105	2055.421053
1089.318182	2056.090909
1119	2055.928571
1112.153846	2057.461538
1094.6	2059.4
1113.882353	2062.411765
557.0909091	2063.681818
516.6774194	2071.451613
523.5909091	2098.409091
528	2102
530.875	2106.125
1072.645161	2114.225806
1102.777778	2124.5
561.4117647	2127.117647
1069.558824	2126.632353
1103.484848	2129.242424
558.5	2134.8
527.125	2143.875
1039	2147
1105.882353	2229.705882
1112.827586	2231.068966
1132.466667	2232.4
1099.875	2232.666667
1122.058824	2233.235294
1113.461538	2235.692308
1106.242424	2235.242424
1115.666667	2246.555556
1111.857143	2248.928571
1099.60241	2256.783133
529.4782609	2356.782609
566.1034483	2374.758621
858.1111111	2394.666667
863.1290323	2397.935484
858.4545455	2405.181818
866.5555556	2407.888889
860.6666667	2411.8
532.8857143	2414.142857
538.1666667	2417.083333
540.1	2419.8
844.4130435	2425.23913
572.125	2425.125
519.1176471	2426.029412
642.0909091	2427.090909
767.0909091	2428.363636
522.6153846	2429.846154
549.3714286	2430.142857
844.4594595	2430.432432
553.8823529	2433.588235
905.6153846	2433.923077
606.4848485	2434.606061
582.125	2438.875
874.1348315	2443.011236
533.9387755	2444.530612
545.0731707	2446.560976
870.5522388	2453.634328
879.8571429	2450.114286
504	2452.2
629.4166667	2453.083333
860.4	2457
841.4705882	2458.411765
874.5319149	2460.12766
844.5	2461.5
865.8219178	2461.849315
780.875	2464.875
585.25	2466.857143
622.5686275	2468.117647
545.3513514	2469.243243
594.1803279	2467.967213
614.6666667	2469.878788
555.7741935	2471.419355
600.5454545	2474.590909
758.6153846	2474.384615
583.5	2474.5
592.3421053	2475.973684
603.8	2476.1
607.6666667	2480.222222
551.6333333	2481.716667
556.8484848	2482.090909
854.0769231	2481.653846
603.3703704	2484.666667
544.8823529	2484.588235
847.483871	2484.16129
868.3333333	2484.888889
604.5	2491
833.2666667	2491.466667
529.3548387	2492.064516
595.56	2492.28
550.5578947	2491.768421
839.3	2493.9
830.025641	2496.128205
821.6774194	2496.870968
557.1153846	2498.846154
551.71875	2499.1875
818.2	2499.55
824.6666667	2499.888889
1055.909091	2500.363636
1060.142857	2500.857143
644.3181818	2503.090909
544.9512195	2502.398374
617.6896552	2502.689655
765.5	2503.285714
560.7857143	2503.785714
819	2503.826087
823.6666667	2505.133333
552.1481481	2505.592593
622	2505.631579
715.75	2505.5
782.4285714	2506.714286
1053.5	2508.5
796.3076923	2509.769231
793.5	2512.363636
550.125	2514.125
839.4210526	2512.368421
543.5	2514.777778
840.2307692	2516.230769
574.5	2517
637.8392857	2515.410714
797.8666667	2517.466667
851.2631579	2519.263158
551.3409091	2520.204545
620.75	2520.555556
546.4705882	2521.647059
609.4130435	2522.347826
643	2524
1039	2524.333333
638.75	2525.4
835.7647059	2525.235294
554	2525.8
1035.857143	2527.333333
1041.157895	2528.421053
868.6666667	2530.888889
1035	2535
704.8809524	2538.619048
648.8888889	2541.722222
702.2363636	2542.818182
1042.333333	2542.266667
1046.392857	2542.214286
850.5454545	2543.636364
696.326087	2544.608696
788.7560976	2544.243902
858.6363636	2545.090909
1053.142857	2545.47619
852.6666667	2547.6
1094.366667	2548.133333
695.4358974	2550.307692
638.3846154	2550.769231
788.862069	2551.827586
1055.235294	2550.823529
660.3636364	2555.5
794.952381	2557.253968
632.1333333	2557
861.875	2557.125
1035.636364	2558
929.0952381	2559.190476
1061.269231	2560.5
566	2561.8
797.6153846	2562.538462
1033.055556	2562.777778
744.0555556	2564.166667
764.125	2565.25
795.5	2566.5
1030.666667	2566.148148
1040.341772	2565.772152
735.125	2566.875
611.3846154	2570.153846
1034.928571	2571.238095
675.6923077	2575
715.78125	2575.6875
760.1666667	2576.583333
747.9090909	2576.272727
701.875	2580.125
1095.356164	2581.90411
700.8	2585.4
747.0689655	2585.62069
1096.352941	2587.529412
743.3783784	2589.324324
602.5	2591
760.6451613	2591.354839
805	2590.8
631.0909091	2596.454545
756.6315789	2594.210526
718.125	2596.125
760.4666667	2597.2
805	2596.366667
616.2142857	2596.285714
1118.714286	2598.357143
487.8888889	2598.666667
654.2972973	2599.162162
748.0679612	2596.699029
849.45	2599.7
1112.333333	2600.433333
601.75	2602.1875
613.8888889	2601.333333
734.1818182	2601.181818
1026.909091	2601.363636
1050.4	2600.742857
852.3684211	2602.578947
1055.740741	2601.925926
1118	2602.333333
651.5	2604.2
745.254902	2605.882353
761.1666667	2604.166667
1047.038462	2604.269231
754.4210526	2603.508772
695.2	2606
839	2608.133333
734.0909091	2609.363636
1048.416667	2609.25
753.0454545	2609.636364
791.125	2610.75
600.5238095	2611.666667
756.6818182	2612.272727
751.7894737	2613.526316
1062.727273	2615.272727
1106.5	2615.458333
1059.8	2617.9
770.3	2621
779.5	2621.5
1064.314286	2621.685714
775.25	2622.041667
855.6923077	2622
766.5	2622.464286
863.7058824	2624.215686
1085	2623.722222
1067.352941	2625.235294
1049.875	2626.875
1066	2628.75
985.125	2628.875
1042.818182	2629.181818
498.6153846	2629.615385
1046.375	2630
982.6666667	2630.533333
654.0869565	2632.304348
985.5	2633.5
1052.5	2635.2
987.5	2638
1115.428571	2638.714286
762.5641026	2640.897436
1113.2	2641.6
1035.4	2644.085714
594.9473684	2644.921053
755.3578947	2647.336842
1040	2645.722222
732.6666667	2646.777778
766.3846154	2647.615385
906.8333333	2648.25
1038.470588	2649.117647
758.48	2650.72
764.6	2651.2
658.3428571	2652.228571
951.2439024	2653.195122
647.3214286	2650.494048
760.3043478	2655.565217
658.8095238	2656.571429
655.4736842	2658.842105
1034.25	2659.4
1102.492063	2659.936508
764.943662	2661.577465
983.875	2659.875
740.9090909	2660.909091
981.0909091	2660.636364
801.625	2661.75
598.9259259	2663.777778
1016.545455	2664.818182
1007.115385	2665.923077
893	2667
1085.238095	2666.761905
1073.361111	2668.555556
995	2669.2
998.2142857	2670.428571
1105.692308	2671
847.1666667	2672.055556
585	2674
879.3333333	2674.444444
959.4864865	2675
1107.785714	2674.892857
633.4090909	2676.227273
849.1052632	2676.421053
853.5925926	2676.481481
954.7857143	2678.571429
996.516129	2676.193548
1073.912621	2681.941748
684.4285714	2680.857143
939.5	2681.285714
955.4857143	2686.828571
995.2666667	2688.2
967.6153846	2689.615385
979	2689.666667
1077.93617	2688.957447
1081.434783	2691.391304
1074.785714	2694
792.46875	2697.0625
959.8	2695.666667
769.1	2697.2
963	2697.307692
1072.347826	2697.347826
944	2704.5
1088.111111	2707.666667
728.3157895	2712.868421
722.6111111	2714.333333
725	2717.090909
571.3684211	2717.789474
919.4166667	2728.75
923.6	2729.833333
787.5128205	2732.333333
793.875	2731.875
920.2857143	2732.642857
979.1	2732
1067.8	2735.428571
766.0714286	2738.571429
822.9090909	2740.636364
622.5555556	2746.777778
766.125	2745.875
1001	2745.8
1057.333333	2747
1000.615385	2749.538462
895.1052632	2751.894737
617.1666667	2752.5
844.6571429	2752.4
886.0909091	2752.954545
835.5	2754.142857
890.7272727	2754.090909
569.1111111	2756.333333
848.3529412	2756.058824
877.5	2756.222222
1068.823529	2755.705882
624.5925926	2759.074074
686.4533333	2757.333333
695.2	2759.3
844.4339623	2758.622642
792.5882353	2760.117647
1088.428571	2759.464286
797.9705882	2761.382353
874.0487805	2759.268293
699.7	2762.5
878.7692308	2763.179487
506.85	2763.75
636.75	2763.416667
869.425	2763.2
954	2762.5
617.3809524	2764.285714
1014	2764.857143
869	2768
612	2768.5
860.7	2769.25
1058.95	2769.56
1071	2769
843.4117647	2770.705882
1013.111111	2769.333333
865.1842105	2770.578947
1061.7	2775.466667
841.8636364	2775.636364
833.2	2776.95
1001.575	2776.275
1054.875	2775.96875
847.6551724	2776.931034
1069.230769	2778.153846
1085.758621	2777.758621
1052.714286	2780.047619
845	2782.770833
959.875	2781.875
1083.56	2782.16
1001.125	2785.125
1061.064516	2784.483871
1082.5	2786.5
735.6190476	2788.809524
841.5517241	2788.172414
847.325	2789.25
1077.92	2790.04
828.05	2789.9
969.1666667	2791.047619
678.25	2791.416667
894.5625	2789.5625
1061.156863	2791.882353
1070.444444	2791.481481
641.537037	2791.037037
657.3571429	2791.714286
815	2792
896.5	2793.5
1004.170455	2791.829545
525.0909091	2795.090909
1074.852459	2796.04918
1002.3	2801.375
1066.104167	2797.729167
645.3157895	2797.157895
528.375	2798.25
831.0285714	2798.171429
867	2798
1052.133333	2798.333333
640.3513514	2799.513514
1006.375	2801.075
1078.68	2802
808.5	2803.5
552.2857143	2804.571429
743.5777778	2806.177778
816.9090909	2805.563636
940.9259259	2806.222222
791.0909091	2807.363636
993.6111111	2806.722222
1026.125	2807.125
1069.352941	2807.411765
1078.461538	2807.153846
868.5333333	2810.133333
1005.666667	2807.888889
1064.888889	2807.833333
814.7857143	2809
1080.72	2809.6
687.5862069	2811.655172
903.5384615	2810.615385
1045.5	2811
682.4545455	2812.090909
928.9285714	2811.714286
906.7058824	2812.941176
913.6923077	2814.192308
1069.736842	2814.342105
822.3846154	2814.384615
909.9230769	2816.423077
1057.166667	2815.666667
1087.272727	2815.545455
827.8846154	2817.423077
922.509434	2818.169811
780.3265306	2820.693878
875.4117647	2819.117647
1067.074627	2819.985075
1084.125	2819.625
832.8888889	2820.444444
1041.421053	2820.105263
791.1428571	2821
995.25	2821.25
1050.882353	2821.411765
1000.222222	2822.333333
830.3333333	2823.611111
915.875	2822.25
805.85	2824.225
1048.642857	2825.357143
1056	2823.693548
826	2824.666667
836.9642857	2824.964286
1061.875	2827.2
999.625	2825.8125
1068.681818	2825.136364
924.3793103	2827.068966
898.8	2828.5
745.6129032	2829.032258
749.95	2829.25
1055.365854	2831.536585
804.5833333	2829.958333
1049.843137	2830.529412
1019.529412	2833.411765
804.9166667	2834.333333
600.7857143	2834.928571
559.4	2836.4
1024.947368	2835.789474
602.3333333	2837.888889
1046.478261	2838.217391
597.1282051	2838.538462
1050.411765	2840.058824
561.875	2841.875
901.7931034	2841.310345
790.3	2843.1
794.5333333	2845.666667
700.037037	2847.296296
705.5333333	2848.133333
787.44	2848.14
1033	2850
700.6190476	2852.761905
790.3888889	2851.111111
898.804878	2849.756098
779.025	2851.95
786.6153846	2853.576923
792.92	2855.42
798.2631579	2855
762.75	2855.5
803.1034483	2856.344828
780.0634921	2857.460317
767.0851064	2858.93617
809.7419355	2860.258065
1027.384615	2859.538462
799.1333333	2860.766667
771.2692308	2861.153846
802.9166667	2862.416667
777	2864
963.4545455	2862.409091
1001.222222	2864.5
1007.246377	2866.695652
581.8666667	2866.466667
780.3333333	2867.111111
771.1028037	2867.663551
576.44	2869.24
1000.7	2869.066667
580.4761905	2872.452381
619.32	2872.44
968.3333333	2872.125
532	2874.2
763.4857143	2873.942857
767.1333333	2874.333333
591	2874.375
1004.766667	2876.833333
519.1304348	2876.869565
581.6190476	2878.571429
966.5714286	2877.095238
1094.384615	2878.384615
766.525	2880.95
582.5555556	2881.666667
1000.75	2881.5625
771.8421053	2883.157895
550	2890.666667
614.375	2892.1875
591.5142857	2893.6
792.2424242	2898.030303
500.1111111	2898.944444
1014.1875	2905.625
480.7647059	2910.941176
980.75	2913.8125
1014.714286	2914.5
992.2173913	2920.456522
1014.851852	2919.074074
714.6153846	2922.384615
997.3846154	2922.538462
822.875	2924.125
845	2924.2
517.6363636	2932.090909
523.1785714	2932.571429
513.2142857	2933.5
500.125	2934.875
1056.2	2935.1
986.5454545	2937.363636
491.84375	2935.8125
727.1538462	2937.538462
1005.666667	2939.75
1064.703704	2940.592593
492	2941
486.5769231	2942.115385
988.5769231	2943.076923
468.2758621	2943.586207
994.5	2944.125
984.7222222	2945.611111
433	2946
489.5714286	2945.892857
968.1111111	2946.222222
1006.6	2945.92
1057.59375	2949.5
1023.615385	2949.871795
704.5	2951
859.8181818	2952.181818
1000.178571	2952.821429
1063.466667	2957.333333
860.1666667	2957.194444
1002.631579	2958.052632
864.55	2958.65
997.2727273	2958.5
1045.111111	2958.888889
1007.333333	2961.333333
1019.416667	2961.75
993	2963
1050.157895	2963.5
684	2964.5
688.4418605	2965.627907
737.7	2965.61
693.1111111	2965.277778
1042.166667	2965.764706
466.1304348	2966.434783
1021	2967
1015.4375	2967.125
1053	2968.461538
1047.952381	2970.761905
998.6666667	2974
1042.647059	2974.705882
1021.363636	2976
994.5625	2976.75
990.5833333	2977.75
1003.705882	2978.029412
1010.669903	2979.640777
1029.461538	2980.461538
1047.285714	2981.142857
800.6875	2982.375
1042.888889	2981.333333
1053.888889	2983.944444
1026.5	2986.678571
1045.6	2986.4
995.3636364	2988.636364
1005.8	2990.6
1051.095238	2989.97619
676.125	2990.875
982	2990.8
1026.285714	2991.678571
990.8833333	2992.733333
456.5	2994.75
1007.466667	2994
1051.8	2996
599.5384615	2996.487179
604.6875	2997.1875
989.3333333	2998.833333
801.3214286	2999.107143
455.5517241	2999.517241
804.9090909	3002
1033	3001.882353
454.3888889	3003.222222
600.641791	3002.462687
799.375	3004.125
989.6923077	3004.384615
790.5714286	3008.380952
803.4210526	3008.105263
1019.888889	3008.111111
996.3846154	3009.384615
795.4210526	3009.578947
1089	3011
477.3571429	3012.214286
778.875	3012.125
769.7058824	3013.294118
754.5882353	3016.117647
793.5555556	3014.555556
809.097561	3015.634146
804.9545455	3019.545455
938.7222222	3018.111111
492.9166667	3018.916667
775.8	3019
855.75	3020.421875
497.2702703	3027.972973
725.7692308	3027.230769
579.0487805	3028.487805
523.7826087	3030.695652
517.9	3032.2
577.1578947	3034.368421
582	3034.142857
520.4	3035.833333
999.7826087	3041.521739
779.1578947	3046.842105
799.5	3047.5
894.1111111	3048.333333
898.5263158	3049.789474
1034.625	3050
910	3053.807692
767.8125	3058.375
776	3062
809.9130435	3061.391304
638.1428571	3065.357143
760.8214286	3065
756.75	3067.75
766.675	3066.825
910.0909091	3070.090909
760.875	3070.9375
764.5789474	3071.894737
768.1944444	3073.861111
589.95	3073.25
757.1724138	3073.586207
489.625	3075.34375
484.6756757	3079.054054
763.2857143	3078.571429
767.5	3079.75
752.8421053	3081.157895
490.2	3081.5
709	3081.5
715.1111111	3082.333333
593.64	3086.7
944.5	3088
841.6666667	3089.111111
831.8095238	3090.857143
537.7115385	3103.115385
599.4473684	3116.105263
593.4	3116.4
814.3846154	3120.615385
892.6170213	3128.489362
899.4285714	3129.857143
981	3129.833333
896	3131.466667
545.5208333	3130.6875
542.0566038	3136.320755
549.2307692	3136.615385
535.4545455	3139.318182
835.1818182	3139.818182
919	3142
515.4444444	3142.666667
782.5	3143
853.9615385	3144.307692
919.3636364	3145.636364
895.8214286	3146.357143
544.8510638	3147.680851
644.5294118	3148.647059
855.25	3151
837.7142857	3154.5
770.7058824	3156.294118
914.1428571	3157.928571
928.4285714	3157.928571
1007.464286	3158.107143
516	3160.5
933.6	3162.4
926.8095238	3165.714286
946.5882353	3167.147059
680.2	3167.5
805.625	3169.458333
684.3	3169.15
931.8888889	3169.333333
941.1875	3170.625
643.875	3172.125
611.7142857	3172.5
655.03125	3173.09375
806.5238095	3174.47619
616.3333333	3182.703704
968.75	3181.821429
620.4285714	3184.428571
610.8421053	3186.631579
968.875	3186.958333
544.4444444	3191.333333
906.4285714	3192.642857
882.5	3193
815	3196.5
862.1935484	3195.774194
885.1176471	3197.352941
878.1363636	3198.681818
996.4347826	3199.391304
673.6363636	3204.909091
754.0909091	3205.636364
819.8888889	3206.962963
873.4516129	3206.806452
499.875	3207.875
852.2195122	3208.463415
814.3947368	3209.710526
949.0625	3210.3125
753.3333333	3211.916667
524.0434783	3213.586957
876.8965517	3213.827586
950.6666667	3215.111111
919.5	3216.5
850.1153846	3216.769231
527.9	3217.05
923.1666667	3219.083333
849.3103448	3221.448276
924.2333333	3226.466667
583.52	3227.52
873.125	3227.125
737.5	3230.5
921.3333333	3231.25
574.3636364	3232.363636
741.7058824	3233
577.3846154	3234.384615
851.4545455	3233.545455
772.7083333	3237.833333
850.3461538	3237.730769
551.9473684	3237.368421
577	3239
923.125	3241.875
544.106383	3248.329787
550.9215686	3246.666667
782.2857143	3247.5
538.78125	3249.53125
874.75	3253.931818
661.3846154	3255.615385
793.875	3256.125
538.7166667	3256.483333
728.5714286	3258.190476
924.875	3258.125
669.2903226	3257.935484
533.2857143	3258.642857
639.5666667	3259.166667
622.2352941	3258.705882
655.90625	3258.625
876.2857143	3259.214286
660.7480315	3262.96063
866.9876543	3262.777778
678.3571429	3264.714286
876.9661017	3264.033898
664.8181818	3266.818182
870.15625	3266.6875
673.2075472	3269.037736
886.2622951	3268.672131
613	3270
866	3271
877.5967742	3270.387097
646.8666667	3272.533333
658.5263158	3272.210526
833.484375	3274.421875
613.8	3273.1
620.1428571	3272.857143
811	3273.5
858.3648649	3271.689189
853	3275.5
880.0833333	3275.666667
886.6857143	3276.028571
652.5833333	3276.333333
814.6666667	3275.888889
647.5428571	3278.285714
671.3333333	3276.814815
914.2307692	3276.769231
537.5	3279.777778
805.15	3279.1
802.2222222	3280.333333
915.6363636	3279.909091
715.875	3280.875
839	3281.5
790.1176471	3281.823529
720.7	3283.7
823.2857143	3287.5
869.8636364	3287.454545
639.875	3291.125
517.72	3293.12
778.2307692	3293.589744
827	3293.5
698	3295
788.7857143	3296.642857
880	3297.5
928.4642857	3302.357143
830.5263158	3302.368421
880.047619	3306.095238
709.8571429	3309.857143
835.75	3309.35
839.9444444	3315.555556
658.4	3316.2
850.9090909	3316.454545
778.3103448	3318.62069
767.6666667	3319.75
595.875	3320.875
774.9166667	3323.333333
878.3636364	3325.090909
683.9375	3326.3125
781.0243902	3327.097561
884.2352941	3326.941176
635	3328
841	3328
857.3392857	3328.678571
646.3333333	3328.8
679.0666667	3329.8
725.7368421	3329.263158
864.6153846	3331.384615
789.3809524	3332.809524
593	3333.2
596.9545455	3332.909091
640.5753425	3331.547945
783.5	3333.285714
838.3333333	3332.7
625.9333333	3333.666667
886.7307692	3334.153846
873.5	3335.125
842	3336.2
862.1818182	3336.477273
835	3338.65
789.025	3342.275
864.7692308	3341.538462
793.0882353	3342.676471
830.6923077	3347.74359
842.2553191	3347.276596
902.0769231	3347.153846
789.4285714	3348.357143
867.55	3347.6
799	3351
830.7857143	3352.928571
805.0294118	3356.029412
820.1	3355.05
828.0555556	3355.666667
590.5384615	3355.846154
766.75	3356.416667
810	3356.333333
908.5	3356.166667
940.8	3356.24
794.5	3357
815.2631579	3357.157895
664.2380952	3358.761905
710.4054054	3359.540541
742.6410256	3359.692308
826.4	3360.4
535.4	3361.6
526.375	3363.25
529.6428571	3363.285714
795.3461538	3363.153846
809.3333333	3363.083333
841.04	3364.24
882.8	3365.3
533.8181818	3365.363636
587.8518519	3364.888889
722.1724138	3365.275862
524.8888889	3365.666667
664.0869565	3365.478261
787.047619	3366.809524
617	3365.590909
820.75	3368.45
620.4827586	3370.724138
816.125	3370.9375
913.7916667	3370.666667
530.1818182	3371.818182
614.8247423	3372.71134
602.047619	3373.095238
794.875	3373.875
774.7916667	3375.333333
538.0526316	3377.894737
742.92	3377.44
544.0909091	3378.090909
606.9767442	3377.011628
532.047619	3379.571429
771.6111111	3381.055556
532.2727273	3383.909091
537.7878788	3383.636364
826.6666667	3384.888889
963.5294118	3384.882353
697	3387
575.7647059	3387.705882
668.1111111	3387.722222
961.5652174	3387.695652
534.2142857	3389.928571
828.7	3391.166667
825.5416667	3395.333333
708	3396
632.9090909	3397.363636
564.1612903	3405.225806
906.6571429	3407.171429
916.2777778	3408.555556
536.3333333	3410.888889
970.3076923	3411
599.5	3416.789474
913.0421053	3414.873684
928.4210526	3419.105263
884.6428571	3426.964286
900.5909091	3441.545455
553.9032258	3441.516129
549.625	3445.1875
553.483871	3447.16129
893.1578947	3445.157895
903.2105263	3446.052632
543.4583333	3449.875
920	3456.5
905.9565217	3462.282609
796.6470588	3472.470588
803.2307692	3488.692308
588.2272727	3507.090909
584.8888889	3509.666667
625.9444444	3510.277778
674.75	3510.75
647.137931	3512.793103
589.5625	3514.625
569.25	3513.5
573	3514.133333
622.875	3516.0625
957.125	3525.125
572.2619048	3525.809524
766.8163265	3527.346939
772.4634146	3525.170732
565.3421053	3527.578947
906.2916667	3528.958333
576.6097561	3530.609756
750.1176471	3530.294118
582.8636364	3530.590909
647.6666667	3531.111111
770.5952381	3532.47619
578.5714286	3535.5
566.84	3534.28
580.6666667	3534.666667
845.6875	3538.4375
643.7837838	3536.18018
841.8333333	3540
653.4444444	3541.488889
556.2222222	3542.166667
575.1981132	3552.40566
643.9166667	3548.916667
833.5	3549.5
581.2173913	3550.391304
816.875	3551.125
896.0666667	3554.133333
527.1176471	3559.588235
566.3684211	3559.157895
810.3	3559.3
893.2	3559.56
769.8666667	3561.533333
870.3125	3563.9375
613.7096774	3563.645161
889.1578947	3564.842105
810.6153846	3565.615385
870.3333333	3567.266667
613.0212766	3569.404255
759.5526316	3570.526316
867	3573.320755
807	3574
765.8888889	3575.333333
619	3577.5
771	3585
598.1	3589
799.0645161	3589.387097
575.921875	3592.78125
593.5	3591.714286
568.9333333	3593.066667
506.3333333	3593.888889
599.3333333	3594.111111
642.3913043	3593.565217
786	3594
797.3333333	3594.606061
768.5102041	3595.55102
776.5510204	3594.040816
579.8	3596.2
585.025	3596.525
793.4545455	3597
609	3599
771.6764706	3599.705882
583	3601.666667
766.6363636	3603.333333
777.9	3602.8
773.0243902	3604.365854
796.0169492	3603.864407
734.047619	3606.190476
803.3061224	3606.979592
775.5	3607.727273
914.3428571	3608.885714
574.2777778	3607.055556
780.0810811	3609.513514
808.0833333	3609
797.1219512	3612.243902
621.125	3613.125
801.9090909	3612.909091
785.8064516	3614.290323
751.875	3615.125
778.1363636	3616.045455
796.0909091	3616.772727
782.4366197	3622.056338
794.4833333	3623.216667
648.5217391	3625.217391
904.8666667	3626.333333
789.3148148	3628.537037
828.7241379	3628.068966
646.6	3629.866667
650.65625	3630.03125
824.5	3631.409091
816.5925926	3632.962963
770.1333333	3632.4
776.5925926	3634.259259
784.9285714	3634.196429
790.5217391	3636.782609
781.3846154	3639.384615
798.9865772	3637.758389
794.2741935	3642.725806
787.2222222	3641.555556
826.9285714	3643.571429
780.6428571	3646.785714
777.9090909	3650.090909
838.5416667	3650.375
804.5	3650
768.173913	3652.891304
777.1333333	3655
838.4137931	3655.931034
897	3656
780.7777778	3658.111111
800.3157895	3656.736842
863.3181818	3656.045455
771.1153846	3665.567308
804.1176471	3659
927.6153846	3658.615385
863.6	3660.4
766.5909091	3663.5
776.72	3662
732.8913043	3667.391304
778.8604651	3668.046512
778.4782609	3672.695652
757.6666667	3674.6
803.4	3675.88
753.5405405	3679.891892
606.4074074	3679.074074
802.0740741	3680.407407
808.6136364	3680.409091
771.4545455	3682.181818
785.5	3684.2
752.5483871	3691.709677
781.0625	3693.3125
809.3666667	3695.216667
945.8888889	3695.666667
799.75	3696.625
793.0833333	3704.638889
744.5	3706
671.0333333	3707
785.6666667	3707
808.4193548	3712
787.15	3719.95
714.04	3732.2
626.7978723	3731.276596
782.8888889	3732.944444
634.875	3733.875
631.6666667	3737.4
712.0909091	3737.363636
759.2666667	3736.866667
673.875	3737.910714
778.3636364	3737.818182
667.7333333	3738.566667
775.2	3740.44
670.5555556	3741.611111
781.5	3744
777.8333333	3748.166667
635.8846154	3748.307692
882.3684211	3753.947368
805	3755.176471
682.1764706	3757.352941
773.7894737	3756.894737
778.0588235	3757.235294
843.5	3757.083333
881.5384615	3758.153846
647.8888889	3760.333333
885.3529412	3759.529412
674.3333333	3760.875
841	3760.625
629.3333333	3762.444444
648.3636364	3765.909091
738.5	3766
625.4210526	3766.894737
644.6363636	3767.909091
867.4705882	3768.352941
794.1333333	3768.066667
786.3773585	3771.509434
623	3771
638.1818182	3771.69697
811	3772
860.6363636	3771.909091
872	3772.8
884.03125	3774.5625
830.4615385	3774.384615
871.4444444	3778.194444
793.2820513	3777.74359
832.5	3777.884615
637.5833333	3781.75
798.942029	3780.782609
946.7142857	3784.214286
708.8235294	3785.058824
721.3846154	3785.384615
838.2777778	3786.666667
618.6428571	3789.214286
790.1538462	3789.461538
796.9285714	3788.964286
881.6153846	3793.384615
903.5882353	3795.882353
875.2857143	3796.964286
784.3333333	3799.388889
878.4615385	3799.153846
633.0617284	3802.333333
922	3804
802.9166667	3806.083333
776.0625	3808.625
881.4615385	3809.384615
628.3703704	3810
953.137931	3810.448276
791.3673469	3811.489796
798.2173913	3809.73913
640.8125	3811.3125
687.875	3813.333333
802	3813.277778
658.8571429	3814
857.5	3814.2
643.4411765	3816.470588
851.3265306	3815.918367
951	3816.2
861.7894737	3816.947368
870.1333333	3817.533333
640.0454545	3818.318182
826.75	3817.875
880.3333333	3818.466667
818.1875	3820.1875
822.48	3820.96
833.0769231	3820.384615
825.2941176	3821.470588
842.5	3822.2
618.4358974	3823.358974
836.3333333	3822.888889
650.3333333	3823.666667
885.5714286	3823.371429
641	3825
852.9701493	3827.089552
943.5	3825.5
882.1666667	3827.305556
674.1818182	3830.181818
884.0909091	3831.409091
783.5445545	3831.346535
642.6153846	3832.615385
869.125	3836.125
806.1578947	3836.842105
818.3333333	3836.566667
843.75	3837.375
805.0909091	3841.636364
646.6785714	3842
674.5714286	3841.571429
708.125	3842.875
835.1964286	3842.660714
804.5357143	3845.821429
665.2272727	3847.636364
657.9848485	3847.030303
651.0441176	3847.558824
660.7037037	3852
676.5652174	3852.608696
649.16	3855.8
667.902439	3857.609756
699.2580645	3862.483871
696.2807018	3866.929825
777.2	3869.24
802.2105263	3877.526316
638.5	3882.5
736.1538462	3891
736.875	3895.125
768.6	3913.4
666	3919.8
748.0909091	3930.636364
655.3584906	3931.849057
656.44	3938.08
742.3846154	3938.5
746.96	3940.9
738.88	3941.36
748.95	3945
677.0833333	3946.083333
683.4102564	3945.769231
736.2962963	3945.777778
745.85	3947.7
691.3023256	3951.093023
683.7830189	3954.481132
677.5	3952.433333
732.175	3954.325
640.85	3956.95
678.2051282	3959.410256
647.875	3965.541667
607.5555556	3968.888889
720.6	3968.7
764.7692308	3969.576923
611.1785714	3972.428571
761.2777778	3974.666667
768.7142857	3975.196429
671.3846154	3975.384615
647.875	3976.25
676.4054054	3978.405405
762.5	3979
653.8108108	3980.027027
611.9795918	3978.755102
683.7	3982.1
722.3529412	3980.647059
849	3981
606.6551724	3978.689655
780.8064516	3982.258065
776.6875	3985.15625
669.2244898	3996.367347
769.4615385	3997.153846
631.1875	3998.375
664.5	3998.714286
627	4003.058824
634.02	4003.14
631.7368421	4007.789474
745.2272727	4008.272727
738.125	4008.65625
769.5	4012.5
779.0833333	4011.583333
733.4782609	4012.934783
773	4013.692308
660.8918919	4014.702703
776.125	4014.083333
767.6875	4023.1875
648.65	4024
632.2195122	4024.609756
689.5	4025.722222
739.6428571	4026.464286
765	4027.041667
770.3	4025.9
683.3863636	4028.454545
618.7272727	4029.272727
689.1818182	4030.818182
727.8333333	4034.333333
615.1538462	4035.846154
617.1875	4038.5
758.2222222	4038.777778
623.452381	4039.309524
681.3703704	4041.259259
694.95	4041.1
778.3636364	4041.090909
617.8421053	4042.473684
670.0833333	4042.625
627.2025316	4044.936709
654.9166667	4045.708333
690.7692308	4048.769231
780.4166667	4049.75
675.25	4049.05
669.0689655	4052.586207
685.6956522	4052.913043
772.9230769	4055.923077
645.7857143	4055
671.2222222	4058.044444
631.8	4060.133333
687.75	4059.875
636.25	4062.113636
654.5	4060.868421
660.9215686	4059.960784
748.6666667	4061.733333
659.7631579	4065.868421
672.0222222	4063.911111
641.5538462	4066.215385
683.6666667	4065.555556
636.5	4067.777778
667.7777778	4067.5
685.8333333	4071
639.2580645	4074.451613
667	4074.833333
665.3571429	4079.357143
670.9090909	4079.636364
767.475	4080.525
702.5675676	4080.72973
687.6153846	4082.615385
765.8846154	4085.153846
795.1111111	4092.277778
636.62	4106.28
771	4105.8
623.3088235	4107.764706
616.7272727	4109.090909
632.2962963	4107.481481
634.9622642	4113.301887
659.4210526	4113.315789
621.8181818	4114.454545
648.3103448	4115.862069
631.5	4120.5
627.4	4122.066667
670.4285714	4121.714286
730.5	4125
703.5	4134
706.9	4134.8
639.5882353	4135.941176
696	4138.2
674.34375	4151.125
672.6808511	4157.680851
676.8888889	4155.666667
740.1111111	4162.333333
739.8888889	4167.333333
728.1785714	4168.035714
726.5	4173
779.8	4173
667.1111111	4188.444444
664.7777778	4190.333333
662.6538462	4194.269231
769.7777778	4198.888889
661.5625	4198.875
769.875	4201.875
676.4166667	4214.166667
668.3913043	4214.695652
665.5217391	4219.086957
696.8181818	4224.181818
763.5614035	4224.175439
701.6363636	4228.909091
704.6666667	4232.266667
698.9	4234.9
726.3333333	4235.433333
728.1333333	4239.2
774.5833333	4240.583333
712.4333333	4241.866667
756.4117647	4243.058824
766.877551	4241.693878
709.4545455	4244
752.3611111	4243.361111
718.4166667	4244.833333
765.5857143	4247.914286
679.3846154	4246.615385
708.3947368	4248.789474
758	4249.982759
752.6956522	4251.652174
706.2727273	4252.909091
686.3529412	4256.882353
758.7142857	4258.333333
769.125	4259.875
763.12	4260.72
754.2727273	4261.727273
677.1052632	4264.421053
742.9411765	4265.705882
652.7222222	4264.666667
750	4266
659.4210526	4268.912281
746.5	4268.055556
758.9767442	4267.790698
767.5	4270
653.6410256	4271.282051
762.8695652	4274.195652
656.3684211	4275.736842
752.625	4276.625
758.875	4277.125
761.6666667	4280.611111
689.8888889	4282.333333
702.9285714	4283.595238
656.9090909	4285.363636
758.4666667	4287.666667
744.3225806	4291.225806
754.2173913	4293.782609
763.1504425	4291.247788
756.4772727	4304.090909
765.7321429	4297.321429
768.1884058	4302.449275
741.75	4306.45
761.6125	4311.1875
694.0454545	4318.727273
758.7619048	4323.666667
685.5	4322.961538
741.4090909	4338.909091
746.0769231	4340.769231
738.6	4343.2
644	4345.181818
672.7272727	4350.363636
753.3614458	4350.433735
642.8666667	4350.466667
680.3	4365.8
677	4367
694.32	4367.04
769.3636364	4371.090909
764.3157895	4372.789474
667.3809524	4372.571429
665.75	4376.416667
671.5306122	4375.755102
780.1428571	4376.142857
684.7878788	4378.242424
678.5060241	4377.843373
665.2857143	4380.619048
771.7714286	4380.085714
776.9285714	4380.214286
783.375	4380.541667
671.6060606	4383.424242
661.76	4385.08
667.6296296	4385.333333
774.2083333	4385.25
653.7	4385.8
677.6129032	4386.33871
784.4230769	4387.269231
766.7727273	4387.318182
659.5	4393
666.625	4396
766.9468085	4394.968085
774.4693878	4402.319728
667.8461538	4401.423077
782.4222222	4399.888889
676.2307692	4404.846154
667.9534884	4406.767442
774.78125	4412.15625
666.1176471	4412.411765
664.5217391	4416.304348
691.125	4427.125
701.902439	4428.829268
665.3636364	4430.090909
762	4430.391304
767.0526316	4433.631579
688	4439.8
712.9	4441.15
682.5172414	4445.482759
686.96	4445.24
676.875	4447.125
713.5	4448.777778
685.2777778	4451.027778
673.7692308	4451.615385
754.3888889	4454.277778
704.7857143	4457.428571
668.8846154	4457.153846
697.0357143	4458.642857
766.6363636	4459.090909
720.5384615	4460.384615
717.125	4460.875
719.0909091	4465.954545
776.3846154	4466.384615
779.4	4469.35
718.8571429	4470.857143
762.4177215	4471.974684
778.0909091	4473.636364
746.8571429	4476.238095
748.9	4479.7
784.7142857	4484.5
709.6666667	4490.066667
694	4513.466667
685.0833333	4522.833333
704.9285714	4526.119048
698.4	4528.2
722.875	4560.125
726.3571429	4562.142857
763.8823529	4561.411765
760.48	4565.16
700.125	4572.125
680.24	4579.2
675.8571429	4585.238095
776.6981132	4584.301887
767.4	4586.4
781.5454545	4589.727273
771.1125	4591.35
779.8684211	4594.842105
759.1076923	4593.092308
697.1111111	4595.333333
748.1428571	4595.428571
763.6410256	4596.615385
741.7058824	4598.705882
705.3333333	4600
749.4705882	4601.176471
729.8823529	4602.529412
735	4604
725.6666667	4605.761905
731	4607.853659
738.0833333	4609.666667
733.9655172	4614.275862
736.6551724	4621.172414
764.3333333	4624.111111
678.75	4627.625
749.5	4628.5
742.4	4631.6
734.3846154	4855.384615
700.3846154	4879.269231
669.9473684	4880.210526
799.6296296	4896.740741
795.76	4899.2
799	4901.5
809.2307692	4902.346154
801	4906.5
742.75	5071.1875
749.5555556	5083.022222
757.1794872	5085.794872
670	5087
744.5217391	5088.347826
672.8823529	5089.588235
759.84	5090.24
672.5	5092.8
761.4444444	5094.388889
763.5555556	5098.925926
808.8	5101
802.2307692	5105.692308
805.2631579	5106.210526
803.1111111	5109.888889
753.826087	5120.804348
754.1764706	5127.029412
752.5	5132.555556
741	5159
