X	Y
0	0
0	6000
6000	0
6000	6000
879.8421053	95.10526316
872.8666667	99.06666667
921.5	100.5
922.9411765	105.0588235
825.9333333	118.7333333
844	120.8
858.2105263	123.4210526
887.8235294	122.9411765
852.1111111	123.6666667
921.7846154	120.8615385
882.9411765	124.9411765
872	125.8
843.875	126.875
889.3571429	127.2857143
886.125	127.875
893.3	128.4
880.9166667	136.3333333
924.6363636	136.0909091
943.0735294	140.6617647
939.2830189	150.245283
937.047619	159
887.8636364	162.5454545
936	163.5
935	167
932.9019608	173.0196078
931.32	179.44
929.2619048	185.0952381
798.3846154	191.3846154
779.1111111	205.1111111
776.5	208
739.7272727	228.0909091
909.4444444	239.7777778
905.75	244.75
691.9375	245.6875
696	247
700.4210526	249.6315789
901.2727273	249
706.5	254.5
800.875	256.125
791.6666667	261.1212121
821.5	260.5
785.490566	270.5660377
784.1290323	275.9032258
788.6	275.1333333
579.015873	284.8888889
774.5957447	287.7978723
785.2040816	293.4693878
929.9545455	294.7878788
638	298.1914894
792.8169014	298.6760563
801.3783784	300.027027
598.9705882	300.6764706
605.05	301.6
798.3	301.3
926.0909091	303.6363636
531.875	304.375
797.7419355	306.516129
696.8823529	307.1176471
794.7058824	306.2941176
530.2142857	308.0714286
923.962963	309.4074074
532.1875	310.625
700.8965517	312.0344828
704.6666667	310.5666667
533.9	314.3
707.5128205	315.8974359
535	318.1428571
920.875	316.7083333
537.15	321.85
912.4666667	321.8666667
916.3043478	323.2391304
908.5	325.5
503.5652174	334.9130435
933	337.0869565
507.6875	338.0625
498.8888889	338.2777778
500.875	343.1666667
894.1111111	353.6666667
506	374.8
947.5882353	382
741.9047619	385.4761905
945.8333333	387.25
743.4888889	392.4
747.04	401.2
768.9791667	399.5277778
879.5	403.3333333
769.1774194	405.1290323
430.125	409.875
760.2941176	410.5882353
876.6363636	410.5909091
763.6923077	412.2307692
515.04	415.72
516.5454545	419.3636364
518.9473684	423
396.8	428.3111111
1021.771429	427.0857143
653.875	431.125
1017.9	431.7
1014.857143	436.5714286
477.1111111	436.3333333
1012.538462	442.0769231
482.125	445.125
1009.8	446.8666667
1006.47619	449.7619048
1004.137931	454.3793103
399.9	453.95
999.2702703	456.027027
403	457.6666667
445	459.826087
998.7619048	460.952381
397.875	466.875
988.5882353	468.1764706
1039.5	472
353.3809524	478.2380952
837.6666667	477.1111111
1009.083333	477.6666667
879.6111111	482
359.625	485.375
606.1111111	483.6666667
876.8461538	485.0384615
436.0588235	489.4313725
364.7058824	489.5882353
840.9411765	493.2352941
841.3529412	498.7058824
499.3636364	499.0909091
502.5384615	507.4615385
390.1886792	511.1698113
503.9	511.2
505.9285714	516.2142857
545.5714286	519.6190476
588.3396226	517.8490566
620.875	520.125
661.32	522.3
547.6428571	523.7142857
1079.266667	525.0666667
663.3888889	530.9722222
547.6428571	529.5714286
841.1111111	530.6666667
858.5769231	531.1923077
866.5	531.875
666.0625	533.8125
863.75	533.3333333
665.8965517	540.0344828
519.8888889	543.6111111
667.7407407	546.6296296
522.5555556	549.1111111
524	553
525.3076923	555.9230769
507.1818182	560.5454545
526.8823529	560.9411765
332.5333333	560.5666667
514.6	565.2
341.2987013	564.8831169
528.2916667	566.9166667
673.1935484	568.9677419
527.4347826	573.4565217
347.0625	573.125
280.6153846	576.6153846
991.52	576.6
513.0909091	577.7272727
284.0909091	579.3636364
985.2068966	582.0344828
355.0833333	586.9166667
982.5	586.2777778
402.2972973	592.0540541
362.2631579	599.8947368
1031	599.9090909
402.5833333	601
1027.555556	600.8888889
1116.333333	600.8333333
535.5	603
1117.2	605.7
1025.115385	606.8269231
535.6153846	608.3846154
651	613.5
1018.4375	615.4375
406	617
399	618.5
1013.5	621
417.5342466	623.7808219
423.96	625.4
1010.875	625.25
991.625	626.5
1000.696429	626.25
426.6111111	629.2777778
420.8461538	631.7692308
422.6153846	634.9230769
1005.014085	633.4366197
425.2903226	639.6774194
930.5	642
431	646.3478261
1002.882353	644.0784314
917.6603774	643.1132075
669.09375	644.84375
380.6666667	646.3333333
290.8076923	648
325.3076923	650.5384615
261.3636364	651.1818182
295.6071429	651.7142857
333	652
595.0384615	651.2307692
918.975	652.225
299.8387097	656.8387097
916	658.5
667.2765957	656.5744681
665.0833333	670.1702899
342.2692308	660.6025641
669.9230769	661.5384615
913.8571429	663.9642857
351.2045455	669.0909091
657.64	682.752
635	676.5
638.1111111	679.6666667
637.75	683.4166667
363.125	690.125
653.8909091	692.0727273
1134.375	689.75
557.5	693.1944444
657.3928571	695.3214286
559.7272727	700.0606061
650.0357143	699.25
657.5098039	701.5686275
650.3076923	703.3333333
557.75	705.9375
652.4055944	712.0699301
557.2	709.9333333
643.4266667	709.1066667
1057.954545	712.3181818
642.7697842	721.6258993
1056.8	715.9
1084.066667	715.4666667
1055.25	719.75
285.4137931	718.4827586
1078.583333	718.0833333
580.2	718.0857143
562.2	720.4363636
567.9259259	719.5555556
1074.636364	720.0909091
555.8813559	719.8135593
1053.411765	724.3529412
914.6842105	725.4736842
479.0238095	726.8333333
1063	729.5
484.3448276	733.8275862
1046.423077	736.2307692
222.8181818	747.4090909
707.3809524	751.4285714
563.8666667	752.5333333
624.0574713	750.5977011
568.5	753
546.9444444	757.6388889
562.4090909	758.4090909
569.6153846	758.3846154
585.5128205	759.5641026
589.2	762.6
613.2142857	762.7142857
618.9047619	761.5714286
619.2352941	765.4705882
614.75	768
618.3589744	771
607.7435897	773.8589744
612.6956522	774.2173913
616.45	776.5
613.0869565	778.826087
734.6315789	777.6165414
355.0526316	777.6842105
605.2	779.4
285.3636364	779.5454545
358.1111111	779.7777778
584.0769231	779.9615385
973.125	780.7083333
277.5454545	783.5
580.6875	782.375
609.2063492	783.015873
606.5789474	787.0789474
576.3666667	786.2666667
458.4	790.4
569.1111111	789.6666667
511	792
602.4767442	792.7674419
344.6153846	794.2692308
562.2	793.2
554.8888889	794.5555556
289.6666667	797.1111111
560.8666667	797.3
815.1111111	796.6666667
498.5555556	798.3333333
493.8333333	801.5277778
561.2631579	801
719.5	801.5833333
556.5833333	802
712.4285714	803.4
458.7857143	803.5714286
948.9166667	803.9166667
551.0588235	806.5882353
557.6774194	806.1935484
564.3636364	805.9090909
273.4590164	808
501.3846154	806.8461538
500.125	810.875
553.9259259	812.7407407
1134.913043	812.6086957
278.6086957	814.8695652
540.9545455	813.5909091
1170.25	814.4166667
273.6666667	816.4666667
547.6333333	816.0333333
542.5	818
701.7205882	816.8235294
672.2444444	818.7111111
499	820.7142857
668.1818182	823.969697
288.5882353	824.9411765
695.5769231	825.0384615
671.2328767	827.9178082
980.4285714	830.4857143
479.7857143	835.3571429
625.4827586	835.1034483
1025.4	835.6
573.0789474	836.4210526
559.8	838.6666667
302.6363636	839.9090909
312.6363636	840.9090909
484.4651163	842.8604651
557.7083333	843.6666667
480.9777778	848.5555556
534.6049383	845.1728395
560.9	845.6
313.8666667	846.4888889
501.125	848.875
237	854.0857143
238.6	858.8
243.8780488	858.6341463
494.125	859.125
524.2711864	862.3220339
241.4761905	862.8571429
763.4948454	863.9278351
363.6666667	863.4666667
360.5	867.9285714
759.0666667	869.0666667
207.1142857	867.2
1082.392157	868.1764706
203.21875	871.09375
578.34375	873
712.2432432	874.7027027
363.4444444	875.8888889
356.75	877.6666667
773.375	878.5
1129.277778	881.2407407
770.8823529	887.5
681.4166667	884.9722222
1136.48	884.4
509.2954545	889.4090909
767.2857143	886.7857143
677.952381	895.0833333
336.8888889	891.6666667
514.1333333	892.5333333
569.375	894.7083333
259.5714286	897.6428571
334.5	898
1064.133333	902.0666667
1054.793103	902.9310345
268.3846154	904.1538462
675.4909091	905.0181818
1060.333333	903.8
570.4285714	905.047619
1048	905.3142857
262.5	905.5666667
1043.157895	906.7894737
1039.388889	908.2777778
1035.375	909.125
573.2941176	911.1764706
854.1818182	912.8181818
1030.857143	911.2142857
1027.470588	912
673.6351351	916.1891892
1023.533333	914.9
1016.322581	916.7741935
1011.461538	919.9230769
426.5	924
640.3333333	926.047619
673.8133333	928.7866667
844.6153846	928.0769231
716	929.4814815
596.3125	932.0625
712.625	931.625
527.6666667	935.9333333
675.3695652	938.4021739
709	937.7166667
596.7142857	937.5714286
715.3265306	936.9183673
710.5454545	943.6363636
259.6923077	943.8846154
264	944.8333333
266.8333333	946.0833333
673.3673469	949.8571429
270.3181818	948.3636364
273.6153846	950.5384615
546.2	949.4666667
281.125	956.875
401.6923077	958.0769231
1026.051282	958.8974359
840.5	959.5
1086.285714	959.9285714
457.0714286	960.7142857
288.3611111	960.3055556
164.5	963.3125
220.9714286	968.5142857
224	974
423.9130435	972.8695652
225.2222222	976.4444444
743.4333333	978.8666667
226.7222222	979.5555556
287.6666667	977.4666667
294.5849057	980.3962264
287.3846154	981.3846154
483.125	980.875
806.375	981.25
815.4444444	983.8888889
810.4	984.0666667
302.4210526	986.6315789
1142.5	986.5
378	989.8
379.125	992.5
751.125	992.125
232.78125	988.84375
750.5384615	996.7692308
242.4861111	995.3888889
382	997
383.8125	1000.6875
385.2	1003.6
1208.933333	1003.6
750.3529412	1003.588235
752.2608696	1007.434783
809.375	1008.5
142.0142857	1006.7
151.04	1014.173333
806.125	1011.75
360.8529412	1013.323529
1148.8125	1012.8125
158.6875	1015.0625
161.4545455	1016.363636
393.8269231	1015.740385
806.2647059	1016.529412
163.8571429	1018
167.1176471	1019.823529
824.1	1020.4
170.8	1021.85
833.5	1022.2
175.72	1023.8
316.5384615	1024.153846
826.4117647	1023.882353
830.3636364	1024.090909
179.3	1025.4
403.7	1025.7
182.9545455	1027.272727
186.4444444	1029.222222
315.3793103	1028.448276
406.9565217	1029.086957
804.125	1028.375
1041.25	1029.375
190.8709677	1031.83871
1036.653846	1032.846154
881.8235294	1030.588235
1168.071429	1032.142857
889.3939394	1033.272727
1165.571429	1036.071429
265.2333333	1037.733333
1162	1039.214286
273.4210526	1041.631579
722.76	1042.34
522.0555556	1044.666667
210.7619048	1044.761905
419.3333333	1045.777778
715.9166667	1046.333333
279.0833333	1047.166667
422.8666667	1047.533333
216.3333333	1049.333333
427.8888889	1056.555556
543.06	1060.14
588.8823529	1061.176471
428.9090909	1062.090909
543.1052632	1064.157895
835.0625	1063.875
888.8181818	1065.590909
431.7777778	1066.666667
584.8888889	1065.833333
1111.354839	1066.516129
799.5365854	1066.658537
589.3333333	1067.888889
435	1068.666667
1225.888889	1068
1104.470588	1069.823529
787.45	1069.7
802.0666667	1072.4
1099.923077	1072.653846
785.8571429	1073.214286
806.8181818	1074.454545
796.2068966	1072.844828
311.2222222	1077.083333
1096.37037	1078.037037
685.0869565	1079.304348
1093.333333	1081.75
781.4285714	1081.785714
684.1724138	1084.068966
778.2820513	1087.025641
320.1818182	1087.863636
325.3658537	1094.219512
682.5882353	1091.470588
823.6521739	1093.956522
810.3488372	1095.953488
173.7333333	1099.777778
175.625	1102.25
333.1034483	1101.241379
340.6666667	1107.690476
642.71875	1108.0625
676.7571429	1110.7
809.4090909	1107.772727
933.7586207	1109.310345
717.7	1111.3
813.1290323	1110.129032
344.8571429	1113.642857
138	1113.6
642	1113.25
608.125	1112.791667
1149.75	1113.916667
1153.913043	1113.913043
779.0416667	1114.708333
347.8333333	1118
207	1118
1166.565217	1120.73913
1162.354167	1127.145833
464.3703704	1130.111111
793	1135.166667
311.8095238	1141.333333
608	1142.4
166.9285714	1143.285714
307.3	1143.4
469.76	1143.92
1076.875	1142.875
144.3076923	1143.923077
140	1145.058824
468.8	1147.3
356.875	1146.625
363.1304348	1148.173913
609.0208333	1148
368.6923077	1148.730769
373.6875	1149.8125
383.4444444	1152.222222
1281.5	1152
379.8196721	1153.557377
385.9285714	1153.142857
390.825	1153.425
473.2258065	1154.870968
388.9791667	1159.0625
109	1159.111111
510.4878049	1159.707317
113.0714286	1161.642857
513.0217391	1166.434783
116.7368421	1165.526316
413.3181818	1167.5
508.4117647	1167.058824
394.0588235	1167.215686
929.3913043	1169.521739
401.4210526	1173.263158
397.65	1173
399.8571429	1176.928571
401.8	1179.4
1156.826087	1180.043478
270.09375	1182.53125
403.3846154	1182.076923
406.6046512	1180.930233
600.7857143	1184.357143
714.7701149	1188.132184
305.7083333	1187
1152.5	1186.5
405.2162162	1188.189189
473.5833333	1186.5
603.1612903	1188.806452
497.4615385	1187.961538
1331.142857	1187.285714
472.2857143	1190
718	1192.347826
1242.825	1189.925
599.7894737	1192.578947
493.7777778	1194.111111
600.4871795	1197.25641
1241.085714	1196.857143
343.6190476	1197.571429
1299.818182	1197.840909
403.1428571	1199
747.175	1199.7
350.8947368	1200.263158
646.4166667	1202.125
729.8235294	1202.294118
740.75	1201.325
659.0909091	1204.454545
1292.794872	1202.564103
357	1203.75
755.875	1205.25
750.5757576	1205.393939
1288.9375	1205.875
364.6222222	1205.933333
760.3157895	1205.315789
118.3506494	1209.727273
741.4358974	1207.461538
746.25	1206.4
370.3636364	1209.090909
764.5	1210.333333
661.9230769	1210.423077
792.0652174	1209.826087
826	1209.5
845.4210526	1210.684211
110.0833333	1211.583333
491.9538462	1211.738462
412	1214
496	1214
759.3225806	1213.935484
495.25	1217.875
969.5909091	1216.818182
410.0833333	1217.416667
685	1221
268.5	1224.928571
272.4666667	1225.866667
278.1025641	1227.897436
1181.151515	1228.848485
756.5058824	1234.658824
1302.531915	1239.531915
862.75	1241.583333
87.32	1243.08
1294.909091	1244.363636
1125.705882	1244.764706
975.3793103	1246.206897
444	1251
1217.323529	1252.088235
597.6666667	1254.916667
1345.104167	1255.854167
598.0526316	1259.421053
641.06	1259.32
595.8478261	1266.086957
540.952381	1265.761905
538	1266.5
727.6666667	1266.444444
601	1267.153846
195.9056604	1268.169811
607.5	1269.125
747.3333333	1269.111111
151.3513514	1270.162162
156.9230769	1270.384615
178	1269.828571
203.5	1270
598.1538462	1270.307692
140.4754098	1271.42623
159.8333333	1271.083333
164.6285714	1271.428571
171.3636364	1271.363636
207.4736842	1271.421053
539.1578947	1270.736842
210.25	1272.25
213.3888889	1274.222222
217.2142857	1277.071429
136.25	1277.2
135.0714286	1281.285714
371.5714286	1282.880952
1004.125	1286.125
629	1289.15
1125.318182	1288.727273
632.8	1291.5
252.9642857	1303.928571
945.9	1304.7
956.6875	1306.375
1306.3125	1308.5
445.125	1310.125
1309.7	1311.3
532.1	1315.05
594.2142857	1312.107143
628.234375	1315.109375
605.1071429	1313.857143
633.8717949	1315.358974
597.7719298	1315.684211
611.45	1316.1
618.1538462	1314.346154
672.0909091	1315.090909
113.85	1316.85
623.0333333	1317.733333
732.6	1319.6
769.5909091	1322.159091
1308.5	1321.6875
731	1323
1371.117647	1322.588235
824.2631579	1325.605263
1181.5	1324.625
359.7777778	1323.555556
365.2608696	1327.913043
821.8571429	1328.333333
76.92857143	1328.857143
828.8181818	1332.181818
830.9285714	1336.285714
737.9583333	1338.875
1017.714286	1342.107143
168.375	1343.625
938	1348.714286
926.8666667	1350.6
1134.722222	1351.444444
675.2727273	1354.272727
854.2222222	1356.333333
788.3846154	1359.615385
518.0285714	1360.2
93.4516129	1361.580645
449.5625	1363.75
453.7391304	1363.26087
850.7704918	1362.163934
898.4090909	1363.409091
422	1365.166667
149.8988764	1365.752809
602.2571429	1366.685714
350.7419355	1368.274194
444.8378378	1368.405405
518.3235294	1370.220588
418.8695652	1368.826087
449.9230769	1369.307692
957.0833333	1370.25
1126	1370.5
1121.357143	1372.928571
242.0952381	1372.809524
418.5217391	1374.913043
519.1342282	1384.865772
446.0784314	1375.235294
346.4166667	1377.25
421.3448276	1379.62069
1130.75	1380.375
443.4117647	1380.764706
448.8461538	1381.538462
416.6875	1382.8125
439.7368421	1382.736842
384.8857143	1383.457143
1390.545455	1384.181818
369.5869565	1384.934783
888.6	1385.5
376.125	1385.15625
450.7857143	1386.5
443.6091954	1387.574713
860.5	1386.875
853.1875	1390.375
74.18421053	1392.105263
448.25	1390.9375
847.6923077	1389.230769
937.5	1394.5
1082.6	1395.44
441.4444444	1396.777778
446.4473684	1395.657895
136.875	1396.875
382	1398.846154
1023.722222	1399.944444
1220.5	1405
572.326087	1405.663043
143.5	1408
570.3636364	1408.272727
567.1	1409.95
573.5	1410.214286
818	1410
835.5	1410
228.5	1411.818182
234.68	1411.72
220.3921569	1414.098039
169.7777778	1417.111111
1047.75	1418.5
173.125	1420.125
198	1420.5
901.7118644	1422.745763
1043.5	1421
502.5	1423.875
1187.65625	1424
1253.756757	1425.783784
537.9166667	1426.833333
1310.833333	1427.666667
141.16	1430.24
809.8	1429.5
1017.272727	1429.727273
136.9230769	1431.076923
308.1923077	1431.384615
1242.368421	1430.947368
1303.111111	1431.138889
126.7894737	1430.789474
131.8157895	1432.131579
444.7857143	1432.785714
451	1433.8
459.5	1435.2
235.2619048	1438.714286
125.1960784	1438.27451
513.6125	1444.575
865.3157895	1442.631579
892.5789474	1443.105263
1214.641026	1443.205128
241.4864865	1445
984.4210526	1443.684211
1300.090909	1443.636364
128.48	1446.52
779.7567568	1446.459459
864.8333333	1447.416667
892.48	1448.28
1378.352941	1449.529412
132.3636364	1450.772727
250.6	1451.48
891.0882353	1454.029412
255.8125	1453.1875
485.9130435	1452.391304
491.34375	1451.5625
137	1453.807692
496.6590909	1452.454545
798.8245614	1455.54386
491.037037	1456.592593
140	1457.470588
487.3061224	1460.918367
1315.678571	1459.52381
496.2631579	1458.631579
146.3555556	1460.244444
493.9565217	1462.217391
1070.875	1462.232143
152.8333333	1465.791667
783.5	1464.5
1114.096154	1464.596154
1306.333333	1466.125
1302.357143	1467.857143
1104	1468
1108.176471	1468.176471
1200.865385	1469.980769
157.4242424	1470.333333
440.4166667	1469.583333
1264.125	1469.875
944.9090909	1472.363636
162.75	1475.055556
442.2704918	1476.745902
742.7647059	1477.196078
408.1627907	1476.488372
382.8181818	1481.454545
437.0212766	1481.382979
1201.608696	1481.782609
1278.703704	1481.296296
979.8	1484
600.1111111	1485.333333
651.2727273	1485.272727
1279.307692	1485.769231
1276.571429	1489.809524
653.4117647	1489.647059
706.3953488	1495.44186
974.85	1492.95
970.8333333	1494.166667
700.0531915	1495.085106
1280.090909	1498.636364
1087.833333	1500.055556
263.826087	1504.347826
914.0948276	1505.086207
258	1504.692308
478.6666667	1504.277778
655.1639344	1503.721311
678.2056075	1505.813084
243.7380952	1506.166667
251.9333333	1505.622222
895.3925234	1506.719626
237.9545455	1507.318182
477.7692308	1507.769231
505.5882353	1506.882353
904.4117647	1506.294118
1051.105263	1507.421053
1343	1506.5
564.8947368	1507.473684
654.375	1510.333333
320.7333333	1508.8
496.887218	1510.676692
681.9166667	1509.833333
1410.076923	1510.692308
479.1904762	1511
1236.846154	1509.538462
1293.958333	1510.125
676.1282051	1514.615385
513.25	1512.75
680.5	1513.642857
1287.892857	1513.035714
1408.909091	1514.363636
501.3214286	1516.642857
419	1517
483.3461538	1517.076923
516.8333333	1516.416667
487.3571429	1518.214286
159.4705882	1517.764706
496.7746479	1519.521127
508.5	1519
570.0909091	1519.090909
164.5806452	1522.935484
437.0689655	1521.896552
605	1521.8
579.9375	1525.3125
643.5	1524.714286
169.75	1527.25
574.6666667	1526.333333
792.7272727	1528.69697
1288.555556	1530.222222
1279.777778	1533.5
871.2352941	1534.470588
875.3	1536.866667
852.7058824	1536.705882
884.2272727	1537.318182
858.875	1537.875
889.2857143	1537.5
507.3488372	1539.511628
763.516129	1540.806452
73.76470588	1542.823529
205.4333333	1544.533333
1018.357143	1544.857143
77.3125	1545.25
81.65217391	1547.26087
211.44	1548.68
87.39534884	1552.302326
659.1578947	1550.263158
1142.6875	1551.9375
91.0952381	1558.190476
240.7361111	1559.791667
107.5	1563.5
187.6363636	1564.090909
192.3846154	1563.5
248.85	1564.1
1356.045455	1563.515152
252.5	1565.583333
1347.266667	1565.7
259.3888889	1568.5
139.6666667	1569.888889
263.8888889	1570.444444
125.432	1571.168
269.1428571	1571.107143
475.175	1570.425
1178.142857	1571.464286
472.047619	1572.714286
1174	1574.833333
1233.555556	1574.333333
1310.75	1575.5
1317.727273	1574.590909
1314.615385	1575.692308
605.9411765	1577.352941
1303.263158	1578.026316
1295.466667	1579.333333
1166.571429	1579.678571
1158.285714	1585.542857
42.5	1585.5
42.5	1590
862.8	1590
247.2	1592.533333
896.0095238	1595.495238
44.88235294	1595.147059
536.16	1594.88
245.6923077	1596.692308
42.46666667	1599.466667
535.5	1599.5
894.65	1599.7
1200.144144	1599.567568
248.5	1600.5
1335.5	1601
687.3333333	1601.875
1328.673469	1602
130	1603
251.8	1604.133333
898.71875	1602.09375
140.2857143	1603.396825
238	1605.619718
42.45454545	1604.272727
894.1818182	1605.113636
255.0714286	1607.107143
1189.461538	1606.615385
231.125	1611.125
1059.196429	1612.25
1067.380952	1610.952381
238.7777778	1615.888889
1139.6875	1616.75
1177.12	1617.56
914.0416667	1618.333333
345.3333333	1619.666667
41.07894737	1620.236842
1136.944444	1621.611111
1173.818182	1621.909091
1270.125	1622.035714
1141.241379	1622.724138
504.3636364	1625.5
537.1	1625.4
1243.875	1627.875
40.07142857	1628.857143
1156.616667	1629.083333
162.6521739	1634.086957
1175.638889	1633.833333
1362.197802	1634.736264
159.1	1636.4
1306.942857	1635.8
156.3636364	1637.545455
55.26923077	1639.538462
1191.285714	1639.571429
142.375	1640.4375
1182.934066	1639.054945
295.7142857	1640.964286
358.3846154	1640.615385
1299.62069	1641.172414
1294.826087	1644.956522
1325.816514	1648.449541
1181.25	1645.625
1290.210526	1652.715789
1180	1650.269231
549.6666667	1653.111111
1282	1652.5
1256.8	1652.555556
1250.444444	1655.111111
548.1818182	1655.727273
1175.561404	1658.736842
1245.647059	1657.529412
1240.571429	1658.321429
1298.297872	1657.595745
1284.292683	1660.292683
903	1661
1232.527778	1660.222222
1224.946429	1666.696429
153.65	1668.25
418.0833333	1669.666667
468.25	1669.25
980.8113208	1667.037736
113	1669.5
970.6206897	1670.275862
1079	1672
155	1674
120.1666667	1674.066667
416.6363636	1674.545455
514.5882353	1675.705882
148.5	1677.928571
140.6491228	1679.403509
413.4705882	1679.647059
154.3333333	1680.880952
374.8421053	1684.631579
1153.166667	1683.030303
157.3846154	1687.538462
415.6666667	1687.518519
408.2134831	1690.011236
65.14285714	1692.071429
413.3333333	1692.52381
159.6521739	1692.391304
421.75	1695.833333
413	1697
1244	1697.142857
162.2631579	1697.684211
421	1699
987.5	1699
1140.4375	1698.875
451.7777778	1699.740741
992.2857143	1700.380952
1137.483871	1701.16129
1043.2	1701.733333
1039.375	1703.375
948.9090909	1706.090909
1110.785714	1706.642857
1330	1709.5
689.0555556	1714.222222
272	1714.685714
573.5555556	1715.288889
266	1717
262.8461538	1718.692308
1069.909091	1720.363636
1062.333333	1724.888889
75.04	1728.88
610.25	1727.25
614.5	1728
1121.4	1733.4
109	1734
348.4	1735.244444
932.2571429	1736.742857
1059.45	1739.35
211.5454545	1742.515152
467.25	1742.5
486.8181818	1748.181818
1181.73913	1748.521739
126.0263158	1750.578947
119.6363636	1752.090909
1245.571429	1752.61039
1310.382353	1753.5
1319	1753
1324.333333	1753.083333
1330.1	1755.25
1334.2	1755
103.1111111	1756.333333
507.6153846	1757.384615
906.5384615	1758.846154
109.5	1765.5
216.5135135	1766.648649
688.125	1766.875
206.9722222	1767.722222
444.3888889	1770.833333
107.9230769	1771.846154
431.7058824	1773.411765
122.4038462	1773.653846
1111.415385	1774
45.19565217	1774.869565
100.5952381	1774.857143
116.8461538	1774.230769
420.5	1775.6
439.7297297	1774.972973
445.5555556	1775.407407
452.875	1776.125
40.08333333	1777.666667
427.625	1778.40625
433.8717949	1778.794872
416.4	1779.866667
443.4705882	1779.294118
449.2962963	1779.851852
459.5	1779.5
440.0666667	1780.4
1368.85	1780.3
455.8421053	1780.684211
422.4666667	1782.022222
470	1782.333333
447.45	1783.75
414.1851852	1786.981481
419.6774194	1786.451613
437.71875	1784.0625
393.6842105	1785.947368
707.9444444	1786.166667
398.4736842	1788.105263
539.1875	1788.625
444.3333333	1790
428.2403101	1790.116279
437.4302326	1790.151163
152.2727273	1793.363636
155.3	1793.3
158.5294118	1792.588235
405.8095238	1791.47619
443.7142857	1793.904762
161.5555556	1793.777778
419.8108108	1792.918919
539.8421053	1794.473684
164.3125	1795.25
415.1923077	1794.730769
1165.12	1794.8
167.5	1795.875
1359.714286	1793.964286
170.5	1797.5
424.375	1796.25
448.9454545	1796.618182
456	1796.575758
407.8214286	1796.892857
541.8888889	1798.333333
28.2	1798.933333
427.2142857	1799.071429
440.75	1800.796875
174.6666667	1799.466667
411.7460317	1798.761905
1024.44	1801.28
178.3076923	1800.923077
431.8888889	1801.222222
454.4285714	1801.190476
1159.5	1801.5
181.1666667	1802.583333
450.2	1803.44
461.3061224	1803.306122
567	1804.166667
301.74	1804.72
409.75	1807.333333
564.9090909	1805.909091
568.9166667	1807.333333
1360.315789	1805.859649
310.3846154	1807.846154
786.125	1808.125
306.3571429	1808.428571
458.4489796	1807.22449
467.6	1808.9
898.9764706	1812.588235
564.08	1810.2
568.3571429	1810.428571
893.2666667	1811.933333
1213.753247	1812.376623
1280.717949	1812.051282
1360.4	1814.75
92.81818182	1813.181818
179.75	1813.125
315.3333333	1812.666667
460.8333333	1813.305556
173.8148148	1814.666667
100.125	1813.775
1131.619048	1814.047619
106.5	1816
1206.214286	1815.642857
109.9166667	1816.75
113.95	1816.7
165.4	1818.444444
148.75	1821.05
155.6571429	1820.371429
1134.376623	1823.012987
438.4583333	1825.125
1130.273973	1829.520548
998.125	1827.125
1336	1829
821.5	1832.2
1347	1832.081081
829.7272727	1837.727273
114.4	1843.4
1070.137931	1843.62069
1074.588235	1842.882353
641.3846154	1843.769231
644.625	1846.1875
640.0555556	1848.055556
1356.695652	1847.608696
643.6829268	1852.536585
635.3333333	1854.937985
1348.410256	1853.897436
1147.380952	1853.428571
1022.125	1854.125
1143.65	1854.85
1195.971429	1853.142857
1343.692308	1854.307692
1129.384615	1855.615385
634.8333333	1860.875
1342.333333	1861.47619
43.09230769	1864.307692
858.4090909	1865.045455
159	1864.5
1340	1865
1086.828571	1866
931.0506329	1866.379747
1335.784314	1871.058824
170.137931	1869.310345
55.75675676	1870.351351
63	1869.842105
174.8888889	1870.222222
49.32142857	1869.821429
123.0769231	1874.038462
130.2363636	1874.127273
929.0694444	1873.847222
1319	1874.142857
137.2105263	1874.526316
1316.25	1875.375
1091.333333	1876.333333
358.1282051	1877.205128
351.0277778	1879.416667
1070.9	1878.2
792.7777778	1879.888889
1348.5	1879.714286
94.13333333	1881.866667
1271.384615	1880.923077
1274	1882.625
1120.125	1883.125
89.75	1883.75
430.3623188	1884.637681
812.9864865	1886.162162
1072.55	1882.65
462.3	1885.525
1339.660714	1885.875
1071.075	1888.1
425.4363636	1891.854545
800.1111111	1887.111111
804.375	1888.75
432.9784946	1892.774194
806.5714286	1891.785714
1184.807018	1891.070175
407.4615385	1892.907692
1075.333333	1892.333333
1167.938776	1891.877551
1175.025641	1891.333333
818.4	1892.6
1157.423913	1893.706522
428	1897.4
1329.730769	1896.307692
404.1714286	1896.314286
827.15625	1896.625
808.6923077	1896.442308
1104.697674	1896.744186
1136.666667	1898.066667
1148	1898.52381
377.1538462	1897.903846
814.9259259	1899
1077.125	1899.125
1001.533333	1899.466667
406.04	1902.2
819.2857143	1904.087912
1107.666667	1902.866667
811.3478261	1904.434783
1074.8125	1902.8125
506.8823529	1903.470588
543.6923077	1905.307692
1325.586207	1903.551724
539.7142857	1906.071429
822.4642857	1907.071429
832.1875	1905.8125
111.1694915	1907.067797
1224.4375	1906.75
60.925	1909
828.3469388	1908.55102
117.4736842	1910.684211
1309.75	1909.5
1314.368421	1909.736842
125.328125	1911.703125
1229.244444	1911
811.3333333	1911.666667
817.3043478	1912.826087
1027.307692	1913.230769
124.8571429	1916.714286
256.7142857	1915.2
265.0232558	1914.883721
824.92	1914.266667
1032.5	1914.5
834.5869565	1914.98913
818.516129	1918.258065
823.0454545	1919.772727
1128.65	1919.05
812.7608696	1917.130435
850.2857143	1919.25
828.9230769	1921.820513
1219.636364	1920.818182
211.4761905	1922.619048
810.0833333	1925.569444
836.2307692	1923.512821
1215.5	1923.375
805.3478261	1924.521739
817.8571429	1923.836735
1213.181818	1924.272727
869.8823529	1925.176471
1210.076923	1925
212.7391304	1926.347826
1206.190476	1926.285714
370.9411765	1927.926471
800.9032258	1927.193548
874.125	1926.875
1131.1	1927.55
377.1111111	1928.518519
821.1111111	1927.777778
362	1929
815.7	1929.1
948.7	1928.8
729.6666667	1930.111111
828.7974684	1928.620253
965.5232558	1928.755814
1051.5	1930.5
813.6842105	1931.473684
839.9333333	1931.866667
1124.875	1933.125
808.0588235	1934.568627
817.7142857	1933.5
829.7	1933.88
412.5384615	1933.384615
813.5	1934.75
1252.710526	1934.815789
631.6777778	1943.927778
822.8461538	1935.769231
625.2962963	1938.481481
776.9666667	1936.7
801.5333333	1936.866667
1120.717949	1937.615385
1198.285714	1936.5
415.5517241	1938.931034
837.6666667	1938.944444
845.75	1938.125
632.625	1940.375
122.6111111	1943.694444
844.125	1945.125
1325.941176	1945.411765
129.5	1945.5625
133.5	1945.5
1116.5	1945.5
1127.146341	1944.317073
1129.714286	1949.4
1124.833333	1951.625
946	1953.2
1026.675676	1953.878378
1035.709677	1957.225806
732.3043478	1958.608696
1334.928571	1961.142857
67.61176471	1963.564706
200.2424242	1964.030303
401.8	1964
205.5	1969.5
74.09090909	1970.363636
1337.333333	1970.111111
335.5	1969.583333
992.3384615	1975.153846
569.8125	1975.375
401.5769231	1974.884615
153.6785714	1978.392857
867.125	1978.125
238.6730769	1978.442308
250.1428571	1979.071429
1393	1978.857143
254.3333333	1979.888889
945.9473684	1980.315789
1103.25	1981.25
1210.344828	1982.931034
1100.636364	1983.363636
303.4814815	1983.925926
289.5833333	1985.25
283.4210526	1986.263158
844.6428571	1985.714286
987.6551724	1986.206897
99.05	1987.75
1206.823529	1988.647059
945.25	1989.625
992.2941176	1990.294118
104.7931034	1992.068966
1309.545455	1992.590909
44.3	1993.2
354.6666667	1993
47	1993.833333
951.3636364	1993.909091
986.5454545	1994.909091
991.5714286	1993.357143
50.23529412	1996.058824
201.25	1995.333333
966.5	1996
982.6086957	1996.26087
891.0757576	1996.878788
901.125	1997.125
1069.875	1996.875
1195.5	1996.5
1311	1997.2
973.5	1998
1067.125	1997.875
54.84210526	1998.736842
1250.756757	1999.702703
662.75	1999.875
939.2	2000.5
1187.666667	1999.533333
1292.909091	2000.363636
975.8518519	2002.333333
358.1346154	2000.903846
962.625	2003.482143
269.25	2004.416667
664.8888889	2003.555556
888.3846154	2004.435897
971.3333333	2003.722222
950.1111111	2004.666667
987.1578947	2004.842105
997.2	2004.3
1304.684211	2004
311.3571429	2006.214286
354.3666667	2006.633333
939.25	2005.625
990.7692308	2006.846154
319.9111111	2007.666667
326.8	2007
672.2592593	2007
980.6511628	2005.906977
340	2009.105263
667.3333333	2008.851852
670.25	2011.625
975.3448276	2008.310345
984.2777778	2008.222222
969.6415094	2009.943396
988.5	2009.333333
940.3947368	2010.184211
881.875	2012.075
888.4285714	2012.028571
893.125	2012.5
896.7027027	2013.783784
980.1666667	2012.866667
985.4333333	2013.166667
996.8181818	2012.636364
948.45	2013.75
975.4666667	2014.2
992.2121212	2012.333333
934.5384615	2015.230769
941.6730769	2015.653846
954.6190476	2014.47619
959.6785714	2014.571429
988.7058824	2015.588235
1079.666667	2015.111111
1055.394737	2016.105263
760.0666667	2016.733333
879.7142857	2016.5
951	2016.9375
1071	2017.722222
956.5384615	2024.671329
761.25	2020.833333
946.3134328	2022.358209
788.2121212	2021.333333
935.5483871	2022.290323
931.8518519	2026.518519
70.61702128	2027.87234
76	2027
949.1875	2027.4375
78.83333333	2028.583333
237.1470588	2027.911765
574.4285714	2030.571429
925.3636364	2029.454545
75.78571429	2030.571429
130.25	2030.4375
1244.2	2030.76
1327.226415	2031.264151
83.76190476	2031.928571
947.6315789	2032.789474
1316.888889	2032.833333
1321.074074	2032.481481
1333.444444	2033.111111
1346	2032.923077
91.33333333	2034
942.5	2034.2
1351.9375	2034.3125
580.3846154	2034.615385
648.6666667	2035.111111
930.6538462	2035.230769
938.3846154	2034.615385
120.3666667	2035.466667
957.3846154	2036.384615
576.0454545	2037.681818
952.7241379	2037.655172
585.1818182	2039.272727
948.6363636	2039.090909
586.7	2042.3
583.8461538	2045.230769
616	2046.5
578.6315789	2046.473684
462.4	2049.885714
264.9	2053.4
1125.277778	2052.694444
1131.548387	2053.870968
391.8681319	2055.054945
1047.048387	2055.870968
258.2093023	2057.325581
623.3333333	2060.266667
644.4166667	2059.75
249.8846154	2060.423077
673.3846154	2062.384615
1098.109091	2062.745455
1349.636364	2062.090909
1258	2062.5
1353.882353	2062.588235
607.7916667	2064.291667
1114.333333	2065.111111
636.5	2066.875
492.3636364	2068.909091
1319.866667	2067.222222
638.9310345	2072.051724
1238.666667	2072.888889
783.6515152	2073.893939
1236.181818	2075.454545
543.5744681	2075.829787
1395.304348	2077.913043
542.3333333	2080.722222
1232.444444	2079.388889
776.8730159	2081.412698
775	2086.965517
1280.636364	2087.454545
1277.529412	2089.176471
718	2096.241379
178.3333333	2097.111111
794.255814	2097.069767
1109.444444	2096.740741
578.7142857	2098.5
631.4871795	2099.871795
272	2104
277.25	2105.125
286.5625	2104.75
1005.4	2105.4
282.1363636	2106.181818
631.25	2109.34375
228.4025974	2107.688312
248.3846154	2108.967033
257.875	2107
1000.285714	2108.714286
1205.363636	2107.909091
1416.909091	2107.636364
228.7647059	2110.882353
237.7777778	2109.888889
241.2857143	2109.642857
214.5882353	2110.039216
1199.676471	2110.676471
913.8461538	2112.076923
1361.689655	2110.344828
239.4583333	2115.097222
465.1081081	2115.459459
605.3809524	2114.380952
954.875	2114.125
771.1428571	2118.492063
1059.423729	2115.491525
228.6521739	2118.173913
630.5517241	2118.689655
777.7804878	2117.390244
73.58823529	2119.058824
223.3333333	2119.969697
213.7222222	2124.433333
466.8888889	2121.333333
394.5263158	2122.236842
628.75	2123.85
964	2125.125
19	2126.038462
576.9444444	2127.416667
952.4418605	2126.627907
571.9285714	2130.857143
569.1666667	2129.277778
952.25	2131.375
1288.36	2131.6
1292.458333	2130.333333
162.1764706	2131.823529
961.1388889	2130.25
957.0714286	2133.75
144.6666667	2134.888889
565.25	2134.666667
951.4375	2136.59375
1053.677778	2138.666667
1315.363636	2135.818182
462.9166667	2137.916667
472.6363636	2140.227273
496.7575758	2138.484848
482.125	2141.125
948.2222222	2141.833333
478.375	2142.4375
952.125	2143
457.9172932	2146.097744
474.4	2144.4
495.9382716	2154.595679
481.7777778	2145.222222
1209.875	2146.325
72.77272727	2148.090909
467.6190476	2148.920635
486.9767442	2149.162791
951.1666667	2148.5
1205	2149.5
477.1818182	2150.181818
513.6428571	2149.071429
479.4615385	2152.384615
1199.52	2152.94
452.2	2155.5
489.3076923	2154.769231
819.46875	2156.03125
1196.666667	2157
675.65	2158.7
1194.25	2158.666667
1239.666667	2157.25
485.1428571	2159.190476
1231.90411	2158.013699
690.0769231	2159.346154
453.6	2161.2
1184.666667	2160.8
1189.642857	2160.678571
193.6923077	2161.857143
209.1578947	2164.434211
218.2	2165.666667
874.125	2164.875
1188.214286	2165.071429
1180.75	2166.977273
1410.647059	2168.529412
1348.40625	2169.203125
496.2	2171.733333
440.75	2171.15
593.5714286	2169.892857
1170.725	2171.9
928.6666667	2173.444444
1356.214286	2172.357143
1412.28125	2173.75
592.21875	2174.5625
1360.5	2174
492.6666667	2175
1162.304348	2177.289855
1366.818182	2176.939394
1404.263158	2179.131579
628.037037	2178.185185
1433.04	2179.28
1154.796296	2182.611111
492.2857143	2183.571429
520.6521739	2186.608696
722.6058091	2190.319502
1071.133333	2185.888889
730.443038	2189.468354
248.027027	2188.135135
516.6842105	2187.157895
1147.153846	2187.673077
1434.292683	2187.365854
714.1555556	2194.022222
1416	2195
1412.333333	2196.133333
444.5	2196
489.8947368	2195.105263
717.3818182	2201
943.75	2198.583333
949.4642857	2198.714286
448.2380952	2200.285714
488.375	2199.75
874	2200.2
15.81481481	2200.407407
43.5	2201
302.1304348	2199.521739
1335.388889	2201.111111
47.16666667	2202.333333
308.4090909	2202.454545
313.8571429	2203.071429
946.2380952	2202.714286
445.59375	2206.25
1014.444444	2204.592593
960.3333333	2206.466667
1390.58	2207.8
950.3703704	2206.666667
1258.596154	2208.269231
485.7101449	2209.202899
798.8571429	2211.571429
1383.8	2210.9
388.8431373	2211.882353
446.32	2212.28
735.875	2211.875
1379.954545	2213.136364
760.5	2215.5
1209.357143	2216.785714
1339.285714	2217.285714
445.5384615	2217.846154
885.3	2218.3
1373.880952	2217.547619
140.8513514	2221.081081
73.88888889	2222.444444
340.5882353	2221.294118
348.5	2222.5
343.1818182	2223.818182
1196.848485	2224.515152
81.13043478	2224.956522
85.55555556	2226
85.25	2228.375
336.4444444	2226.666667
1368.255814	2224.209302
90.16666667	2227.583333
878.4772727	2226.568182
1098.933333	2229.6
1180.543689	2229.718447
1095.304348	2232
640	2233.5
1093.266667	2236.666667
1334.258065	2236.548387
446.8	2238.85
700	2242
1235.232558	2242.697674
859.3617021	2243.340426
1439.411765	2242.882353
1019.357143	2243.785714
1241	2244
484.125	2245.125
1138	2245.625
1372.590909	2244.681818
445.5853659	2246.487805
618.8	2247
1143	2246.642857
792.137931	2247
1131.666667	2248.444444
613.2142857	2249.142857
621.6	2248.9
484.1621622	2250.351351
443.1875	2251.5
609.6363636	2251.090909
1127.9	2252.4
625.5454545	2253
483.5	2254.75
1125.888889	2256.407407
605.0952381	2257.142857
250.2352941	2258.529412
272.5	2258.75
642.8181818	2259.363636
246.8666667	2260.533333
446.65	2256.95
483.9107143	2260.410714
835.8292683	2260.341463
277	2260.75
648.1111111	2261.333333
57.88571429	2263.485714
265.8717949	2260.897436
602.2	2262.166667
244.875	2263.125
484.7647059	2268.156863
630.6545455	2262
728.25	2264.375
380.8571429	2265.809524
993.1836735	2264.734694
447.4333333	2267.033333
1436.411765	2265.823529
604	2267
641.5	2266.5
988.7	2268.333333
1443	2266.8
653.6666667	2268.888889
1444.071429	2270.857143
384.3333333	2270.888889
559	2271
980.6206897	2271.310345
647.0909091	2273
448.0454545	2274.818182
978.1818182	2275.318182
485.7865169	2279.539326
6.514285714	2276.628571
634.7692308	2280.384615
446.7608696	2283.869565
1289.5	2286.25
441	2289
487.7631579	2299.697368
608.1111111	2289.666667
437.3125	2289.75
539.037037	2290.814815
650.4444444	2292.888889
435.25	2293.85
604.0833333	2292.833333
1277.75	2291.85
537.5714286	2295.428571
1272.178571	2295.285714
1445.902439	2293.878049
94.90909091	2294.704545
602	2295.5
609.1666667	2295.75
87.68965517	2297.344828
129.4642857	2297.214286
698.4833333	2297.833333
538.5625	2299.375
607.4117647	2298.058824
1052.227273	2297.863636
1140.05	2298.025
389.5666667	2297.933333
431.6363636	2301.254545
745.5	2299
1264.319149	2301.319149
21.34146341	2300.682927
696.75	2301.7
1107.595238	2301.261905
1425.387755	2302.673469
1063.944444	2301.388889
997.2307692	2303.192308
1135.148148	2303.333333
1066.277778	2306
1452.068966	2304.689655
1263.6	2307.2
1337.809524	2305.666667
653.9545455	2308.954545
697.7115385	2308.653846
1439.9375	2310.3125
1448	2310
846.5	2310.5
1267.6	2310.933333
1408.923077	2311.307692
205.75	2313.3125
217.3648649	2311.513514
209.6315789	2314
608.5	2315
1124.96	2316.64
1166.657143	2316.857143
847.137931	2316.586207
602	2318.5
606.4285714	2319.857143
641.5625	2319.0625
644.3913043	2324.826087
1041.15625	2324.625
537.3076923	2325.589744
799.9210526	2326.710526
1096.285714	2327.5
796.1304348	2330.173913
1096.208333	2332.166667
793.4	2333.066667
799.8181818	2332.363636
1033.3	2334.7
791.125	2335.875
924.2	2335.6
798.5	2337.08
928.9	2337.25
793.9090909	2337.272727
1035.878788	2339.666667
191.1428571	2339.171429
800	2340.375
899.5714286	2339.428571
833.9873418	2341.911392
800.3846154	2343.615385
562.9866667	2347.266667
1036.333333	2345.777778
1177.827586	2348.137931
651.875	2349.125
502.6969697	2349.727273
985.5142857	2352.114286
655	2354.923077
421.9528986	2370.576087
1452.666667	2358.125
654.125	2359.125
662.375	2360.75
111.0869565	2360.695652
230.125	2362.125
413.2857143	2364.357143
105.5862069	2363.896552
239.9875	2362.575
280.52	2362.92
101.2	2363.733333
250.1428571	2364.257143
257.6153846	2364.730769
264.5	2365
270.3333333	2364.666667
274.5	2364.5
676.5313653	2377.527675
417.3783784	2369.972973
456.7222222	2368.944444
614.5833333	2367.25
526.6140351	2370.561404
454.1904762	2372.095238
614.5	2371.333333
313.2058824	2373.382353
308.7368421	2373.263158
901.5952381	2374.238095
457	2375.842105
527.0454545	2376.863636
420.125	2380.125
1437.086957	2380.782609
415.5833333	2382.75
419.3333333	2383.083333
434.1891892	2384.621622
439.21875	2389.96875
1127.571429	2387
33.5	2387.166667
578.8823529	2390
444.2033898	2391.40678
1019.086957	2398.521739
616.1904762	2400.190476
621.6666667	2400.25
1346.875	2399.875
649.3888889	2400.444444
494.6470588	2404.411765
497.5454545	2405.818182
612.0555556	2404.555556
207.14	2405.22
607.6428571	2407.857143
1350.617647	2408.647059
205.6190476	2410.571429
933.8125	2409.8125
555.1944444	2412.027778
1203.911765	2412
196.6206897	2413.689655
1157.666667	2411.939394
1055.814815	2416.925926
672.4491525	2414.661017
1058.5	2418.375
487.6153846	2419.615385
162.95	2421.1
673.0067568	2434.263514
168.8095238	2422.714286
174.64	2423.48
185.1791045	2422.895522
563.4385965	2426.614035
488.7142857	2424.095238
976.125	2425.375
486.3333333	2429.083333
494.1714286	2428.857143
562.3684211	2433.789474
492.6666667	2432.666667
496.3846154	2435.153846
238.8541667	2437.5
515.5	2438.5
1415.444444	2439.177778
519.625	2440.875
1107.941176	2442.5
41	2443
45.7	2443.5
238.6	2443.6
514	2443.357143
1150.666667	2443.444444
37.80769231	2445.538462
52.97222222	2444.527778
62.33333333	2443.936508
526.2142857	2444.261905
922.4090909	2445.5
31.20454545	2446.454545
351.3181818	2445.272727
1152.416667	2446.75
790.5454545	2450.775758
1295.837209	2447.116279
1301.777778	2447.592593
1306.941176	2447.558824
178.7317073	2448.585366
187.0222222	2448.355556
671.3015873	2452.031746
301.8666667	2449.933333
307.8	2449.2
926.6842105	2449.368421
1312.5	2449.8
500.125	2451.875
736.5714286	2453.619048
237.8823529	2454.176471
315.9090909	2455.363636
795.7692308	2455.846154
1329.8	2456
1473.142857	2456.357143
1118.1	2456.7
518	2456.806452
512	2461.44
734.6486486	2459.027027
669.972973	2461.135135
1337.421053	2460.842105
315.2307692	2464.153846
516.8222222	2464.622222
1225.363636	2464.090909
310.8333333	2464.722222
305.962963	2465.62963
439.3548387	2466.612903
298.0666667	2468.666667
307.2142857	2470.357143
777.3461538	2468.858974
1003.65	2471.425
292.8064516	2472.709677
304.65	2473.3
331.875	2472.75
92.58536585	2474
299.1724138	2475.931034
307.3636364	2477.090909
315.3454545	2477.381818
398.9565217	2477.869565
476.9	2477.55
382.0714286	2479.285714
1034	2480.380952
394.6923077	2481.5
1156.9	2482
1160.578947	2482.631579
1256.191489	2482.489362
402.5853659	2480.463415
425.4444444	2484.333333
464.1724138	2483.896552
481.9210526	2483.815789
559.6956522	2485.695652
143.3	2487.6
165.8157895	2488.552632
555.2083333	2488.041667
1062.294118	2487.647059
150	2489.291667
585.8235294	2488.823529
157.3809524	2489.809524
558.6470588	2490.411765
1065	2490.36
807.9047619	2490.571429
806.375	2496.625
888.5	2500.5
935.5	2499.5
550.32	2500.84
544.9	2502.2
546.375	2506.125
393.3636364	2507.181818
552.7142857	2508.535714
1071.470588	2507.882353
1171.54717	2509.415094
386.0740741	2513.666667
1290.625	2513.375
1284.130435	2513.565217
413.2173913	2514.956522
1222.888889	2515.444444
383.875	2518.875
570.8666667	2519.533333
381.6530612	2524.734694
1345.391304	2525.26087
1349.666667	2526
52.79166667	2528.291667
1430.692308	2527.884615
1434.75	2529.416667
1015.833333	2531.291667
603.125	2532.125
990.4878049	2531.658537
994.375	2532.25
889.6363636	2532.909091
450.4	2533.3
883.72	2534.04
878.5882353	2534.882353
888.1538462	2535.846154
591.09375	2536.125
988.0625	2537.3125
446.4	2537.257143
874.7777778	2538.111111
1401.90625	2537.71875
1234.222222	2539.555556
80	2540
1405.777778	2541.555556
440.9166667	2541.916667
596.8378378	2540
1129.894737	2542.421053
262.6444444	2541.733333
80.5	2544
1388.277778	2545.333333
265.75	2547.25
1393.347826	2546.521739
1401.865385	2547
595.9782609	2546.673913
1082.409091	2547.409091
1150.939394	2548.272727
162.3636364	2548.909091
78.29411765	2549.764706
1012.875	2549.875
437.1538462	2550
156.5806452	2551.741935
363.6296296	2550.740741
76.21052632	2553.736842
145.7368421	2554.684211
150.9565217	2554.304348
985.9090909	2554.363636
864.0434783	2554.73913
1460.5	2556.5
254.7	2556.7
360.6666667	2557.2
1426.740741	2556.518519
71.96969697	2557.969697
385.2222222	2557.333333
379.2291667	2561.104167
46.125	2560.125
65.37931034	2560
50	2561
54.5	2561
59.75	2561.3
1179	2560.5
252.1111111	2563.333333
357.8684211	2563.789474
1068.307692	2565
347.8	2566
356.7333333	2568.766667
1259.36	2567.84
893.4390244	2570.439024
1253.8125	2569.875
1333.833333	2571.083333
1341.53125	2571.875
574	2581.5
577.7058824	2583.705882
945.2352941	2584.137255
61.43243243	2586.621622
1313.018868	2595.264151
774.2727273	2597.757576
1424.139535	2595.418605
660	2597.130435
659.952381	2600.380952
1440.384615	2600.538462
153.7142857	2601.698413
1444.285714	2602.619048
1450.857143	2603.314286
875.875	2604.125
74.15384615	2606.307692
1214.633333	2607.633333
882.9444444	2606.888889
887.9565217	2607.913043
710.6315789	2609.526316
893	2609
455.1369863	2609.821918
714.8	2610.2
1049.166667	2610.416667
1280	2610.5
42.53846154	2615.769231
603.4166667	2616.916667
842.2962963	2620.092593
1352	2621
432.4	2622.066667
848.1875	2621.8125
149.5857143	2621.657143
1355.352941	2623
142.6428571	2624.107143
599.2222222	2623.444444
498.3846154	2630.615385
239.9285714	2636.75
244.7	2635.3
1072.5	2641
1363	2642.9
1367.9375	2643.3125
1376.361702	2644.191489
1077.941176	2645.588235
1362.411765	2646.882353
1083.5	2650.619048
1087.15	2649.25
1207.5	2651.916667
308.7272727	2653.272727
915.3333333	2653.555556
892.375	2655.25
303.9166667	2656.208333
1214.690476	2656.428571
1429.5	2657.166667
1434.631579	2657.578947
1224.142857	2658.928571
1228.111111	2658.777778
323.2	2666.4
318.9166667	2669.361111
956.8275862	2670.264368
312.5	2670
1317.157895	2669.842105
925.3666667	2669.933333
1332.157895	2671.368421
922.1818182	2674.727273
922	2678
132.1111111	2685.777778
523.8656716	2689.044776
1184	2686.866667
1176.5	2688
136.96875	2688.0625
144	2688.342105
1306.5	2693
1401.647059	2693.588235
1039.789474	2693.026316
911.3333333	2696.333333
41.89189189	2701.486486
1229.528302	2701.660377
862	2703
1238.26087	2703.565217
1343.235294	2704
533.1	2704.925
1130.3125	2704.75
1243.5	2705.1
1246.736842	2704.789474
643.5	2706.5
1133.75	2707.75
1256.95082	2706.836066
1348.142857	2707.785714
1264.380952	2708.238095
99.36	2709.24
393.0232558	2710.325581
562	2710.142857
1270.043478	2710.043478
1275.885714	2710.771429
535.2	2710.6
1141.538462	2711.384615
1430.5	2712
568	2713
564.7142857	2713.5
1056.466667	2714.866667
1070.909091	2714.954545
1043.8	2716
568.6470588	2718.058824
433.8095238	2718.571429
1392.782609	2721.913043
65.46153846	2722.153846
67.125	2725.875
990.4482759	2723.655172
1289.285714	2725.071429
1292.625	2725.125
434.3552632	2725.815789
1285.176471	2726.529412
1295.090909	2726.272727
1304	2727.333333
1280.166667	2727.916667
1392.5	2727.5
454.25	2729.75
1054.35	2729.55
172.7142857	2731.857143
896.4615385	2731.153846
1390.466667	2732.133333
168.1304348	2733.043478
162.8181818	2733.727273
159.2	2735.3
891.0967742	2736.032258
1059.435897	2735.282051
155.8888889	2736.444444
428.3269231	2735.961538
1083.323529	2737.970588
975.5319149	2740.765957
1057.875	2740.875
1078.095238	2740.619048
1387	2742.230769
162.8	2744.25
169.8	2743.933333
426.7586207	2743.896552
886.875	2743.875
176.3333333	2744.733333
182.6538462	2745.153846
360.1	2744.766667
366.2962963	2746.333333
580.8207547	2745.660377
426.3272727	2751.563636
1081.705882	2750.235294
221.6666667	2755.083333
265.09375	2755.09375
224.5	2756
252.6363636	2755.666667
271.2272727	2755.636364
247.0416667	2757.333333
287.2941176	2757.911765
231.7307692	2759.371795
241.75	2758.5
425	2759.142857
890	2759.5
423.4736842	2762.842105
282.8636364	2763.681818
223.2692308	2764.230769
65.21052632	2765.052632
66	2768.5
1027.1875	2766.8125
422.1269841	2771.730159
503.5	2770.5
1254.755102	2770.673469
1093.583333	2771.25
1007.133333	2773.466667
1002.333333	2773.888889
1127.636364	2773.636364
1044.789474	2776.578947
1339.5625	2778.75
1345.833333	2780.555556
1350.636364	2780.090909
648.6666667	2780.757576
473.8823529	2784.764706
469.5	2785.5
414.7	2788.275
1384.728571	2786.4
1034.694444	2787.361111
1100.6	2787.8
220.1568627	2789.764706
1031.571429	2793.214286
661.1111111	2794.277778
1072.818182	2795.454545
663	2798.25
108.7222222	2798.555556
440.6470588	2799.058824
444.75	2798.5
1276.785714	2799.214286
104	2800.5
413.1538462	2800.538462
1168.317073	2800.512195
50.23529412	2802.882353
295.2631579	2803.605263
302.25	2803.5
307.5454545	2803.909091
311.8333333	2805.388889
46.72727273	2806
1041	2809.5
956.25	2809.583333
961.125	2811.125
1170.111111	2811.194444
1095.727273	2811.681818
1174.95	2812.6
40.61538462	2813.769231
151	2814.058824
221.0588235	2815.588235
158.1935484	2816.83871
165.3333333	2817.222222
172.2777778	2817.111111
33.104	2818.896
208.1276596	2817.489362
216.6470588	2818
43.44117647	2818.823529
178.0555556	2819
38.80555556	2819.972222
1206.952381	2819.666667
1213.692308	2821.923077
1218.565217	2823.956522
1224	2826.9
1335.777778	2825.814815
600.25	2826.75
1251.333333	2828.111111
1245.058824	2828.647059
1341.727273	2829.954545
1227.026316	2832.342105
1348	2832.833333
76.875	2834.041667
1354.5	2835
151.8	2838.3
1112.75	2842.083333
1173.659091	2845.090909
1189.538462	2845.730769
493.875	2846.875
954.6666667	2846.777778
84.16666667	2847.916667
951.8333333	2848.166667
1195.75	2848.15
86.8	2849.1
89.66666667	2850
947	2850.111111
92.09090909	2851.272727
96.75	2852.678571
101.6315789	2852.894737
106.8823529	2853.911765
173.1111111	2855.333333
111.9	2856.466667
942.8	2860.6
1348	2863.2
1350.818182	2864.272727
1356.366667	2865.133333
274.2727273	2866.227273
757.3846154	2865.846154
257.7777778	2867.555556
267.9285714	2868.5
937.952381	2868.380952
980.8888889	2869.166667
1138.125	2868.875
1249.965517	2868.344828
1207.176471	2873.352941
123.4285714	2874.028571
128.5	2876.5
940.4246575	2874.835616
1204.086957	2877.956522
132.0769231	2879.269231
947.4117647	2881.691176
1197	2879.166667
1388.055556	2878.777778
129.5555556	2883.333333
123.5	2883.961538
143.5555556	2885.833333
531	2890.5
531.875	2894.875
630.4	2895.6
736.9615385	2895.461538
603.8095238	2896.52381
647.56	2899.44
140	2901
1051.125	2901.125
736.8333333	2902.416667
75.10526316	2902.578947
1302.806452	2903.741935
1308.8	2905.4
735.5294118	2910.5
772.0416667	2912.583333
992.4615385	2910.615385
1061.142857	2913.928571
559.6842105	2916.078947
1130.333333	2914.5
1137.444444	2917.111111
1352.172414	2917.103448
740.84375	2919.78125
775.9722222	2917.388889
110.75	2919.416667
772.1666667	2917.916667
741.4615385	2924.615385
455	2923.942857
1285.506849	2926.534247
1160.892857	2929.035714
1337.933333	2931.366667
1241.939394	2930.818182
455.2333333	2931.633333
626.1538462	2934.461538
1179.483871	2931.967742
1248.697674	2935.209302
1184.75	2935.666667
1307.72	2936.56
1300.37931	2937.103448
413.6428571	2938.571429
711.1860465	2937.395349
1256.157895	2938.315789
1313.636364	2937.909091
1325.535714	2937.642857
107	2938.761905
407.2753623	2938.057971
102.6666667	2940.833333
621.1818182	2939.727273
707.3	2940.533333
1294.333333	2940.111111
452.5454545	2939.363636
1223.692308	2941.384615
1265.4	2942.333333
98.57894737	2943.105263
416.0384615	2943.730769
712.6363636	2942.909091
635.0909091	2943.636364
405	2945.731343
409.4571429	2945.542857
1228.133333	2944.866667
450.75	2945.583333
492.1153846	2945.307692
618.24	2945.48
1233.2	2946.266667
711.9333333	2947.066667
1013.857143	2947.333333
489.0909091	2949.727273
1173.279279	2946.603604
246.1904762	2951.904762
240.7272727	2952.5
346.0952381	2957.52381
763.125	2957.875
397.875	2958.875
404.25	2959.03125
415.3157895	2961.763158
420.2222222	2963.111111
351.8	2964
357.875	2963.5625
366.125	2963.708333
375.15	2965
382.9642857	2964.714286
425	2964.848485
205	2966.255814
440.4571429	2969.971429
1102.054054	2974.486486
1367.733333	2974.933333
1324.833333	2976.25
1331.5	2977
643.9557522	2980.690265
1270.52	2981.32
513.1666667	2982.291667
1274.5	2983.583333
512.4545455	2986.363636
200.7666667	2985.766667
510.6153846	2989.538462
425.75	2991.625
513.7857143	2991.357143
510	2993.777778
857.673913	2994.891304
1239.142857	2996.190476
140.862069	2995.862069
971.9534884	2997.72093
1097.136364	2998.818182
325.1272727	2999.690909
1101.090909	3002.727273
1267.653846	3004.769231
1309.866667	3008.8
1187.5	3011.205882
1314.285714	3012.571429
1033.588235	3013.117647
887.1904762	3016.809524
1083.7	3017.3
1193.736842	3017.894737
1041.910448	3017.880597
883.5	3019.916667
1051.216216	3021.486486
1327.5	3020
345	3021.619048
743.4545455	3022.363636
1198.363636	3021.545455
1202.153846	3024.615385
993.7037037	3025.185185
1173.133333	3024.466667
346.1	3026.8
998.2142857	3027.357143
1120.75	3028.692308
1208.625	3029.625
1180.887097	3031.048387
798.0769231	3035.692308
1123.642857	3035.071429
842.5833333	3038.25
1018.684211	3038.684211
1117.590909	3038.227273
212.4827586	3040.172414
207	3040.69697
185.4375	3048.5
180.8888889	3050.777778
174.1428571	3051.261905
368.9090909	3056.181818
456.25	3060.3
801.3333333	3066.888889
417.1388889	3068.138889
420.8163265	3068.163265
1265.806452	3069.516129
355.9642857	3073.107143
1272.806452	3073.774194
1276.545455	3072.454545
351.75	3076.375
349.3636364	3077.545455
1311.947368	3077.368421
103.4545455	3077.415584
198.862069	3079.413793
65.90909091	3081.5
194.9090909	3082.363636
871.125	3082.875
190.1923077	3084.692308
625.3928571	3085.571429
1122.964286	3089
320.8518519	3090.074074
454.7096774	3089.064516
994.6153846	3090.615385
1180.571429	3090.657143
449.4482759	3092.172414
95.47058824	3092.117647
996.7777778	3093.444444
1216.733333	3092.633333
782.3888889	3093.944444
1085.222222	3094.111111
444.875	3094.875
571	3094
1265.923077	3095.076923
1128.862069	3096
91.2173913	3097
563.7272727	3097.318182
1271.5	3097
760.5	3100.5
88.45454545	3100.636364
560	3100.478261
763.875	3099.875
547.1034483	3101.482759
553.1764706	3101
756.5	3101.214286
541.2608696	3104.217391
1092.456522	3103.76087
568.75	3105.625
1132.938144	3106.618557
534	3108.5
1232.125	3111.125
1051.5	3112.333333
1104.8	3112.5
1239.913043	3113.391304
530.6734694	3118.244898
430.5217391	3117.478261
1246.263158	3117.157895
821	3119
207.125	3120.125
1096.727273	3120.136364
813.828125	3121.28125
801	3122
1095.545455	3125.181818
821	3126
206.1315789	3125.552632
530.4705882	3126.411765
1143.884615	3127.653846
307.875	3128.875
1015.659091	3128.295455
304.3636364	3129.909091
301.3333333	3131.222222
527.4166667	3133.333333
1018.75	3134.4
803.6	3136.6
1236.914894	3137.595745
408.4545455	3139.727273
1302.571429	3140.380952
1223.333333	3140.777778
1246.518519	3141.444444
92.27272727	3141.818182
441.625	3142.1875
874.3846154	3142.384615
1226	3142.25
833.2352941	3143.058824
721.2823529	3147.388235
1065.75	3145.416667
210.7096774	3145.354839
871.7647059	3145.411765
205.5217391	3148.608696
1236.586207	3149.62069
1066.105263	3150.736842
381.7	3150.933333
441.8474576	3150.762712
1243.5	3152.045455
376.2413793	3152.862069
719.6190476	3157.047619
1247.875	3154.0625
1067.842105	3157.263158
439.4117647	3157.882353
1195.904762	3158.380952
740.7	3159.3
1071.615385	3160.461538
744.8571429	3164.755102
1293.789474	3163.052632
139.1034483	3171.793103
423.3513514	3167.891892
268.78125	3174.6875
417.804878	3173.439024
826.6282051	3173.051282
815.2083333	3176.666667
1281.107143	3175.75
412.0434783	3177.130435
810.9545455	3176.136364
1142.533333	3174.2
404.4242424	3182.878788
784.5	3182
824.2241379	3181.896552
1147.75	3181.958333
1151	3185
822.2857143	3187.5
829.3181818	3185.863636
1154.823529	3186.529412
1160.235294	3189
409.8571429	3192.190476
863.6315789	3196.894737
859.7407407	3198.962963
1002.090909	3198.636364
1099	3203.361111
1275.793103	3202.965517
1092.059524	3205.095238
1281	3205
126.2916667	3205.833333
219.1481481	3205.333333
1001.571429	3207
224.1666667	3206.166667
1003.916667	3205
253.5	3216.214286
299.2857143	3219.928571
346.3	3218.2
344.2051282	3224.538462
541.22	3228.24
114.75	3231.375
123.3333333	3231.111111
141.75	3232.583333
172.1481481	3234.074074
346.9534884	3235.27907
144.8181818	3236.681818
179.1333333	3236.466667
166	3237.5
161.5	3239.785714
701.0909091	3242.909091
246.75	3243.78125
1149.222222	3243.444444
1152.470588	3245
1177.809524	3244.619048
1232	3245
196.826087	3245.391304
1261.875	3249.125
335	3253.5
1068.285714	3261.821429
1078.166667	3264
192.8181818	3268.181818
446.6470588	3269.588235
189.5789474	3270.894737
443.3	3271.3
563.4	3276
560.3148148	3280.981481
906.2962963	3276.851852
221.4545455	3278.818182
369.05	3279.25
566.4242424	3281.69697
224.4210526	3282.684211
221.6363636	3284.909091
244.6590909	3287.772727
345.1666667	3289.566667
1210.83871	3290.83871
237.2	3290.25
231.125	3294.5
1020.459459	3294.864865
1190.681159	3294.898551
150.1071429	3297.678571
839.6153846	3299.384615
410.3170732	3299.902439
1197.65	3300.7
1025.640625	3303.9375
371.2173913	3302.695652
482.9428571	3312.085714
1198.583333	3311.75
1202.75	3312.15
408.9	3319.95
1039.809524	3319.349206
163.2244898	3321.77551
408.7142857	3324.214286
1047.704545	3324.068182
408.6388889	3331.222222
1181.326087	3334.130435
479.125	3337.875
981	3337.764706
311.2857143	3338.642857
235.7258065	3339.806452
410.7111111	3339.688889
957.3636364	3342.181818
1190.875	3343.875
1047.363636	3345.090909
412.1428571	3345.47619
447.6923077	3344.384615
1043.7	3345.05
1250.289474	3347.289474
413.8076923	3351.384615
445.1666667	3348.9
960.6666667	3349.888889
457	3350.5
489.6	3351.74
1054.189189	3353.432432
413.3333333	3357.333333
754.3333333	3355.888889
1058.625	3358.083333
445.9662921	3358.460674
287.0263158	3359.789474
1062.882353	3360.176471
409.5539906	3373.42723
504.0666667	3364.4
448.173913	3367.369565
395.875	3370.71875
401.1818182	3370.272727
1163.619048	3370.619048
1171.954545	3368.840909
385.9350649	3370.272727
378.1304348	3372.913043
359.4578313	3373.626506
367.8571429	3372.685714
372.9444444	3373.138889
454.7394958	3375.865546
349.313253	3375.13253
882.3139535	3379.313953
1206.558824	3378.058824
876.1785714	3379.428571
1049.62069	3378.931034
1203.92	3382.16
1199.529412	3381.647059
411.8965517	3391.517241
390.28	3390.68
385.4782609	3392.478261
405.8888889	3394.666667
500.625	3394.416667
504.875	3397.125
740.1428571	3396.761905
747	3398.62069
806.6666667	3398.925926
419.7818182	3399.018182
510	3398.5
738.5714286	3400.214286
1235.090909	3400.363636
745.4166667	3402.166667
794.3103448	3401.017241
513.7777778	3402.277778
735.6363636	3402.090909
803.25	3402.916667
810.3666667	3402.8
519.7391304	3404.956522
456.2121212	3407.242424
797.3548387	3406.774194
219.6	3409.123077
881.2692308	3410.307692
226.1363636	3412.181818
456.3333333	3412.722222
228.6296296	3414.592593
275.2142857	3413.571429
866.6666667	3413.533333
270.4	3414.9
1057.139535	3415.139535
134.0769231	3416.115385
340.5	3424.096154
181.4133333	3430.173333
181.3157895	3434.368421
180.9666667	3437.766667
1060.333333	3439.333333
180.1153846	3444.769231
1065.3	3440.75
1074.125	3442.875
396.25	3443.5
1225.363636	3444.181818
222.875	3446.875
394.7222222	3447
901.8888889	3453.083333
971.625	3451.8125
221.0869565	3454.521739
1221.592593	3453.074074
309.6666667	3455.433333
908.5454545	3457.590909
1195	3457.333333
1201.5	3457.3125
1164.8125	3458.75
1220	3459
1160	3460.391304
1153.764706	3461.764706
1207	3461
1218.833333	3462
1146.44	3462.64
1217.387097	3467.322581
1142.957143	3468.471429
836.390625	3469.765625
956.8888889	3474.666667
332.8	3475.5
286.04	3477.36
281.1052632	3478.947368
328.0869565	3479.608696
275.25	3481.325
869.7027027	3480.297297
267.4418605	3483.697674
883.8571429	3483.928571
253.7446809	3484.340426
889.6	3484.96
467.0681818	3486.25
458.0714286	3487.464286
461.8	3486
440	3488
1070.333333	3487.133333
436.7272727	3489.090909
874.3773585	3488.169811
888.75	3487.75
956.5365854	3488.682927
882.4615385	3490.846154
961.8333333	3490.766667
887.3829787	3493.404255
964.5666667	3494.533333
477.6708861	3493.797468
864.0566038	3494.207547
943.6153846	3494.384615
868.375	3497.541667
1099.971429	3498.628571
856.0869565	3499.956522
219.7333333	3501.333333
479.125	3500.875
1102.3125	3502.75
355.1272727	3504.145455
217.9642857	3506.75
603.4490022	3527.722838
999.85	3505.85
1104.923077	3506
347.875	3506.875
875.1791045	3506.044776
1003.25	3507.125
294.5	3507.8
880.125	3508.125
1106.833333	3509.444444
1006.421053	3509.421053
218.352459	3513.032787
315.862069	3511.137931
861.2962963	3510.222222
1018.676471	3514.029412
613.8125	3513.6875
1110	3512
295.8269231	3514.442308
374.4918033	3514.147541
294.4444444	3516.777778
303.5	3514.833333
288.8787879	3515.545455
311.1111111	3516.333333
860.4444444	3517.25
204.6666667	3517.666667
884.0769231	3517.692308
224.25	3519.083333
202.25	3520.875
888.45	3517.825
1031.384615	3520.230769
209.712963	3524.37963
614.4615385	3518.923077
375.2727273	3521.818182
1034.4	3522.7
179.1666667	3522.833333
176.25	3524.416667
199.1	3523.8
1038.424242	3525.060606
1161.815385	3525.430769
863.3802817	3526.380282
890	3524.15
885.2653061	3524.877551
1043.066667	3528.933333
201	3532.5
862.0769231	3535.128205
1047.777778	3534.722222
200.75	3536.5
853.8125	3536.1875
320.2	3538.418182
312.6190476	3541.97619
1052	3539.833333
373.2608696	3542.304348
839.1397849	3540.516129
335	3542.8
475.5454545	3544.181818
553.5833333	3543.59375
369.7857143	3545.714286
376.6666667	3544.777778
278.3707865	3551.067416
289.125	3549.125
330.9846154	3550
835.9016393	3549.868852
553.8269231	3555.846154
334.125	3551.875
612.5666667	3553.166667
1057.953125	3547.15625
975.8	3553.5
1037.875	3552.875
1064.15	3555.2
613.5	3558.071429
985.8421053	3556.526316
1065.928571	3558.785714
238.6666667	3559.857143
555.3333333	3563.6
1068.357143	3563.142857
555.4489796	3575.586735
824	3569
875.875	3569.125
852.7741935	3572.677419
173.3478261	3573.347826
414.3544304	3577.544304
408.5	3579
168.0625	3579.5
171.8591549	3580.84507
175.5263158	3581
333.75	3581.875
401	3582.8
341.8	3585.4
402.2857143	3586.5
405.7	3586.6
842	3587.5
976.6923077	3585.384615
813.0666667	3590.066667
335.2820513	3590.076923
1148	3591.363636
339.2142857	3592.428571
343.5909091	3590.545455
972.5285714	3592.028571
1101.5	3591.5
873.4230769	3593.307692
402.0506329	3594.734177
510.1830986	3595.591549
394.4615385	3594.615385
870.7419355	3596.483871
889.3043478	3596.086957
1168.73913	3594.391304
935.5	3596.285714
894.8134921	3606.333333
1164.166667	3597.5
304.3333333	3600.111111
298.8888889	3600.944444
889.4736842	3601.684211
969.2857143	3601.857143
401.1666667	3605.5
878.425	3609.35
888	3609.555556
837.75	3611.05
885.1923077	3610.884615
877	3615.375
894.3461538	3617.961538
266.44	3637.88
875.0508475	3644.559322
886.3333333	3651.666667
335.7714286	3654.571429
893.1304348	3654.347826
896.7058824	3657.235294
1142.111111	3657.666667
821.8181818	3660.545455
898.9642857	3660.892857
1104.75	3661.166667
885.8913043	3661.913043
900.2894737	3665.868421
610.6315789	3665.614035
613.877193	3671.77193
279.2142857	3670.642857
607.9459459	3672.540541
274.7272727	3671.363636
880.4166667	3673.166667
889.6296296	3672.962963
901.7234043	3673.212766
607.6315789	3682.493421
857.1818182	3674.272727
903.862069	3679.551724
889.9444444	3678.888889
858.4642857	3680.964286
906.6428571	3682.714286
261.8	3682.65
256.5454545	3686.393939
889.65	3687
607.6170213	3692.851064
906.5	3687.416667
369.72	3689.56
313.6730769	3689.461538
861.7643979	3694.528796
889.5714286	3692.52381
907.4545455	3691.636364
909.2777778	3695
608.8181818	3698.181818
890.0769231	3697.307692
867.4761905	3702.547619
880.5714286	3702.642857
825.5319149	3704.234043
889.68	3705.92
824.125	3712.625
890.5833333	3714.666667
897.3728814	3720.694915
932.7941176	3728.573529
299.7368421	3725.578947
777.7	3732
942.6354167	3740.364583
300.15	3734.65
782.4166667	3746.75
775.0967742	3747.193548
372.28	3747.58
770.7692308	3748.820513
366.24	3752.04
1036.2	3750.5
744.125	3751.875
441.2	3754.5
561.4166667	3757.083333
564.3333333	3762.518519
1043.434783	3763.492754
1047.421053	3763.578947
1087.285714	3770.857143
1093.7	3771.9
379.6153846	3772.384615
544.0714286	3772.714286
279.402439	3777.457317
343.0689655	3775.103448
387.0857143	3774.428571
1047.740741	3775.37037
838.5737705	3778.344262
381.25	3778.916667
385.5862069	3779.137931
341.6296296	3781.666667
1015.47619	3779.095238
390.875	3783.5
423.1428571	3785.107143
929.2857143	3796.714286
567.47	3807.78
572.1196581	3799.102564
935.3421053	3802.868421
248.4666667	3804.066667
358	3805.5
573.6111111	3809.277778
359.65625	3813.21875
573.5	3812.75
402.1111111	3816.333333
569.0833333	3818.333333
573.7333333	3818.066667
1009.203704	3817.407407
568.7222222	3821.5
569.5238095	3824.904762
574.3529412	3823.823529
399.037037	3822.444444
570.6153846	3828.076923
362.8888889	3828.944444
367.3076923	3829.038462
396.9864865	3830.702703
572.4509804	3832.039216
510	3836
795.5625	3836.1875
393.3636364	3837.75
802.125	3837.125
392.826087	3841.521739
512.75	3839.25
572.1111111	3842.814815
892.8478261	3842.173913
287.4893617	3840.744681
284	3847.033333
573.5384615	3851.923077
900.8461538	3849.038462
1023.607143	3851.017857
903.9032258	3853.483871
642.9565217	3852.086957
571.9	3857.1
576.2278481	3864.56962
571.7777778	3860.055556
908.2641509	3861.603774
569.7333333	3863.466667
978.2692308	3862.269231
573	3867.666667
903.1176471	3868
914.2444444	3868.888889
982.8529412	3868.088235
977.0714286	3870.285714
570.2	3871.257143
986.9166667	3872.166667
747.8571429	3873.928571
360.8148148	3875.407407
573.2758621	3881.45977
988	3878.5
749.2	3878.5
991.8461538	3877.961538
577.6969697	3881.060606
996.4285714	3881.4
331.3947368	3882.026316
581.5	3884.925
328.9787234	3889.361702
576.3333333	3889.444444
998.7540984	3889.196721
580.2142857	3891.071429
574.3333333	3891.444444
692.1111111	3890.666667
576.1969697	3896.363636
881.6428571	3892.642857
322.2857143	3893.761905
879.2142857	3895.714286
260.2727273	3894.5
888	3895.5
315	3897.5
319.5	3897.285714
256.3421053	3899.236842
1003.380952	3899.047619
692.9166667	3899.833333
724.5789474	3899.964912
549	3901.666667
544	3906
694.4285714	3907.142857
460.1333333	3910.533333
425.8888889	3912.555556
456.8333333	3914
1024.5	3918.3
257.9230769	3930.846154
745.877551	3929.897959
263.7272727	3932.727273
744.1702128	3934.553191
366.3142857	3936.185714
374.3666667	3935.633333
745.8055556	3940.805556
571.4571429	3937.757143
251.9411765	3941.647059
564.0588235	3942.352941
572.9459459	3944.432432
577.7096774	3944.451613
1043.8	3942.5
826.3134328	3948.895522
304.326087	3951.434783
369.6486486	3961.594595
363.9375	3971.75
423.6	3967.88
477.3333333	3970.142857
496.25	3971.625
491.3289474	3976.723684
441.1111111	3981.333333
477.8918919	3978.810811
482.5283019	3983.132075
412.28	3985.4
476.4821429	3987.553571
773.0056497	3988.813559
783.5027322	3989.726776
410.6363636	3990.727273
606.2727273	3990
498.1176471	3991.235294
610.8125	3991.1875
619.3728814	3992.271186
624.0714286	3993.142857
792.3913043	3991.782609
592.4137931	3994.241379
787.2941176	3994.705882
686.2903226	3996.193548
676.2045455	3994.613636
792.2888889	3997
782.5652174	3998.891304
412.2307692	4000.769231
397.875	4000.75
463.625	4000.375
930.9130435	4001.130435
788.0425532	4001.829787
465.7692308	4003.692308
397.5	4005.09375
460.7027027	4006.081081
407.3781513	4005.789916
455.6923077	4009.538462
474.6111111	4008.333333
935.7916667	4009.708333
414.6666667	4008.974359
939.6	4014.133333
409.1818182	4013.454545
323.4705882	4018.852941
479.3333333	4018.185185
318.8181818	4024.090909
326.1311475	4026.131148
318.125	4028.125
549.1388889	4027.777778
550.8823529	4032.529412
491.2857143	4036.142857
693.5	4042
492.8095238	4042.428571
497	4045
500.7894737	4047.631579
960.1818182	4048.863636
961.8181818	4053.181818
677.72	4057.04
966.9047619	4059.190476
504.0714286	4060.142857
969.1538462	4062.846154
502.5217391	4068.043478
970.1428571	4065.928571
971.2592593	4070.333333
443.28	4068.8
438.8125	4072.9375
881.5333333	4072.333333
499.5625	4077.3125
883.16	4081.26
498.1	4081.2
345.4716981	4084
496.7272727	4083.818182
338.9069767	4084
331.3428571	4086.171429
495.6956522	4088.565217
437.8421053	4090.157895
742.2380952	4090.809524
570.0151515	4093.393939
740.3684211	4095.684211
736.7142857	4096.214286
721.8837209	4097.837209
734.9285714	4099.5
716.7333333	4100.8
739.3125	4101.5
983.1466667	4102.813333
482.3571429	4103.964286
716.4444444	4104.388889
799.3333333	4103.833333
477.9473684	4106.105263
796.7804878	4108.02439
548.8974359	4110.358974
983.84	4114.16
548.6041667	4118.104167
982.7391304	4121.391304
984.5555556	4127.166667
845.6	4128.527273
987.4791667	4149.270833
712.3333333	4152.666667
985.7222222	4158.611111
882.8974359	4158.615385
479.8571429	4160.47619
966	4162
887.4864865	4166.351351
580.9651163	4164.406977
970.625	4172.875
580.3333333	4174.583333
889.6	4173.157143
399.9285714	4177.785714
580.56	4180.64
579.7142857	4186.190476
577.9444444	4190.833333
311.125	4191.125
311	4194
312	4197.5
576.1153846	4200.980769
313	4201
609.64	4203.84
316.1818182	4204.181818
647.875	4205.875
409.5	4206
318.1	4207.8
319.2222222	4210.666667
937.0833333	4210.916667
402.9318182	4213.136364
397.030303	4220.939394
588.7894737	4224.657895
340.8181818	4225.977273
554.8923077	4226.815385
633.7765957	4235.12766
829.877193	4234.035088
334.7014925	4237.552239
836.5263158	4240.75
832.0625	4241.65625
633.6122449	4245.408163
631.9090909	4251.363636
836.2631579	4251.473684
335.96875	4254.90625
826.1538462	4256.538462
467.125	4268.125
435.6666667	4273.142857
440.8518519	4277.259259
445.6666667	4279.111111
456.2272727	4278.5
451.3043478	4282.26087
455	4287.166667
367.9354839	4292.774194
605.7419355	4306.032258
370.5238095	4309.857143
605.9285714	4311.857143
351.1111111	4317.972222
947.6	4325.4
523.475	4330.925
592	4344.5
857.2352941	4349.352941
858.4545455	4354.227273
416.8181818	4354.454545
373.3846154	4356.923077
413.5294118	4358.558824
633.125	4358.875
860.3793103	4364.034483
858.6271186	4372.79661
496.1111111	4375.833333
522.4354839	4378.129032
493.0666667	4377.4
860.3548387	4378.516129
858.8817204	4385.72043
431.9375	4386.979167
428.425	4394.2
489.6615385	4394.384615
711.6153846	4395.038462
424.3030303	4398.151515
457.7234043	4398.595745
857.8795181	4397.048193
860	4403.592593
457.6111111	4404.611111
856.6060606	4407.272727
843.6153846	4410.384615
881.4390244	4415.682927
884.8571429	4419.071429
886.9180328	4424.688525
399.7	4436.516667
515.8444444	4443.466667
519.375	4442.75
695.1818182	4446.454545
511	4448
437.6363636	4450.090909
444.5	4451.5
773.296875	4452.578125
910.9230769	4461.442308
489.8529412	4504.411765
561.8965517	4515.827586
666.4545455	4531.181818
877	4560
874	4560.875
875.875	4565.416667
877.3636364	4568.727273
879.375	4572.625
881.6666667	4585.444444
783.1428571	4586.619048
775.25	4610.666667
692.5730337	4616.865169
769.275	4613.975
760.1176471	4618.411765
763.9166667	4618.416667
685.5666667	4618.7
687.5102041	4623.897959
419.6875	4628.0625
421	4632.5
588.0555556	4638.666667
672.5675676	4639.054054
431.35	4641.55
587.25	4644.125
430.3333333	4646.333333
725.125	4648.125
429.6176471	4653.441176
877.1111111	4656.333333
455.25	4657.166667
432	4660.2
715.5555556	4658.777778
716.3571429	4669.666667
720.0761905	4662.038095
877.96875	4664.125
432.44	4667.72
429.125	4668.125
710.7261905	4662.857143
714.4254743	4684.775068
877.4565217	4671.652174
871	4674
869.4444444	4676.666667
520.5641026	4677.846154
707.8	4679.666667
862.8	4677.9
542.4117647	4683.117647
436	4683.8
528.2962963	4686.296296
534.6521739	4686.108696
434.6551724	4688.758621
516.5	4692
436	4694.5
713.6111111	4696.444444
720	4699.825
712.6578947	4702.105263
437	4699
717.3333333	4702.4
500.6060606	4700.424242
711.4545455	4705.181818
437.84	4704.64
724.6666667	4704.111111
702.2083333	4706.791667
713.5517241	4711.586207
440.4666667	4709.666667
860.8888889	4709.666667
453.9333333	4711.4
449.6666667	4712.333333
443.2093023	4714.418605
718.6	4711.55
715.328125	4717.953125
440.5384615	4719.615385
720.4871795	4722.025641
755	4722.5
714.6190476	4724
722.7948718	4728.974359
714.5217391	4732.876812
720.125	4729.75
569.7666667	4730.066667
717.4761905	4736.809524
570.6666667	4734.666667
724.8	4735.64
565.9166667	4736.166667
724.8333333	4739.083333
717.826087	4741.673913
702.3030303	4741.69697
697.1111111	4743.222222
714.9375	4746.1875
724.3478261	4744.565217
708.4166667	4748
721.2	4749.1
717.1111111	4750.833333
724.5	4750.125
719.7058824	4752.588235
724.8787879	4754.757576
717.65	4756.35
723.0357143	4758.428571
596.9756098	4759.487805
716.59375	4759.5
727.125	4765.833333
717.9375	4763.25
720.1136364	4771.170455
725.7368421	4769.631579
708.9166667	4772.166667
718.9615385	4776.384615
726.0843373	4785.349398
732.0769231	4777.692308
737.047619	4778.238095
728.2272727	4779.454545
717.4545455	4782.121212
717.8181818	4792.5
709.6842105	4794.684211
727.3255814	4800.343023
718.4324324	4803.243243
710	4805
720.1428571	4810.238095
727.1355932	4811.033898
721.0909091	4816
725.4285714	4816.857143
723.7692308	4821.615385
877.0434783	4818.826087
879.375	4822.5625
879.85	4826.55
730.6153846	4829.461538
881.5294118	4830.117647
737.125	4830.125
802.4545455	4841.181818
531.2340426	4847.829787
574.875	4847.125
786	4854.5
669.2142857	4860.428571
645.6060606	4862
664.8148148	4861
641.875	4873.5
639.0588235	4876.647059
520.425	4879.9
637.2631579	4881.842105
537.375	4885.666667
635.5	4887.318182
534.3157895	4890.684211
631.8571429	4891.857143
728.4489796	4892.020408
722.9411765	4897.376471
629.7941176	4897.382353
626.3783784	4902.189189
724.4210526	4900.789474
729.1714286	4903.285714
722.0526316	4904.578947
717.4444444	4903.62963
714.8181818	4906.272727
850.2307692	4906
719.9850746	4912.58209
616.3453237	4905.870504
726.8787879	4909.984848
627.3736264	4915.934066
716.5333333	4912.866667
586.0666667	4921.333333
634.625	4924.8125
583.2666667	4929.2
631.255814	4931.77907
588.3913043	4930.608696
578.0714286	4931.285714
703.1428571	4931.642857
698.8125	4933.8125
652	4937.727273
700.2	4939.05
569.0833333	4938.833333
597.3529412	4940.058824
563.4117647	4941.941176
629.5666667	4941.6
693.7333333	4942.066667
628.2830189	4949.471698
652	4955
627	4958.5
777.25	4959.416667
893.0909091	4960.636364
555	4961.964286
557	4966.375
788.0714286	4965.892857
704.3658537	4967.487805
626.5932203	4967.881356
728.5	4967.5
604.5	4970.631579
709.625	4970
758.9166667	4971.916667
811.5294118	4972.235294
803.2698413	4972.047619
817.28125	4973.4375
673.99	4975.6
704.5373134	4973.865672
801.0344828	4975.931034
665.4263158	4983.778947
823.0789474	4976.421053
631.2073171	4976.95122
757	4976.882353
793.1666667	4976.816667
807.3846154	4977.923077
638.875	4978.875
819.52	4980.04
813.3809524	4979.84127
755.2	4981.5
785.4788732	4979.43662
830.8971963	4982.878505
839.7894737	4986.578947
650.4925373	4984.477612
742.7727273	4987.318182
633.4659091	4988.420455
657.298913	4997.663043
753.5	4989.708333
661.5384615	4992.846154
735.7419355	4991.903226
671.9574468	4995.255319
851.0857143	4993.357143
647.5630372	5026.381089
677.7692308	4996.846154
856.8518519	4998
508.7608696	4998.456522
777.4545455	4998.636364
702.65	5001.233333
859.5	5001.166667
864.6419753	5003.567901
651.9444444	5005.333333
700.375	5000.25
752.05	5002.2
766.36	5000.96
696.5	5003.5
667.625	5004.25
759.1956522	5003.5
773.875	5004.875
774.25	5008.416667
730.3548387	5010.193548
681.44	5015.48
696.6438356	5017.465753
875.1034483	5014.505747
566.8166667	5017.95
561.96	5018.96
694.7358491	5022.924528
756.3333333	5024.222222
760.6666667	5023.6
881.1666667	5024.833333
607	5030.888889
883.1621622	5031.054054
825.8181818	5032.5
690.475	5034.775
695.4623656	5040.892473
680.2173913	5036.869565
685.4385965	5039.105263
763.625	5042.4375
677.4444444	5043.111111
687.25	5043.7
587.8095238	5045.857143
689.4772727	5047.659091
694.5833333	5048.416667
777.4285714	5047.142857
698.78125	5049.21875
894.6666667	5051.666667
616.744186	5050.360465
644.1509434	5056.09434
894.725	5058.375
636.5128205	5062.333333
635.3255814	5068.116279
632.4482759	5073.551724
529.7777778	5076.111111
630.7631579	5079.447368
629.6	5083.5
624.5816327	5087.510204
670.6363636	5115.818182
664.5	5121.333333
789.6538462	5127.961538
653.1875	5133.25
663.6666667	5132.466667
656.1666667	5136.083333
639.75	5139.333333
753.1724138	5139.551724
750.6315789	5143.263158
790.5	5147.264706
661.8409091	5149.568182
796.0833333	5148.875
799.8235294	5150
802.4615385	5151.692308
805	5153
807.6923077	5154.076923
810.8095238	5156.238095
666.7692308	5156.923077
868.2307692	5159.576923
667	5161
822.7380952	5162.428571
830.8510638	5162.170213
877.3333333	5161.151515
837.5185185	5163.444444
843.4285714	5165.047619
652.5689655	5167.362069
645.7704918	5165.163934
869.3333333	5168.066667
628.9090909	5173.181818
651.1538462	5173.153846
679.3846154	5174.384615
669	5176.5
838.8333333	5184.875
666.6909091	5199.236364
631	5206
572.5	5208.5
667.1	5208.05
737.1714286	5206.942857
735.8095238	5211.238095
735.4137931	5215.310345
669.6	5215.4
607.9019608	5221.294118
607.8076923	5228.923077
662	5236.8
807.5294118	5236.764706
606.56	5237.16
713.875	5239.875
810.15	5240.6
851.9375	5242.520833
603.375	5242.8
601.375	5248
830.9213483	5253.224719
665.6	5254
725.5606061	5257.227273
840.4444444	5259.333333
630.9285714	5261.142857
842.8571429	5261
845.5	5262.5
714.3846154	5263.384615
849.8125	5265.78125
694.125	5271.875
780.0434783	5291.913043
619.5454545	5293.818182
784.5357143	5295.428571
782.875	5305.875
685.5	5307
732.1578947	5312.421053
693.125	5314.125
753	5314.666667
665	5315.409091
749	5316.5
744.5	5319.285714
802.1	5321.45
744.9583333	5328.25
812.0888889	5330.822222
819.2307692	5330
751.6363636	5333.181818
746.8333333	5333
748.8461538	5336.461538
628.7894737	5337.263158
791.7272727	5340.909091
790.4736842	5344.842105
753.2	5350.76
782.125	5351.875
786.3571429	5351.357143
785.2631579	5357.342105
785.1842105	5364.921053
786.2857143	5370.914286
734	5368.9375
697.530303	5373.878788
717.125	5374.125
724.5555556	5374.888889
747.2857143	5376.619048
752.3333333	5376.111111
787.3793103	5378.241379
709.8976378	5380.692913
721.5625	5383.5625
749.5151515	5388.030303
718.625	5390
727.688	5391.04
738.7272727	5388.636364
743.48	5388.88
735.6153846	5389.307692
702.875	5391.125
757.3333333	5390.666667
668.8461538	5393.115385
712.3333333	5394.111111
718.5	5394
679.5	5395.5
673.8333333	5396.777778
697.125	5400.5
752.375	5403.25
804.7358491	5405.09434
812.6363636	5404.909091
819.4181818	5406.872727
700.5	5410
808.6923077	5411.615385
812.125	5417.875
744.875	5421.875
639.4166667	5441.25
633.6666667	5442.888889
745.1549296	5445.521127
805.8888889	5445.666667
741.5555556	5447
735.4395604	5448.736264
709.5806452	5451.322581
715.2321429	5454.303571
724.2735849	5451.433962
742.2	5455.3
659.5384615	5457.769231
727.875	5459.125
664.1538462	5462.423077
794.7727273	5485.318182
719.5833333	5490.75
684.9166667	5493.333333
758.0357143	5496.642857
695.9285714	5498.785714
792.5	5500.5
718.875	5505.125
787.7647059	5506.529412
665.5	5509.8
717.0909091	5511.545455
780.875	5514.125
790.2222222	5514.148148
666.7916667	5516.291667
720.875	5517.821429
704.3333333	5517.888889
728.8	5518
714.6666667	5518.666667
734.2307692	5519.153846
700.5	5520.8
734.8888889	5523.444444
786.6666667	5522.555556
719.875	5534.125
715.375	5540.75
699.6	5550.133333
697.8888889	5557.055556
704.2258065	5559.483871
705.6296296	5564.222222
709.7272727	5571.61039
684.2	5568.3
680.4666667	5571.466667
716.0333333	5578.033333
712	5579.263158
715.7435897	5583.589744
757.5625	5582.625
722.1458333	5583.229167
719.4074074	5588.962963
756	5587
754.5	5592.9
665.5	5602.5
751.9285714	5604.857143
673.5	5604.5
679.1578947	5607.842105
