X	Y
0	0
0	5143
5143	0
5143	5143
1105	344.2
1112.181818	345.8863636
1098.277778	378.4166667
1105.932039	379.3106796
1129.266667	379.9333333
1114.716981	381.0377358
1029.578947	385.5921053
1038.205128	386.5897436
1092.85	387.7
1044.409836	389.9180328
1023.177778	394.0222222
1011.666667	404.7407407
1021.2	405.6888889
1016.6	408.075
1112.378378	423.1891892
1105.037037	427.3703704
1109.925926	426.962963
1112.963636	431.9818182
986.0294118	440.0294118
980.4754098	442.4918033
989.8125	442.3125
1083.829268	450.1707317
1090.645161	452.3548387
1079.264706	455.6470588
977.7542373	456.4830508
1072.757576	457.1212121
1085	461
1092.428571	461.4285714
1037.916667	463.8333333
1028.188612	464.4519573
971.3396226	467.3773585
994.3428571	468.9714286
974.8987342	472.0886076
966.1935484	474.1129032
992.0540541	476.9459459
966.8888889	482.7777778
980.5806452	479.6036866
971.4098361	487.2459016
982.3061224	490.6938776
990.5925926	490.7407407
996.1521739	491.2826087
1009.438596	492.4736842
979.1304348	494.5217391
1002.934426	495.2622951
964.699115	497.6814159
979.3333333	498.3888889
1043.551724	499.6206897
974.7063492	506.1746032
967.9444444	506.1111111
1041	507.1538462
979.3055556	510.1944444
1031.266667	511.8
1035.766667	511.4
1026.25641	512.7948718
957.9557522	513.4690265
977.14	518.88
997.5	520.9090909
992.4107143	525.4821429
994.516129	531.0322581
972.875	536.34375
1070.060606	546.1818182
1030.842105	552.8157895
1003.333333	561.3333333
999.75	562.9375
1055.390244	563.2804878
1060.701299	567.2727273
1048.096774	567.9677419
999.5957447	569.7659574
995.3461538	571.9615385
1053.033333	574.0333333
1019.428571	824.7142857
1011.890909	826.1636364
1010.26087	831.6086957
1016.514286	840.047619
1023.277778	855.3888889
1006.631579	864.1052632
1011.074074	865.7407407
1039.428571	868.0857143
1034.971014	874.8405797
931.5	881.8571429
1034.722222	882.9603175
970.3333333	897.6666667
961.2539683	897.3492063
964.2	902.6
1048.918033	908.1967213
1042.727273	908.0606061
953.8518519	912.3703704
1040.111111	912
1017.633333	920.4333333
968.372549	936.0784314
985.7234043	947
982.969697	955.1818182
1003.5	959.1428571
1074.83871	976
1063	980
969	981.5925926
963.739726	985.3150685
970.7666667	986.9666667
1070.5	987.3055556
1077.243902	1003.073171
1080.965517	1006.862069
1025.014925	1026.19403
1015.388889	1026.666667
1033.233333	1026.533333
1021.727273	1030.954545
1029.637931	1032.603448
1017.14	1033.82
1016.909091	1039.636364
1083.190476	1040.047619
1023.235294	1039.382353
1082.705882	1044.411765
1075.679245	1050.641509
1082.333333	1053
1076.510638	1056.744681
1069.732673	1059.514851
1001	1061.692308
1013	1062
1019.5	1061.714286
1075.846154	1068.230769
1075.217391	1072.956522
990.1111111	1077.866667
982.1111111	1082.333333
1068.875	1083.5
1040.636364	1088.909091
992.742268	1092.71134
1220.050847	1092.788136
1028.769231	1098.423077
1025	1100.071429
567.3191489	1107.021277
554.0123457	1107.654321
970.4555556	1111.655556
544.3965517	1112.344828
563.4545455	1112.151515
487	1115.5
963.6231884	1113.202899
1149.588235	1115.882353
586.0638298	1117.659574
547.2352941	1119.5
1143.52381	1119.642857
557.6587302	1121.531746
1018.653846	1122.153846
495.7741935	1127.370968
502.875	1127.125
546.4545455	1127
581.6538462	1126.846154
1021.657895	1126.263158
1014.413793	1127.810345
488.2222222	1129.5
586.05	1129.3
506.3928571	1131.25
502.1290323	1131.967742
554.5322581	1132.290323
502.4117647	1137.882353
507	1136.692308
546.5333333	1136.68
552.8414634	1140.085366
598.6129032	1140.806452
516.5	1140.5
540.2051282	1144.307692
608.3333333	1143.666667
557.5692308	1144.230769
602.6666667	1145.111111
970.1538462	1144.589744
1007.363636	1145.454545
545.8507463	1148.41791
535.7222222	1147.694444
517.0534351	1150.51145
527.3389831	1148.355932
552.9649123	1150.157895
609.9512195	1149.390244
509.195122	1152.097561
1182.791667	1153.125
987.7272727	1155
1047.734694	1155.204082
509.4242424	1158.606061
1177.478873	1160.577465
505.88	1162.52
609.2	1163
615.8529412	1163.882353
1184.971429	1163.019048
1148.166667	1165.708333
611.1860465	1167.302326
653.9830508	1168.118644
646.2352941	1172.823529
915.0285714	1175.571429
1167.857143	1177.285714
959.7777778	1179
963.3333333	1182.541667
1169.139535	1181.767442
1190.083333	1185.833333
1180.943396	1187.377358
1131.892857	1188.178571
1175.760736	1187.319018
1186.458333	1190.208333
985.2	1195.5
1175.5	1196.5
998.5494505	1198.637363
1007.444444	1199.333333
989.3166667	1197.816667
985.6666667	1201
1208.75	1201.333333
1187.95	1206.2
958	1207.5
716.5	1264.5
712.5970149	1268.820896
839.6666667	1271.242424
820.3888889	1270.833333
699	1272.473684
690.6666667	1274.066667
649.8596491	1277.122807
825.1849711	1280.265896
659.5535714	1280.196429
842.2352941	1278.264706
845.7777778	1284.444444
639.3	1289.25
791.6949153	1289.322034
796.6	1297.714286
811.5	1299
795.8	1304.5
803.0983607	1303.516393
650.8518519	1310.111111
789.875	1312.9375
808.2328767	1310.753425
804.0625	1315.104167
614.05	1319.05
756.4418605	1335.767442
762.5555556	1337.962963
782.5454545	1337.290909
774.4615385	1338.846154
751.7532468	1342.493506
764	1342.714286
772.2173913	1343.217391
780.537037	1342.796296
743.2333333	1345.233333
775.5	1346.833333
763.7317073	1348.121951
770.2	1348.44
746.9361702	1348.659574
767.4166667	1351.75
761.8	1355.685714
744	1372.467532
761.4666667	1376.333333
782	1381.181818
758.1666667	1381.416667
746.6875	1383.8125
777.5	1383.735294
642.1066667	1385.653333
954.5833333	1396.5
978.6041667	1405.572917
941.6122449	1408.979592
938.4482759	1411.896552
995.1428571	1416.371429
925.3823529	1416.558824
987.9090909	1416.848485
973.4594595	1420.466216
980.6666667	1420.285714
965.2222222	1421.722222
961.5882353	1421.941176
992.1315789	1422.210526
958.04	1423.48
999.6024096	1422.060241
936.09375	1425.78125
952.0169492	1427.045198
962.2424242	1427.636364
968.7076923	1428.815385
942.2794118	1428.294118
1020.9	1429.3
937.125	1430.875
990.5555556	1432.407407
944.630303	1437.987879
963.5111111	1434.666667
983.2820513	1435.128205
977.0253165	1440.518987
1024.133333	1439.4
955.8	1441.142857
1020.111111	1440.777778
1029	1443.487179
955.48	1447.56
1031.26087	1447.130435
983.3571429	1450.571429
1015.87037	1448.277778
975.03125	1449.59375
1009.851852	1452.37037
1022.978723	1450.361702
1035.170213	1452.744681
957.3888889	1455.944444
961.047619	1455.357143
1021.480769	1457.019231
983.3513514	1456.459459
952.1732283	1458.307087
969.6710526	1457.447368
1029.7	1461.407143
977.1666667	1458.9
1014.73913	1460.84058
1001.276423	1465.813008
1014.831461	1467.932584
978	1469.666667
983.1509434	1468.358491
1005	1471.147541
978.0666667	1473.533333
1014.323529	1473.735294
1008.636364	1474.636364
485.3103448	1474.931034
467.0722892	1477.843373
1011.37931	1478.655172
477.8367347	1479.510204
449.1525424	1483.152542
469.6071429	1484.857143
446.4090909	1489.272727
456.5047619	1488.304762
466.4117647	1491.070588
463.8550725	1497.304348
467.9	1506.414286
475.2539683	1511.301587
469.1282051	1514.179487
481.7857143	1517.696429
465.8513514	1520.364865
476.0793651	1519.666667
438.7619048	1520.238095
1015.923077	1600.846154
1003.8	1610.3
985.3636364	1616.090909
1007.909091	1617.363636
1002.210526	1617.561404
844.8809524	1617.654762
853.5	1618.25
975.2727273	1618.318182
837.78125	1619.875
849.2857143	1623.321429
841.92	1625.14
971.9661017	1626.186441
1048.666667	1624.888889
967	1627.653846
978.0449438	1626.853933
540.5	1630
1057.363636	1628.829545
838.4444444	1633.777778
975.942029	1635.594203
832.2990654	1635.757009
883.0526316	1637.526316
1058.236842	1639.026316
979.7567568	1640.243243
1050.727273	1639.8
838	1641.409091
968.3947368	1640.289474
1043.572727	1642.327273
948.2608696	1642.521739
1061.647059	1643.235294
857.4	1644.6
955.94	1643.84
962.65625	1643.71875
976.9827586	1644.775862
766.2589928	1646.223022
836.5531915	1648.308511
863.0461538	1648.784615
984.0666667	1652.366667
1036.337079	1650.314607
989.0533333	1652.373333
993.8723404	1652.957447
890.7297297	1652.945946
878.9526316	1654.010526
1050.181818	1653.363636
862.12	1654.9
1057.360825	1653.298969
808.6222222	1655.866667
854.3684211	1656.947368
783.6666667	1657.666667
1005.125	1657.5
1049.3	1657.6
918.1363636	1657.909091
348.4848485	1660.878788
793.2340426	1658.808511
884.5384615	1660.846154
1061.963303	1661.302752
1054.194444	1663.388889
764.6956522	1662.913043
903.2622951	1660.959016
917.2633333	1667.076667
801.2072072	1661.945946
892.6462585	1661.721088
1011.035088	1663.824561
993.0625	1664.5625
1004.056338	1665.098592
800.6702128	1670.654255
1053.5	1668
897	1669.346154
773.3392857	1669.875
998.4868421	1667.578947
1022.091398	1667.709677
869.7419355	1671.064516
905.6299213	1671.826772
790.5333333	1671.666667
892.7738095	1674.619048
1055.380952	1673
1060.95	1672.133333
859.9117647	1673.411765
865.4166667	1674.083333
896.5625	1675.3125
1047.327273	1673.881818
1017.205882	1676.317647
779.3065693	1676.182482
786.8227848	1676.443038
362.3333333	1675.701754
906.75	1678.791667
333.7966102	1676.016949
792	1679.454545
865.1578947	1679.736842
336.675	1680.99375
352.7833333	1678.4
1031.583333	1681.041667
320.8676471	1683.029412
901.5882353	1682.882353
919.7435897	1682.923077
347.5785124	1683.619835
358.3972603	1683.246575
806.8712871	1684.792079
814.9166667	1685.222222
904.2222222	1685.666667
321.8723404	1689.106383
338.2674419	1690.267442
1038.671053	1687.197368
358.6464088	1693.359116
785.7692308	1689.884615
801.0333333	1693.383333
816.5421053	1693.894737
1030.180095	1693.696682
320.1509434	1695.320755
791.5517241	1695.298851
1064.655172	1694.827586
343.8181818	1695.515152
858.625	1697.8125
1040.470588	1696.882353
822.3333333	1697.583333
826.6382979	1696.276596
365.483871	1700.209677
811.5789474	1700.526316
1060.839286	1698.071429
348	1699.555556
889.7058824	1700.294118
901.1358025	1697.975309
985.1230769	1699.607692
1068.5	1701.605263
338.5294118	1702.788235
351.7021277	1701.468085
825.2258065	1705.354839
1053.714286	1702.785714
781.2105263	1704.421053
992.7777778	1704.944444
1065.52381	1705.714286
371.1428571	1707.5
318.8372093	1707.813953
346.037037	1707
358.2615385	1706.723077
366.3333333	1708.037037
350.1724138	1709.862069
904.7181467	1708.409266
983.0662252	1710.728477
341.7910448	1711.492537
363.3684211	1710.315789
1053.169492	1709.576271
1059.598131	1709.495327
335.5666667	1711.1
884.5217391	1711.478261
1016.576923	1711.865385
351.9473684	1714.701754
856.26	1714.31
918.3333333	1714.833333
1051.909091	1715.515152
340.8684211	1717.368421
908.7169811	1720.056604
1006.409091	1716.136364
330.5517241	1716.827586
1027.5	1716.5
1012.102041	1719.306122
339.3181818	1721.840909
996.7857143	1720.571429
922.2978723	1721.659574
855.4074074	1723.555556
891.1025641	1724
856.875	1729.229167
900.2427184	1729.621359
819.62	1731.9
968.2426471	1737.080882
868.6964286	1740.392857
962.7419355	1744.935484
423.0769231	1745
863.7222222	1745.055556
875.0769231	1744.307692
887.7333333	1745.533333
450.4444444	1746.555556
873.2352941	1747.117647
867.7428571	1748.314286
884.68	1748.64
426.4285714	1748.619048
959.1176471	1749.235294
415.3945946	1750.545946
888.9074074	1751.907407
447.9189189	1754.567568
453.4111111	1754.055556
860.625	1751.5
475.925	1753.7
470.3939394	1754.131313
893.6666667	1755.222222
405.0617284	1756.753086
944.8421053	1757.508772
412.9655172	1758.482759
508.7307692	1758.826923
410.122807	1763.631579
787.5	1763.5
976.5862069	1762.517241
455.0869565	1765.217391
491.4166667	1764.833333
488.6635071	1768.341232
949.1935484	1769.435484
506.7323944	1770.957746
476.961039	1769.201299
458.4203822	1774.515924
467.3541667	1774.0625
501.0526316	1773.894737
432.9622642	1775.339623
471.1216216	1772.148649
893	1778.363636
449.9857143	1776.342857
487.72	1778.3
393.7241379	1780.37931
925.71875	1779.3125
426.9285714	1780.714286
469.8474576	1780.711864
490.5806452	1782.225806
932	1781.1
475.0403226	1785.233871
925.9361702	1784.106383
422.1707317	1784.170732
463.1	1784.3
935.8181818	1784.318182
391.68	1784.6
439.5	1784.942857
448.2666667	1784.333333
486.8333333	1787.125
377.1311475	1784.02459
922.2083333	1786.5
373.0727273	1789.163636
930.1111111	1789.185185
420.55	1790.85
440.7	1791.4
468.4117647	1791.352941
828.4473684	1790.921053
328.25	1793.25
429.2222222	1793.277778
821.125	1791.85
910.4210526	1793.421053
453.0916335	1790.59761
386.2420091	1796.940639
456.0131579	1801.671053
462.038961	1797.506494
485.8333333	1795.722222
422.3693694	1798.585586
474.7748344	1795.192053
825.3333333	1797.066667
348.6	1798.031579
377.7777778	1797.888889
399.125	1797.604167
446.0650888	1803.568047
483.4054054	1800.675676
416.4210526	1801.859649
397.8837209	1804.069767
412.2978723	1804.808511
913.8648649	1803.459459
375.4444444	1804.222222
894.5384615	1804.492308
912.1016949	1808.508475
365.62	1806.56
390.1538462	1805.923077
978.65	1804.2
990.14	1806.98
480.92	1807.56
984.3222222	1809.133333
439.3472222	1810
898.8372093	1811.023256
376.046875	1812.848958
918.2	1813.633333
901.75	1814.722222
977.8333333	1813.69697
922.6666667	1814.030303
344.1875	1814
444.6666667	1815.333333
1139.808511	1818.680851
923.7115385	1819.346154
975.3108108	1821.405405
440.871345	1820.549708
928.9777778	1823.177778
1169.25	1822.75
917.5106383	1822.191489
1095.9	1825.02
1142.958333	1824.416667
923.4482759	1825.896552
463.375	1826.1875
908.7989418	1826.661376
1139.235294	1827.588235
402.9069767	1826.232558
408.6101695	1825.508475
917.7538462	1830.215385
402.9375	1832.1875
460.8769231	1830.830769
932.25	1833.575
452.6455696	1833.253165
406.8448276	1835.12069
937.5333333	1835.666667
914.5185185	1836.203704
1094.188406	1835.942029
374.1111111	1837.740741
461.1142857	1837
447.5057471	1841.505747
904	1838.5
459.0943396	1841.471698
967.0375	1837.95
370.0967742	1843.225806
420.025	1840.525
411.1538462	1842.521368
426.3695652	1842
922.2711864	1843.915254
928.164557	1840.544304
941.71875	1842.53125
363.5243902	1845.5
909.8928571	1844.142857
947.1860465	1843.372093
1092.768519	1844.12963
421.7692308	1845.538462
455.0309278	1847.041237
1031.846154	1845.769231
933.1392405	1845.481013
1082.085106	1847.553191
1103.488889	1846.444444
938.3461538	1849.807692
1097.833333	1850.604167
352.9090909	1850.181818
875.0909091	1848.636364
922.9821429	1851.696429
450.1333333	1851.366667
1134.124294	1850.050847
415.4444444	1851.6
424.1308411	1851.224299
445.6666667	1852
906.5769231	1851.692308
1110.954545	1853.166667
1121.15625	1854.604167
1152.360465	1851.744186
360.14	1854.18
930.5869565	1854.826087
1130.285714	1858.255102
344	1857.692308
883.1428571	1855.619048
888.6666667	1859.333333
923.25	1857.125
1155.970588	1856.852941
1164.471698	1855.358491
1068	1858.222222
325.5882353	1859.117647
338.5454545	1859.590909
364.5967742	1859.112903
413.1060606	1859.287879
1111.691176	1860.147059
1117.681818	1859.681818
1151.085106	1862.361702
1159.055556	1863.522222
1167.581818	1861.981818
330.25	1862.0625
352.4782609	1861.565217
408.754386	1863.614035
358.8214286	1863.440476
373.9545455	1863.795455
1138.784483	1863.801724
1097.441176	1862.308824
346.25	1864.553571
878.2380952	1866.285714
327.58	1868.26
334.5	1867.7
370.0727273	1869
1074.375691	1865.662983
352.3953488	1867.883721
341.4285714	1869.321429
1083.466667	1871
1100.296296	1870.111111
347.1785714	1871.428571
869.4545455	1871.590909
357.2142857	1872.642857
387.3	1873.7
351.15625	1874.40625
881.7307692	1874.346154
1052.898148	1873.175926
333.6753247	1873.688312
1066.337143	1874.32
396.4	1876.2
1099.444444	1875.388889
1106.828571	1877.914286
340.7230769	1877.138462
326.6785714	1880.125
346.4	1878.914286
1090.49711	1872.757225
1074.469388	1880.040816
1083.25	1879.333333
1135.518519	1881.333333
1097.055556	1880.477778
334.3762376	1883.70297
414.7647059	1886.470588
1076.317073	1885.536585
1100.17	1888.28
1132.511905	1886.785714
1066.4	1885.591304
361.8086957	1891.652174
908	1889.567568
1081.575	1891.3625
1089.318841	1891.072464
328.4848485	1889.969697
1073.96875	1894.770833
334.745098	1891.098039
903.2222222	1894
1098.970588	1897.098039
489.254902	1894.509804
335.0740741	1897.259259
482.4326241	1901.780142
473.8625	1903.575
484.4022989	1911.586207
470.0192308	1912.288462
478.7592593	1916.259259
533	1916
333	1921.916667
342.704918	1920.590164
341.0769231	1927.884615
334	1929.604651
347.7714286	1930.3
556	1929
340.8	1932.45
411.1282051	1932.589744
331.34	1935.9
414.8	1936.169231
345.7916667	1937.979167
405.9259259	1935.592593
340.5957447	1938.510638
532.65	1937.825
403.0606061	1940.090909
526.6222222	1940.888889
574.5555556	1940.222222
369.9428571	1939.771429
378.8490566	1939.867925
417.2368421	1942.052632
407.2692308	1942.192308
370.2926829	1944.707317
578.4	1945.6
411.9879518	1946.759036
424.4	1948.266667
441.480198	1949.707921
406.2970297	1950.594059
585.9772727	1950.931818
581.2142857	1955.607143
404.4021739	1957.945652
590.3370787	1958.831461
355.125	1959.125
373.7333333	1959.6
572.96875	1963.3125
376.85	1962.2
351.42	1964.12
584	1966.605263
577.2280702	1964.298246
749.2608696	1968.565217
754.6774194	1971.225806
577.3648649	1973
325.6666667	1975.875
332.1904762	1980.571429
556.5	1980.285714
344.5	1980.717391
340.2631579	1984.877193
479.8253968	1987.222222
341.4615385	1989.461538
334.4415584	1992.896104
346.6081081	1993.608108
395.640625	1997.9375
327.974026	1998.948052
340.4782609	1998.652174
620.5555556	2002.777778
333.8181818	2003.272727
336.4782609	2005.869565
341.3478261	2005.043478
392.6666667	2006.277778
396.9	2005.9
436	2007.083333
431.92	2008.32
345.9111111	2009.355556
352.2571429	2011.114286
440	2009.452381
391.3191489	2014.925532
356.7777778	2013.944444
339.7575758	2016.060606
352.4	2016.4
426.9333333	2015.066667
435.515625	2014.5
346.8157895	2018.815789
357.6666667	2018.6875
503.5747126	2017.643678
484.5625	2021.2125
386.1785714	2020.928571
431.3846154	2021.230769
391.1794872	2023.128205
569.6730769	2022.634615
351.9452055	2024.013699
427.5	2023.875
359.1875	2024.8125
474.379085	2025.901961
628.125	2024.625
400.4931507	2022.876712
386.68	2027.32
624.225	2026.2
362.875	2030.055556
547.5	2030.5
570.5	2029.8
576.5789474	2029.631579
356.4571429	2031
395.2156863	2030.735294
403.2837838	2032.148649
599.1666667	2033
323.5	2035.5
534.8064516	2032.806452
414.2	2036.5
407.1315789	2037.118421
578.1904762	2038.142857
397.1851852	2039.851852
549.2820513	2038.666667
533.4807692	2039.173077
542.46875	2039
539.7352941	2043.176471
535.4901961	2046.509804
452.4375	2044.75
574.6666667	2054.095238
608.7230769	2053.846154
484.3333333	2058.066667
527.3088235	2059.088235
594.8709677	2056.564516
601.8305085	2056.423729
344.8983051	2058.067797
584.225	2058.65
590.2285714	2059.485714
609.3561644	2061.821918
627.4666667	2060.333333
578.2820513	2059.358974
597.0138889	2064.347222
531.1	2063.333333
536.0967742	2064.548387
578.6551724	2064.827586
350.5714286	2065.25
468.1142857	2063.257143
520.4857143	2065.528571
464.8064516	2067.741935
590.2857143	2067.228571
390.1	2067.775
526.4117647	2067
437.8405797	2068.608696
522.8461538	2070.307692
543	2070.15
425.0545455	2071.854545
565.6	2071.6
319.3349282	2073.009569
387.0454545	2075.454545
438.1428571	2074.535714
326.4935065	2077.779221
446.5344828	2076.896552
525.8064516	2075.040323
540.3174603	2077.269841
333.372093	2079.069767
437.971831	2079.901408
513.1111111	2079.111111
349.2252252	2080.369369
535.3846154	2081.468531
435.8	2084.333333
281.3604651	2083.05814
431	2085
274.7222222	2086.277778
562.8536585	2087.292683
568.04	2085.76
343.5735294	2089.470588
525.9272727	2086.109091
267.6574074	2088.101852
352.5753425	2089.273973
425.2235294	2087.047059
535.9	2090.777778
413.9166667	2087.916667
500.7906977	2088.05814
297.5	2091.5
515.1597633	2091.83432
418.8085106	2091
530.4545455	2093.636364
567.6363636	2095.6
427.25	2093.3125
524.7692308	2091.884615
260.6603774	2094.45283
347.7948718	2095.487179
412.7285714	2094.528571
423.2272727	2095.136364
522.7666667	2096.7
375.304878	2098.182927
260.7462687	2100.641791
271.8076923	2099.346154
506.630137	2098.863014
353.59	2100.56
406.8834356	2100.546012
387.66	2101.7
504	2102
568.6666667	2102.416667
673.125	2102.3125
311.2857143	2103.333333
511.8235294	2103.882353
379.6451613	2103.806452
393.2777778	2104.722222
384.4545455	2106.681818
428.3012048	2105.373494
569.0416667	2106.645833
549.875	2108.083333
401.4666667	2109.105556
311.0285714	2110.171429
376.5538462	2110.246154
567.1578947	2110.631579
242.5254237	2112.135593
355.3333333	2111.227273
423.0666667	2110.973333
249.3	2112.6
414.5125628	2115.40201
543.4285714	2112.142857
616.75	2112.916667
548.6551724	2113.275862
614.4761905	2116.095238
376.9090909	2116.151515
268.5909091	2118.818182
371.2	2121.928571
545.8585859	2122.570707
553.4468085	2120.638298
401.5	2126.5
406.725	2123.825
261.7878788	2128.030303
568.45	2129.825
412.172043	2128.344086
527.9333333	2131.755556
271.8101266	2132.303797
404.84	2134.133333
535.7291667	2133.65625
264.9425287	2137.218391
276.7014925	2136.552239
399.3515625	2139.789063
578.9298246	2135.807018
617.9814815	2136.907407
414.8673469	2135.520408
584.78	2134.2
391.7380952	2138.238095
535.1914894	2141.553191
624	2140.096774
570.1111111	2142.111111
581.8780488	2142.536585
663.3098592	2143.197183
576.0555556	2143.222222
406.0285714	2145.8
667.25	2145.8
531.7631579	2146.157895
555.0107527	2143.989247
573.1428571	2147.190476
615.8602941	2147.235294
625.6197183	2147.774648
686.6049383	2157.271605
695.1818182	2158.545455
673.1818182	2159.121212
666.4166667	2161.083333
683.75	2162.25
554.9268293	2162.682927
676.4545455	2163.727273
546	2165.375
510.2	2166.3
679.5	2169.5
544.8235294	2171
555.95	2170.083333
602.0084034	2172.781513
547.2272727	2175.727273
551.48	2176.92
557.0666667	2175.866667
476.5208333	2176.645833
618.5897436	2179.333333
489.9333333	2180.266667
644.6545455	2182.081818
665.375	2180.25
493.5	2180.875
496.0909091	2181.636364
538	2181.8
545.4871795	2182.461538
604.5853659	2184.471545
650.2564103	2186.25641
540.4615385	2188.384615
636.1866667	2187.973333
545.75	2188.5
558.5	2187.807692
563.3658537	2188.97561
593.6126761	2190.260563
553.1038961	2191.168831
631.8108108	2191.648649
625.6923077	2193.974359
560.7419355	2194.451613
633.5616438	2197.246575
649.2947368	2192.536842
525.7222222	2198.194444
590.1489362	2197.021277
557.0625	2198.40625
603.6944444	2197.347222
652.7901235	2201.530864
530.8181818	2200
597.9661017	2200.220339
643.96875	2199.135417
658.7777778	2201.444444
557.2727273	2204.045455
562.3170732	2202.341463
607.547619	2204.940476
601.2352941	2206.176471
656.6190476	2204.952381
565.9405941	2209.851485
551.3392857	2209.607143
572.3030303	2208.787879
502	2211.5
529.7272727	2210.681818
619.5	2211.5
557.25	2211.9375
655.2881356	2212.542373
719.5	2215.5
532.3	2216.9
621	2219.5
710.5882353	2222.117647
488.5138889	2222.722222
715.0740741	2222.592593
483.7272727	2226.863636
658.5	2226.833333
663.8375	2226.5
480.0983607	2233.745902
527.2195122	2231.609756
669.3235294	2231.823529
614.6976744	2234.744186
665.8478261	2237.173913
480.4210526	2243.710526
663.6179775	2276.58427
671.8867925	2278.792453
679.5294118	2281.176471
529.68	2284.52
536.5865385	2280.798077
672.9310345	2285
560.2	2284.733333
542.5205479	2285.636986
529.5	2290.4375
644.9444444	2291.888889
527.1564626	2300.44898
632.6315789	2300.736842
469.9836066	2302.327869
477.9756098	2301.170732
483.5454545	2306.287879
473.8888889	2306.185185
624.4285714	2306
630.9375	2305.5625
532.1358025	2309.82716
753.8611111	2312.527778
624.96	2313.44
619.7419355	2313.709677
615.1791045	2315.865672
505.1929825	2319.912281
579.5806452	2319.741935
293.5	2322.5
584.7571429	2323.842857
615.9152542	2323.152542
577.1428571	2326.571429
624.4166667	2327.5
718.25	2327.9
723.3414634	2328.317073
464.1777778	2328.955556
605.8417266	2329.726619
595.8623188	2327.753623
457.7077922	2331.954545
550.4333333	2333.4
596.3571429	2335.214286
671.7676768	2333.242424
466.6049383	2337.444444
634.0763889	2334.291667
732.6666667	2337.444444
651.5	2338.090909
545.5819672	2338.811475
535.4636364	2340.763636
738.8363636	2340.309091
623.9361702	2344.723404
732.2592593	2345.518519
485.5121951	2345.585366
564.4444444	2346.432099
526.8076923	2346.576923
605.3043478	2347
520.4827586	2347.482759
633.26	2347.39
642.9047619	2347.047619
454.4	2349.48
571.0625	2349.15625
452.7333333	2352.933333
517.2926829	2351.487805
640.7764706	2352.788235
504.1666667	2352.416667
489.4347826	2352.486957
498.71875	2354.0625
679.7297297	2353.891892
509.5588235	2355.794118
572.9827586	2357.206897
455.03125	2358.46875
512.5555556	2361.716049
727.1818182	2361.545455
678.7714286	2361.914286
673.6326531	2365.489796
516.2631579	2368.052632
681.6935484	2369.112903
733.1153846	2367.5
678.8666667	2372.7
731.1176471	2374.823529
614.3076923	2375.384615
724.0597015	2374.537313
678.6615385	2377.938462
720.875	2379.125
735.4285714	2380.571429
617.695122	2382.170732
486.952381	2386.857143
609.4776119	2384.283582
482.3243243	2388.945946
619.65	2388.8
608.1492537	2389.38806
600.0178571	2395.714286
613.4545455	2396.94697
731.3103448	2398.931034
604.1830986	2403.042254
463.3333333	2404.746032
706.9411765	2404.441176
467.5	2408
606.6923077	2408.615385
719.125	2408.875
709.3023256	2409.534884
725	2411.166667
470.1794872	2413.846154
479.5494505	2413.417582
709.1666667	2419.203704
720.36	2417.04
483.2985075	2420.940299
473.8857143	2421.619048
703.9333333	2423.133333
705.7931034	2427.034483
488.0769231	2424.692308
578.5833333	2425.694444
482.8222222	2430.244444
468.5571429	2428.942857
492.5869565	2429.413043
474.0980392	2434.54902
480.0833333	2436.555556
486.744186	2437.186047
491.7297297	2439.135135
482	2440.647059
435.5	2441.5
641.4918033	2508.967213
696.1162791	2509.883721
617.8666667	2510.6
618	2514.5
626.0366972	2516.948012
692.2727273	2517
632.6756757	2524.756757
627.1764706	2526.941176
638.152	2528.032
647.925	2528.05
654.3684211	2527.5
662.375	2533.75
667.3611111	2534.472222
685.5789474	2534.894737
662.8983051	2538.237288
711.7709924	2537.870229
661.0817308	2546.490385
666.3947368	2551.789474
658.3258427	2557.820225
672.9009009	2553.297297
706.5	2566.954545
711.7721519	2572.227848
670.5	2582.8
643.5	2585
1095.545455	2585.515152
665.9705882	2588.088235
625.9882353	2590.658824
668.8	2593.433333
1092.5	2595.5
640.3809524	2597.571429
621.3	2597.1
670.1875	2600.28125
620.504	2604.256
1090	2611.5
664.559322	2615.618644
584.2777778	2627.833333
647.0609756	2629.231707
684	2629
614.862069	2631.137931
624.9322034	2632.915254
607.8666667	2631.233333
581.2	2632.563636
633.1578947	2640.701754
640.3548387	2637.919355
1085.653846	2648.153846
566.0833333	2649.916667
573.4693878	2665.571429
1116.2	2674.25
1120.75	2677.7
760.8196721	2718.590164
744.1555556	2719.755556
753.8125	2718.5625
754.3650794	2726.18254
739.2777778	2727.833333
735.2133333	2732.4
751.202381	2735.583333
750.8518519	2744.407407
913.8541667	2748.666667
919.2857143	2748.357143
922.5	2750.0625
919.6486486	2754.783784
922.5076923	2760.569231
941.7142857	2760.155844
911.5846154	2764.561538
948.95	2762.4
921.3333333	2764.555556
929.125	2769.25
942.7263158	2768.936842
920.96	2769.2
944.4822695	2776.255319
928.4285714	2776.2
918.5535714	2777.535714
909.9655172	2779.87931
691.2884615	2781.769231
932.4782609	2784.188406
940.3333333	2782.571429
920.8791209	2784.505495
687.15625	2785.4375
922.1	2787.5
911.3928571	2785.928571
926.4210526	2791.410526
912.4237288	2792.237288
919.4615385	2795.538462
934.6666667	2796.5
912.2	2797.3
907.7674419	2798.302326
938.5789474	2802.877193
929.54	2807.48
936.7142857	2809.333333
931.9473684	2815.842105
900.1818182	2820.181818
922.9460784	2819.632353
938.9473684	2820
931.71875	2827.8125
938	2826.878788
919.2857143	2827.571429
926.8363636	2831.345455
725.8490566	2843.377358
723.2695652	2855.704348
739.9333333	2859.9
677.9752066	2861.900826
720.673913	2864.701087
756.1176471	2863.382353
593.6575342	2864.561644
570.3888889	2866.444444
685.862069	2867.758621
566.5510204	2869.44898
671	2871.264706
588.1170213	2869.829787
686.525641	2873.512821
695.0333333	2872.333333
564.1875	2874.9375
724.3645833	2875.510417
572.4	2875
595.9285714	2875.630952
714.6821705	2877.131783
582.7777778	2878.444444
566.9491525	2878.949153
577.6631579	2876.084211
590.4807692	2880.923077
669.0638298	2880.553191
609.225	2879.625
572.7083333	2881.208333
590.9047619	2886.452381
678.3880597	2879.940299
584.8888889	2885.444444
561.9411765	2884.117647
573.12	2885.36
616.1904762	2886.404762
604.5774194	2887.770968
674.6707317	2888.121951
568.6585366	2887.926829
581.6834532	2893.179856
699.4375	2888.40625
695.25	2891.25
574.7777778	2893.888889
572.0206186	2899.319588
675.6363636	2895.909091
564.8211382	2897.813008
559.1428571	2900.761905
765.2992126	2899.669291
755.5	2900.04
550.2222222	2904.081481
669.9868421	2904.184211
763	2905.9
651.5	2905.59375
762.6206897	2911.482759
748.4385965	2905.263158
586.375	2907.125
705.6818182	2906.954545
558.7604167	2908.260417
646.3076923	2908.923077
742.2173913	2910.586957
753.2592593	2909.851852
638.9090909	2915.377622
549.8461538	2912.230769
594.4705882	2913.117647
758.8108108	2914.621622
649.6460177	2915.504425
710.673913	2912.630435
749.5	2913.535714
783.0208333	2915.208333
559.1710526	2914.276316
643	2916.357143
725.5869565	2915.652174
759.5555556	2920.430556
665.3090909	2917.836364
721.2162162	2915.702703
753.1086957	2920.326087
743.8905109	2920.474453
548	2918.7
564.537037	2919.277778
774.9935065	2919.987013
555.44	2919.9
722.9130435	2923.304348
714.9	2924.116667
548.4411765	2923.588235
544	2923.681818
558.3809524	2923.142857
706.2772277	2925.257426
749.0769231	2927.961538
562.6371681	2928.088496
544.0714286	2928.285714
574.625	2929.458333
707.7179487	2932.423077
554.2783505	2931.515464
683.04	2930.76
757.9411765	2931.019608
539.2647059	2931.852941
546.9787234	2932.191489
579.4468085	2931.595745
584.7945205	2930.890411
551.3125	2935.375
679	2938
759.5	2939.5
791.056338	2940.549296
559.7307692	2939.461538
580.8297872	2939.06383
575.6724138	2939.586207
705.6153846	2941.415385
555.5	2945
688.5789474	2945.315789
577.0888889	2946.911111
563.55	2945.866667
569.7631579	2947.842105
560.6979167	2951.9375
798.725	2952.325
721.5	2952.5
644.1578947	2954.026316
639.6666667	2953.904762
795.4545455	2956.636364
644.4444444	2958.722222
638.2244898	2960.244898
649.2307692	2959.115385
659.5142857	2959.895238
794.5454545	2962.393939
523.1481481	2964.703704
644.265625	2964.421875
733.8461538	2965.538462
651.7222222	2967.916667
518.1578947	2969.210526
658.0740741	2969.555556
491.1666667	2970.416667
686.2	2971.7
650.5248227	2974.93617
525.1223022	2973.654676
678.6825397	2976.825397
683.2413793	2976.482759
794.7333333	2978.8
646.047619	2980.650794
666.8734177	2980.240506
787.8392857	2981.571429
521.1048387	2981.830645
737.2931034	2981.37931
673.5	2982.714286
739.75	2986.454545
649.075	2988.8125
677.9333333	2986.6
708.125	2985.833333
523.1944444	2990.25
718.46875	2990.84375
765.25	2990.5
811.9047619	2989.714286
706.1818182	2990.75
786.8823529	2990.235294
660.1538462	2994.538462
743	2994.888889
752.2772277	2992.80198
808.575	2994.325
517.3604651	2996.104651
689.1075269	2994.849462
525.4347826	2996.869565
696.875	2997.125
714.6730769	2995.461538
724.5	2996.863636
658.5555556	2998.111111
759.8953488	2997.093023
752.2264151	3001.113208
744.8412698	3001.904762
797.6785714	2999.5
706.36	2999.691429
802.1666667	3001.8
681.9347826	3000.5
504.0196078	3003.333333
720.4193548	3002.16129
686.5080645	3005.677419
518.6216216	3005.777027
716.6595745	3007.404255
677.25	3007.288462
709.8271605	3010.518519
795.5471698	3006.283019
525.6806723	3008.201681
701	3009.5
511.2459016	3011.245902
687.4883721	3010.55814
697.4090909	3012
502.2932331	3015.864662
633.375	3013.25
690.5641026	3014.666667
508.3695652	3015.804348
683.4347826	3016.043478
714.5	3015.2
708.6896552	3017.62069
523.4615385	3019.769231
720.7191011	3018.022472
687.2580645	3021.064516
772.1570248	3016.85124
795.3142857	3020.885714
679.9361702	3022.680851
778.3235294	3020.411765
728.3478261	3022.956522
764.9166667	3022.513889
746.7627119	3024.762712
763.1734104	3032.028902
755.5	3026
651.5	3027.5
772.9148936	3030.468085
778.4516129	3026.290323
673.0697674	3028.790698
711.6933333	3024.92
786.8911565	3029.047619
680.2	3029.876923
732.8561644	3028.226027
754.3529412	3029.411765
741.1851852	3030.444444
782.7692308	3030.692308
734.125	3035.660714
779.1935484	3032.258065
514.875	3033.125
670.8823529	3034.911765
709.369863	3031.958904
532.3125	3034.1875
634.4210526	3034.421053
687.7222222	3035.555556
750.1495327	3033.626168
679.2916667	3036.75
768.4814815	3037.296296
776.0825688	3038.779817
702.6036585	3034.164634
740.1333333	3040.244444
745.4285714	3039.693878
695.3478261	3040.73913
699.5769231	3040.615385
673.5818182	3041.854545
708.974359	3043.282051
737.6944444	3045.055556
752.5	3044.0625
779.2297297	3045.162162
653.9589041	3045.342466
714.59375	3047.041667
696.9888268	3049.268156
771.4732143	3050.428571
745.3673469	3049.632653
761.5193798	3047.255814
763.4754098	3055.311475
777.5789474	3052.894737
707.1785714	3054.5
694.25	3058.022727
672.5471698	3057.056604
701.2285714	3058.671429
709.3529412	3059.147059
760.6153846	3060.230769
779.046875	3059.859375
766.3142857	3060.2
668.2727273	3060.954545
678.4791667	3064.020833
740.3137255	3062.333333
560.125	3065.125
712.7777778	3074.111111
673.2666667	3073.333333
753.2222222	3081.888889
553.4100719	3089.539568
680.9130435	3093.565217
675.7	3096.1
700.1287879	3096.704545
693.7	3102.2
551.0891089	3102.158416
545.6022727	3111.511364
685.7536232	3108.101449
535.5544554	3110.247525
541.0434783	3107.565217
527.1904762	3119.214286
681.0127389	3121.433121
523.1492537	3125
690.5	3125
672.05	3127.5
681.0232558	3129.918605
678.8548387	3134.629032
643.9090909	3136.272727
701.7333333	3139.466667
541.7857143	3141.357143
546.2592593	3142.222222
516.3365385	3145.259615
696.4761905	3142.904762
524.9166667	3144.916667
697.4444444	3149.234568
526.625	3152.25
540	3150.245902
703.7659574	3152.659574
707.3488372	3154.465116
679	3154.68
534.1408451	3154.549296
710.6896552	3157.172414
523.7594937	3157.772152
545.2022472	3156.168539
688.5714286	3159.380952
698.6730769	3161.326923
528.0555556	3163.611111
543.5185185	3164.203704
704.2333333	3163.45
536.2060302	3167.668342
516.9220779	3164.883117
695	3167.565217
522.2151899	3170.924051
530.125	3172.125
542.4074074	3175.185185
684.8110599	3170.018433
521.7073171	3176.829268
554.78125	3177.40625
512.7384615	3177.153846
528.2727273	3178.363636
537.9387755	3182.214286
682.2025316	3181.126582
558.1034483	3186.413793
687.3684211	3187.157895
532.5	3187.804348
678.6597938	3188.268041
508.2142857	3190.214286
555.1111111	3196.444444
508.8018868	3198.04717
531.8947368	3198.403509
529.7733333	3207.386667
507.3913043	3208.304348
498.0092593	3206.046296
491.9846154	3208.276923
505.4	3216.466667
489.0642202	3215.697248
498.6555556	3218.588889
476.55	3219.75
483.0172414	3220.482759
488.6046512	3224.767442
496.59375	3225.90625
517.0512821	3225.24359
531.7307692	3229.423077
502.5294118	3236.129412
511.2745098	3236.156863
532.0322581	3236.870968
537.7027027	3241.432432
510.96	3241.76
530.3714286	3241.114286
499.0465116	3241.255814
493.721519	3244.746835
488.2647059	3246.852941
503.9204545	3249.181818
510.8518519	3245.407407
515.3448276	3248
499.7941176	3249.117647
509.3913043	3249.695652
509.509434	3256.40566
542.5208333	3255.125
547.2352941	3256.382353
549.8636364	3266
737.2	3267.933333
707.9642857	3271.678571
692.6410256	3278.230769
699.1970803	3278.525547
722.5151515	3277.469697
737.2897196	3276.065421
685.7043478	3281.165217
744.1014493	3280.478261
732.961165	3284.961165
741.7761194	3290.074627
748.3432836	3287.134328
731.5268817	3292.83871
663.05	3292.1
777.625	3306.041667
774.8	3309.933333
760.4565217	3311.717391
768.5	3312.8
686.5076923	3312.123077
755.84	3316
763.8974359	3316.615385
682.0344828	3315.965517
678	3317.5
697.6428571	3321.119048
692.3611111	3320.944444
734.7413793	3320.172414
761	3322.5
726.7105263	3323.447368
740.2857143	3326.84127
732.5416667	3327.583333
653.5531915	3327.765957
721.1568627	3328.54902
658.6285714	3333.47619
726.6363636	3331.159091
648.4861111	3331.902778
729.4551724	3337.241379
707.3965517	3341.051724
700.9622642	3344.433962
705.3793103	3349.103448
730.1176471	3346.764706
677.1230769	3352
647.4615385	3355.173077
662.1927711	3356.048193
669.7567568	3355.081081
682	3355.311111
769.5	3358.222222
673.7333333	3360.4
707.5	3361
680.7191011	3363.179775
672.3043478	3365.521739
724.0266667	3369.866667
732.4107143	3374.232143
673.9411765	3373.352941
726.7083333	3379.208333
731.3783784	3381.972973
665.71875	3388.15625
702.6153846	3388.307692
661.9393939	3390.666667
651.6578947	3394.105263
647.3461538	3397.153846
734.06	3398.96
771.0285714	3405.928571
693.4117647	3408.494118
783.2341772	3409.227848
775.2773109	3417.932773
666.0833333	3415.777778
671.3026316	3418.776316
697.6233766	3419.87013
715.5	3420.5
609.5	3422.291667
604.2222222	3425.5
595.5	3427.5
779.1911765	3426.602941
874.3846154	3426.615385
649.22	3428.28
699.0294118	3426.485294
691.3111111	3428.377778
712.1875	3430.75
726.8196721	3432.393443
761.6292135	3427.561798
696.9431818	3432.204545
768.6865672	3431.38806
671.8490566	3435.509434
682.9391304	3434.165217
758.3015873	3435.253968
765.2375	3440.2
595.6578947	3436.868421
694.125	3438.575
705.8040541	3437.797297
679.6442308	3442.855769
598.1607143	3443.089286
671.4473684	3442.052632
688.4285714	3445.376623
700.0864198	3446.54321
693.4516129	3446.580645
630.5384615	3448.153846
683.8421053	3448.894737
590.9902913	3448.873786
678.9714286	3450.914286
603.0215827	3451.251799
697.0727273	3451.909091
684.2903226	3454.483871
597.5147059	3457.926471
678.4428571	3458.3
690.6857143	3457.752381
674.6	3463.066667
602.9375	3465.25
720.8	3467.5
725.1666667	3467.875
676.4444444	3468.666667
763.3076923	3469.038462
719.9047619	3472.095238
606.3103448	3475.051724
610.8117647	3471.352941
715.0571429	3475.571429
772.6	3476.054545
614.7848101	3479.544304
686.5652174	3478.826087
724.5555556	3478.333333
750.0851064	3478.425532
720.0666667	3481.133333
767.2753623	3479.463768
761.7314815	3482.907407
755.025	3484.7625
720.5	3486
706.75	3488
731.3625731	3483.912281
740.3814433	3492.298969
642.8064516	3491.290323
619.6388889	3491.722222
727.6225166	3494.788079
712.225	3491.3125
614.3684211	3493
635.8333333	3494.083333
754.9661017	3493.322034
652	3495.473684
705	3495
715.4666667	3499
749.0581395	3497.395349
772.2413793	3499.517241
708.6458333	3501.041667
680.3387097	3500.241935
664	3502
670.56	3502.26
725.6363636	3501.909091
778.9375	3503.625
685.0326087	3505.076087
765.7272727	3504.727273
697.0526316	3505.684211
716.2765957	3506.404255
739.0196078	3504.911765
768.2	3506.5
676.0416667	3507.75
691.4615385	3508.538462
711.9375	3509.78125
744.7190083	3508.942149
686.4814815	3513.197531
751.5714286	3515.380952
668.8125	3516.625
677.6483516	3514.593407
746.7619048	3517.666667
675.2765957	3521.574468
736.47	3519.71
640.6	3518.14
688.4952381	3521.085714
722.8275862	3520.655172
728.4736842	3522.578947
672.4153846	3526.769231
643.8333333	3525.066667
682.916129	3530.541935
731.3578947	3527.178947
646.6730769	3530.615385
723.015625	3529.84375
673.7777778	3534.444444
730.3478261	3533.565217
627.25	3535.666667
685.7692308	3536.615385
699.8	3536.9125
691.8909091	3537.890909
682.3658537	3540.804878
691.6666667	3543.666667
687.2045455	3545.363636
698.1894737	3547.094737
729.8571429	3545.642857
711.3939394	3546.121212
642.1944444	3545.777778
768.0963855	3545.409639
655.9333333	3549.2
674.5	3549.7
732.8157895	3549.684211
738.75	3548.375
778.6103896	3549.25974
669.0243902	3551.390244
717	3550.8
638.3970588	3551.220588
773.7291667	3552.270833
634.875	3554.5
763.5609756	3554.073171
646.0425532	3553.914894
731.3674699	3557.753012
639.9	3558.3
630.2478632	3560.264957
690.4444444	3558.666667
777.4242424	3558.30303
652.7777778	3558.622222
698.2222222	3561.111111
765.7884615	3562.25
637.6222222	3563.911111
647.05	3563.5
736.6896552	3563.206897
658.0886076	3565.253165
724.4347826	3565.173913
772.1418919	3566.25
642.6764706	3568.220588
700.4	3568.333333
630	3569.509434
651.5	3570
707.8478261	3570.184783
743.875	3569.916667
713.5283019	3573.330189
643.3846154	3572.692308
721.95	3571.6
732	3572
634.5535714	3576.008929
647.3972603	3578.260274
735.5555556	3576.511111
636.7941176	3580.647059
727.6761905	3581.571429
719.7272727	3579.393939
715.2985075	3582.910448
707.0833333	3583.116667
720.6666667	3587.291667
726.1846154	3589
712.3154362	3593.328859
720.2058824	3592.411765
727.4137931	3595.310345
735.2684211	3596.142105
709.9787234	3597.404255
745.4	3596.866667
737.6	3602.475
743.0277778	3602.75
709.8456376	3605.194631
727.2333333	3604.5
720.7	3604.94
708.4	3612.114286
718.4563107	3612.058252
730.6	3615.6
680.2857143	3620.428571
675.8108108	3621.972973
723.5	3698.8
713.3076923	3703.923077
794.3636364	3710.090909
798.4117647	3713.882353
790.2173913	3714.130435
818.4651163	3716.511628
735.5555556	3717.861111
825.5517241	3718.051724
844.1724138	3722.12069
813.7391304	3722.521739
711.6055556	3726.016667
730.8472222	3723.694444
832.4166667	3725.857143
725	3728
839.4074074	3723.54321
825.36	3728.76
718.2300885	3732.469027
733.1147541	3729.57377
813.3853211	3729.862385
703.362069	3731.862069
740.7520661	3729.900826
805.4141414	3733.080808
820.3181818	3730.909091
837.122807	3732.947368
828.627907	3733.651163
724.5555556	3733.518519
729.4814815	3734.148148
693.8666667	3734.466667
752.75	3737.25
811.3333333	3739
815.862069	3738.896552
723.025974	3741.662338
728.6071429	3742.928571
813.8333333	3742.666667
752.2333333	3744.533333
788.7959184	3744.510204
812.95	3747.25
859.952381	3750.761905
768.8888889	3750.349206
854.9714286	3748.628571
815.3333333	3753.014493
853.6888889	3754.977778
740.2529183	3751.237354
831.7708333	3754.729167
718.3103448	3756.206897
724.5061728	3754.08642
772.9545455	3755.75
745.1375	3760.3625
865.59375	3760.78125
714.4117647	3760.029412
721.0909091	3761.363636
769.2516129	3761.709677
786.8666667	3762.4
717.4375	3764.9375
740.255814	3766.77907
746.8214286	3765.464286
781.0425532	3762.340426
855.2631579	3764.526316
753.8181818	3766.545455
775.95	3768.05
756.8461538	3770.717949
782.3428571	3768.428571
787.1355932	3769.186441
731.4705882	3767.494118
768.7209302	3769.093023
852.4651163	3771.209302
859.5	3771
720.6176471	3771.029412
751.125	3772.125
730.3333333	3777.333333
772.7831325	3775.843373
779.5833333	3776.666667
789.0928571	3778.135714
830.15	3774.1
699.3333333	3776.166667
712.8201058	3775.941799
761.8846154	3776.144231
799.7857143	3776.357143
882.962963	3776.975309
893.4571429	3777.257143
722.9139785	3782.204301
767.2121212	3780.333333
826.125	3778.857143
831.5625	3779.375
819.725	3779.9125
888.0512821	3781.051282
696.7692308	3781.403846
737	3781.647059
755.462963	3780.259259
772.8666667	3783.333333
729.4736842	3784.605263
759.9444444	3786.944444
888.7272727	3785.818182
766.2056075	3789.009346
883.825	3786.025
832.6571429	3787.771429
729.0833333	3789.222222
713.25	3790.575
807.5185185	3790.814815
719.964539	3794.978723
805.8571429	3794.809524
839.025	3796.075
739.0816327	3796.938776
776.7169811	3799.613208
750.0961538	3800.307692
870.35	3800.85
809.9659091	3801.511364
741.7352941	3803.779412
770.0555556	3805.388889
763.1578947	3807.026316
875.5	3808.232143
870.3396226	3811.754717
766.0833333	3810.833333
757.4242424	3811.30303
724.5168539	3813.168539
779.5	3812.5
827.8076923	3813
803	3813.8
772.9090909	3816.363636
853.516129	3817.903226
864.7411765	3815.647059
858.1538462	3816.923077
829.5	3820.295455
860.5283019	3823
774.0891089	3821.465347
837	3823.846154
867.2112676	3825.549296
767.2765957	3825.425532
876.6785714	3823.096939
786.1566265	3830.13253
779.5443038	3830.613924
810.2413793	3829.048276
722.1449275	3829.014493
771.3333333	3833.055556
879.8627451	3831.372549
881.3225806	3834.741935
839.9642857	3835.678571
811.962963	3836.981481
891.7384615	3838.353846
768.4791667	3838.25
860.0731707	3837.829268
885.5217391	3838.26087
854.5862069	3838.448276
876.7619048	3840.504762
743.2142857	3839.107143
815.5714286	3840.571429
819.8	3840.6
897.7291667	3841.1875
855.9411765	3844.529412
788.0416667	3841.097222
862.4807692	3843.076923
764.4310345	3843.413793
771.75	3843.475
809.7297297	3843.972973
870.6363636	3844.090909
886.1	3843.55
816.6760563	3847.549296
777.9761905	3844.97619
804.3953488	3847.651163
863.0229885	3848.632184
883.3137255	3847.529412
890.5833333	3848
780.0666667	3849.266667
785.8857143	3849.009524
874.7192982	3848.649123
898.2238806	3850.41791
772.6046512	3850.27907
780.0266667	3855.666667
807.6666667	3853.701754
776	3858.25
772	3858.8
884.0753425	3856.431507
765.9408284	3860.680473
778.3888889	3860.527778
873.4701493	3859.350746
760.1538462	3865
777.4067797	3865.762712
882.9230769	3865.769231
800.8333333	3867.111111
793.372093	3867.162791
852.4705882	3869.705882
864.8666667	3870.666667
810.6022727	3873.625
772.7962963	3871.074074
801.9344262	3873.008197
881.8860759	3871.708861
856.2173913	3872.956522
834.2857143	3871.571429
830.1904762	3875.428571
839.5	3876
866.4193548	3875.870968
791.5268817	3875.365591
821	3878.791367
847.7948718	3877.307692
776.9099099	3878.747748
858.1587302	3880.142857
845.3529412	3882.529412
870.2068966	3881.586207
829.7307692	3883.346154
875.9830508	3884.779661
880.4285714	3886.285714
851.4081633	3885.795918
845.1632653	3888.530612
871.6956522	3888.869565
858.3442623	3888.983607
863.030303	3888.121212
866.28	3891.693333
826.744186	3890.069767
833.8076923	3888.230769
840.16	3893.29
851.3958333	3892.5625
880.11	3895.34
856.6923077	3897
873.2	3896.018182
831.6533333	3897.786667
820.4885496	3899.351145
855.2985075	3902.059701
867.4642857	3902.321429
879.5	3904
863.1166667	3907.383333
855.6315789	3907.763158
856.6875	3912.875
859.5	3953.285714
