X	Y
0	0
0	6857
6857	0
6857	6857
729.5	122.5
727.8	143
731.5	149
689.5	169.2857143
695	173.5
714.2	217
795.4166667	218.25
819.375	220.4375
754.7333333	228.3333333
801	264.6923077
818	291
829.047619	293.4285714
832.15	296.25
819.0666667	299.2666667
822	331.7272727
825.5	334.8571429
840.4166667	336.75
849.2608696	344.2173913
832.5909091	346.6590909
854.1111111	348.6111111
834.1896552	352.8448276
816.5	353.7142857
825.7352941	352.7352941
847.1538462	355.8076923
822.739726	362.3630137
844.1363636	358.2272727
829.8823529	360.7352941
805.8666667	362.4666667
836.1206897	362.5
828.64	368.36
837.7241379	370.8275862
825.1176471	373.5
846.125	370.75
817.3214286	373.1071429
832.3076923	372.9615385
822	374.3571429
828.6190476	376
825.1153846	380.1538462
810.5869565	377.4347826
831.952381	378.5238095
820.030303	379.3030303
804.2708333	381.5625
817.2638889	384.2777778
812.0857143	384.4
829.4166667	383
837.7857143	381.2857143
840.8888889	382.2962963
832.9032258	389.0322581
824.9491525	387.4576271
839.8181818	389.5454545
816.2307692	392.2307692
822.6666667	392.7916667
814	396.2727273
820.9111111	397.6888889
811.7	400.9
832	402.5
823	407
814.875	475.125
797	479.5
809.4318182	482.5909091
804.125	484.875
800.4117647	487.6470588
810.4	487.9333333
817.0909091	489.6363636
788.36	490.88
797.0833333	490.8333333
803.8947368	491
811.7241379	493.8275862
808.34375	495.96875
802.8095238	497.2619048
807.1666667	502.4791667
795.8	501.7272727
813.9487179	500.5384615
787.3333333	504.0555556
790.4090909	503.4090909
801.68	506.76
767.125	507.125
784.53125	506.71875
797.3214286	509.7857143
782.5333333	509.7333333
789.8888889	509.3333333
808.245283	511.8679245
813.8947368	511.1052632
802.025	513.55
777.5555556	513.1111111
783.5	515.6888889
789.4166667	514.75
794.1384615	515.3230769
805.9090909	517.0909091
809.6363636	518.3636364
798.9146341	521.9512195
778.3611111	521.4722222
787.2911392	524.3670886
767.125	526.125
781.0434783	525.6521739
789.8059701	531.5522388
770.975	527.825
796.2	528.12
776.6785714	527.7142857
810.4324324	527.4594595
753.7647059	529
784.4666667	532
761.0645161	532.2580645
765.4	532.4
803	532.5
774.1891892	533.5945946
784.3275862	536.7413793
755.8	536.5
760.8666667	539.4666667
778.3781818	547.3636364
807.8571429	540
748.68	541.68
764.9777778	542.9555556
783.6	542.2
757.7	543.9333333
787.0227273	544.2272727
797.037037	545.0740741
805.0952381	543.7619048
764.6078431	549.0784314
791.5740741	547.2962963
803.375	548.45
740.4347826	548.826087
756.2222222	548.1111111
759.8636364	551.8409091
770.2	552.4857143
753.9210526	552.0789474
799	554.5
804.9166667	554.125
790.4074074	556.8703704
750.5245902	557.3278689
819.9473684	558.1578947
805.2105263	558.9473684
757.65625	559.1875
781.65	559.025
809	559.5
762.6923077	560.6923077
776.9090909	560.9090909
722.8181818	562.4545455
766	563.4705882
802.1111111	563.1111111
754.0576923	564.25
775.1891892	566.2972973
786.7115385	565.3461538
780.4642857	568.4464286
792.5862069	566.5862069
753.2142857	569.8928571
723.7179487	567.5641026
746.4375	569.53125
733.1388889	572.4166667
749.8666667	573.6333333
772.125	572.8333333
776.3913043	575
803.0714286	574.0357143
763.5833333	574.75
724.3333333	576.8
728.1034483	576.4482759
797.9444444	577
817	576.7272727
789.725	575.05
784.3076923	579.6923077
791.5	583.9390244
812.1071429	580.6071429
776.9166667	581.9166667
798.6666667	581.6111111
759.2333333	584.3333333
771.7413793	584.2758621
780.7777778	585.9555556
803.7179487	584.4871795
751.0444444	585.4444444
754.8461538	585.6153846
799.3	587.8
758.1975309	590.8888889
778.7096774	590.1612903
771.9555556	592.1111111
795.6363636	593.0909091
803.8322148	595.5167785
789.4444444	595.5972222
815.0769231	595.0384615
776.4883721	596.3488372
782.6811594	595.9275362
771.2380952	598.0952381
752.5277778	599.8333333
796.0727273	600.5090909
812.9428571	600.9142857
774.7837838	602.3513514
752.3673469	606.1428571
818.2105263	602.5789474
697.7674419	604.7906977
726.2	604.9
744.9166667	605.1666667
792.8	607.7272727
759.5	605
705.3333333	607.4393939
747.3076923	602.4871795
799.7941176	608.1470588
754.9230769	610.6538462
681.5757576	611.3333333
760.875	611.875
700.5897436	611.5897436
799.8780488	614.9512195
705.0277778	615.5555556
746.1234568	614.7037037
694.3965517	613.6982759
669.2222222	620.6666667
772.0882353	622.7941176
704.7391304	622.826087
733.7	623.8
699.0229885	626.3333333
712.3333333	627.8571429
706.6666667	629.3333333
814.44	632.64
768.2149533	630.5607477
774.0434783	634.6086957
652.125	633.875
717.5	636.5
874.125	636.875
752.8571429	640
785.9811321	642.7641509
810.3684211	643.2631579
814.32	645.24
845.8888889	645.6666667
722.952381	647.4761905
809.2	647.7666667
663.5	650.3181818
803.9736842	650.9736842
704.125	652.125
714.0930233	652.627907
720.6621622	653.2567568
778.0555556	654.1111111
845.1	653.6
752.0714286	655.1428571
810.2891566	654.3012048
745.875	655.875
882.9090909	655.6363636
707.0909091	657.4393939
599.3333333	658
725	657.5
832.4102564	657.8547009
751.25	659.6666667
712.4814815	661.1851852
776.8181818	663.1818182
845.7916667	662.3958333
703.0731707	665.902439
854.6792453	665.6792453
893.8888889	666.4444444
703.0326087	671.8369565
715.0508475	668.0423729
834.9568733	681.916442
844.7777778	668.1111111
826.1694915	669.4915254
806.2941176	670.6470588
821.3125	672.1875
841	673.21875
846.875	673.875
703.173913	678.1304348
710.6410256	676.3846154
871.5	677
670	677.952381
808.0769231	679.3846154
812.9	677.95
820.4461538	677.9076923
875.3846154	677.6153846
825.6923077	679.4615385
713.4255319	681.8510638
853.5384615	680.7692308
719.3846154	683.6153846
823.3684211	684.1578947
830.5	681.4117647
705.0862069	684.1551724
816	686
830.75	685.5
844.2941176	687.7647059
689.2857143	688.5
711.9285714	688.4
872.1304348	688.7826087
673.1111111	690.6666667
708.4827586	693.5172414
829.55	692.6
718.5365854	695.8292683
832.6	698.925
824.8163265	698.0816327
846	698.5
721.2222222	700.6666667
810.5188679	701.3207547
816.3392857	701.8392857
835.2413793	704.4827586
813.4056604	711.4622642
829.7906977	706.0232558
851	706.8
882.7	709.3
819.5416667	706.0833333
824.2903226	707.5322581
780.875	711.25
828.826087	712.3913043
767.2	712.0333333
859.2	713
631	713.5
817.76	716.24
807.6	715.88
790.5294118	717.7647059
849.1111111	717.6666667
883.3636364	718.4545455
824.5833333	719.7222222
829.72	720.8
814.5714286	720.9795918
808.7105263	722.0263158
735.2142857	723.5
801.3214286	725.5
813.4375	726.625
826.7	727.1
837.5238095	736.952381
930	830
928	835.5
969	848.5
900	870.7058824
890.6666667	885.1666667
886	893.5
890.7692308	896.2307692
921.5384615	902.1538462
873.2	1008
673	1052
926.5217391	1065.130435
923.4230769	1067.769231
682.6363636	1070.090909
761	1077.5
757.5555556	1080.722222
779.6666667	1085.111111
909.8888889	1085.666667
735.98	1086.4
752.5	1085.5
777.3636364	1089.090909
908.5	1089.8
747.875	1091.125
737.5	1091.5
913.8888889	1093.944444
951.9285714	1097.142857
727.8108108	1099.864865
745.7391304	1099.434783
758.5263158	1099.631579
783.6	1101.5
750	1102
946.6666667	1102.733333
731.125	1103.125
766.6666667	1103.666667
737.4166667	1104.166667
756.6363636	1104.454545
761.9444444	1104.194444
744.65625	1107.34375
944.25	1107.375
765.6666667	1109.575758
985.1818182	1110.363636
707.6666667	1111.6
749.1666667	1111.083333
739	1112.375
756.483871	1114.387097
935.1111111	1115.666667
745.402439	1117.158537
752.2631579	1119.210526
758.6153846	1120.461538
762.7647059	1122.882353
741.9459459	1124.189189
951.9090909	1125.363636
705.8333333	1128.416667
719.2142857	1128.5
724.875	1128.125
766	1127.5
712.8958333	1128.6875
734.8666667	1128.533333
993.3333333	1129
744.1	1129.966667
728.9230769	1130.692308
738.3846154	1130.615385
707.8823529	1132.411765
992.8	1133
741.5384615	1133.384615
780.8181818	1133.545455
731.05	1134.65
936.0869565	1134.782609
720.0638298	1136.234043
736.9074074	1136.296296
747.2666667	1136.666667
769.2962963	1135.87037
743.5384615	1138.269231
709.5384615	1139.846154
716.0322581	1140.935484
750.5172414	1142.896552
727.6382979	1146.06383
767.7857143	1146.928571
731.9361702	1148.659574
717.46	1148.02
713.4782609	1154.57971
735.3414634	1153.317073
721.9662921	1154.853933
728.2857143	1157.514286
913.4	1157.6
687	1162.470588
968	1163.2
751.75	1165
704.8846154	1165.730769
760	1166
710	1167
730.125	1166.875
694.8666667	1167.866667
701.3877551	1169.183673
722.5106383	1167.680851
749.9090909	1167.363636
727.2666667	1168.933333
751.25	1170.25
706.6341463	1171.707317
715.7647059	1171.294118
724.2	1172.933333
730	1172.222222
685.7142857	1173.857143
696.5	1174.5
719.1428571	1174.642857
731.8461538	1175.692308
743.3076923	1175
750.6428571	1175.785714
722.1764706	1176.941176
787	1177.2
700	1177.565217
772.35	1182.25
798.3913043	1181.956522
808.2857143	1182.5
754.0833333	1183.75
693.375	1184.4375
713.7222222	1186.111111
761.9375	1186.90625
772.875	1186.125
700.2	1187
695.8636364	1186.590909
794.6730769	1186.076923
684.1818182	1190.454545
663.75	1190.666667
688.125	1191.875
812.3529412	1193.411765
666.75	1195.625
705.1578947	1199.157895
761.8	1200.44
686.4285714	1200.885714
678.9166667	1201.333333
699.8035714	1203.660714
691.3777778	1204.422222
685.0666667	1205.666667
681.4848485	1208.181818
760.3529412	1209.588235
684.3529412	1211.588235
695.3783784	1216.972973
682.6315789	1218.947368
745.1333333	1218.533333
666.68	1223.4
791.25	1225.4375
786.7692308	1226.230769
677.2631579	1227.263158
676.1538462	1231.615385
681.7647059	1234
700.2857143	1234.214286
864	1234
670.6153846	1236.461538
711.8780488	1240.585366
668.8461538	1243.192308
691.7777778	1241.777778
701.3	1243.4
790.3928571	1245.107143
674.6046512	1245.651163
690.76	1248.16
665.5	1251.5
670.7857143	1252.47619
694.1428571	1255
675.2857143	1256.5
712.3846154	1258.538462
804.9452055	1260.410959
671.3333333	1259.62963
672.9655172	1264.37931
848.9014085	1264.15493
808.7368421	1265.947368
833.9285714	1264.607143
707.92	1266.44
813.804878	1266.195122
855.047619	1267.52381
681.3478261	1267.913043
847	1268.933333
838.3333333	1268.814815
843.5	1269.25
655.8888889	1272.555556
679.0526316	1272.526316
672.6111111	1275.055556
800.1	1275.4
806.3883495	1279.300971
681.2857143	1277.5
812.0652174	1278.673913
701.96	1282.72
669.1308411	1283.953271
811.4545455	1288.030303
679.36	1288.7
684.3333333	1288.444444
664.975	1291.75
689.8378378	1290.081081
675.2727273	1293.090909
702.9565217	1292.391304
767.5	1296
838.7222222	1294.944444
842.6	1295.4
660.1	1297.783333
704.5208333	1298.104167
732	1298.5
668.8181818	1298.727273
835.6486486	1300.135135
686.6363636	1301.909091
665.6666667	1303.444444
655.5512821	1305.282051
663.75	1305.583333
696.8	1303.88
647.65625	1306.25
809.826087	1304.478261
680.73	1309.06
695.7941176	1308.264706
757.6666667	1310.055556
661.15625	1313.5
832.5333333	1311.666667
650.5348837	1313.27907
711.7142857	1312.619048
763.2727273	1314.2
700.4782609	1316.826087
708.3076923	1317.076923
842.0833333	1317.833333
705.1666667	1319.722222
662.5	1319.714286
810.3333333	1322.111111
746.8333333	1325
674.6216216	1326.459459
821.6091954	1328.425287
655.4117647	1327.882353
670.3684211	1329.789474
685.5384615	1330.384615
816.2941176	1330.264706
820.625	1332.25
748.2105263	1333.157895
667.4615385	1334.384615
755	1334
829.16	1333.64
659.125	1334.875
676.8461538	1335
745.3333333	1335
760.8024691	1338.604938
870.7058824	1339.470588
675.75	1340.5
744.25	1344.59375
764.3076923	1342.769231
662.1176471	1344.411765
669.2258065	1344.741935
680.3333333	1347.066667
664.5	1349.5
684.4375	1348.8125
880.1304348	1349.565217
667.7142857	1351.571429
680.4	1351.866667
807.8461538	1353.461538
685.4861111	1354.958333
692.6923077	1357
840.8125	1357.625
845.2857143	1357.5
666.3870968	1357.741935
932	1359.272727
930.875	1361.875
832.6	1363.4
847.8918919	1363.432432
965.3846154	1363.615385
897.2222222	1365.222222
879.4090909	1367
902.3	1366.95
735.2954545	1369.772727
848.5333333	1368.666667
874.3777778	1370.022222
892.3793103	1369.137931
864.5333333	1370.333333
886.8666667	1370
927.875	1369.791667
828.2592593	1371.222222
884.097561	1372.195122
731	1372
793.4864865	1374.108108
845.2647059	1372.352941
859.5	1374.1
892.4347826	1374.130435
913.1176471	1374.529412
850	1374
864.0909091	1374.636364
875.8571429	1374.333333
972.9333333	1374.466667
880.3846154	1375.846154
918.4	1375
825.5333333	1377.555556
900.6666667	1376.555556
1007.125	1376.875
795.3478261	1377.652174
841.3076923	1377.230769
800.75	1378.583333
874.1363636	1378.545455
998.5	1379
843.4098361	1381.491803
949	1380
859.1904762	1381.642857
887.2682927	1380.195122
892.3529412	1380.294118
921.9166667	1381.833333
671.125	1383.125
744.4545455	1381.454545
883.2083333	1383
912.28	1383.56
726.9677419	1384.548387
812.6071429	1385.071429
731.75	1384.113636
846.7567568	1386.918919
809.3125	1387.1875
934.0384615	1387.346154
852.5333333	1387.866667
921.8181818	1389.136364
735.9	1389.2
929.375	1389.8125
728.7368421	1390.736842
828.6	1391.4
733	1392.2
686.4705882	1392.529412
736.9565217	1393.130435
790.2222222	1393.5
794	1393.5
849.7368421	1393.842105
942.125	1392.875
838.9027778	1394.083333
954.7142857	1394.5
683.8421053	1395.157895
730.1875	1394.8125
743	1394.666667
831.6153846	1395
855.4390244	1394.658537
888.6470588	1395.647059
913	1396
759.5454545	1396.681818
916.125	1396.875
734.2857143	1399.311688
883.3636364	1397.909091
894.15625	1397.40625
721.8181818	1398.454545
841.8947368	1399.263158
856.5294118	1401.647059
872.875	1402.125
902.625	1401.75
731.1612903	1410
810.0555556	1410.611111
876.95	1411.1
812.7692308	1415.230769
936.6666667	1416.111111
671.6153846	1414.830769
731	1416.333333
906.1111111	1417.666667
914	1419
729.8333333	1420.166667
682.1666667	1422.388889
687.8	1421.314286
665.875	1425.625
915.5	1425.875
813.9714286	1427.685714
913	1427
820.3414634	1429.853659
667.7619048	1431.619048
806.2363636	1431.163636
927	1431
683.7142857	1431.035714
885	1431.5
804.4864865	1437.135135
884.5	1436.769231
683.625	1436.958333
815.0377358	1437.415094
822.48	1436.64
666.5	1440.5
783.3333333	1440.888889
731.8823529	1443.235294
823.9333333	1442.366667
688.8245614	1442.77193
818.875	1444.333333
697.5	1447
821.45	1448.1
825.92	1447.6
831.7894737	1450.22807
826.0416667	1452.333333
821.2941176	1452.882353
811.6666667	1453.074074
823.8333333	1457.555556
676.0957447	1460.138298
821.2666667	1463.833333
826.6428571	1464.571429
767.3461538	1469.115385
811.975	1468.775
753.4444444	1472.111111
811.3666667	1473.466667
761.6451613	1473.806452
677.5	1477.285714
766.9411765	1476.764706
571	1483
889.8181818	1513.272727
889	1517.333333
898.88	1524.68
935.6875	1567.0625
937	1571
892.1111111	1581.333333
896	1584
727.04	1593.84
976	1593.307692
792.35	1597
796.5	1598
723.8727273	1600.6
794.3684211	1607.263158
792.6176471	1611.323529
710.3333333	1613.111111
757.6842105	1616
801.875	1616.875
796.6666667	1618.055556
739.952381	1617.904762
717	1620.75
776.1	1622.2
790.6521739	1622.347826
796.9	1624.6
770.0909091	1628.363636
781.6153846	1628.769231
803	1630.5
712.95	1630.325
785.36	1632
778.6969697	1632.666667
758.3787879	1635.030303
793.4117647	1636.470588
809.6	1636.6
787.4482759	1637.931034
741.5	1639.2
749.4	1639.6
784.6666667	1641.333333
772.1034483	1642.724138
798.4375	1647.9
766.7959184	1644.836735
777.1333333	1645.333333
755.7058824	1646.911765
745.8709677	1649.387097
777.8333333	1650.222222
802.8823529	1655.235294
764.8148148	1654.222222
741.9166667	1654.125
736.8	1656.9
701.4666667	1658.133333
744.3586957	1659.847826
729.9545455	1659.818182
775.4814815	1658.851852
736.3777778	1661.777778
802.2777778	1660.833333
709.1428571	1664.666667
733.1818182	1666.727273
745.96	1666.92
738.275	1668.575
728.375	1670
734.3666667	1673
753.8888889	1671.083333
768.835443	1672.708861
806.3666667	1671.266667
743.2	1673.7
810.2592593	1674.148148
461.6	1675.4
705.6153846	1675.384615
758.5	1675
762.2307692	1675.769231
737.125	1677.59375
566.1875	1677.375
693.6785714	1678.857143
707.2105263	1680.368421
739.5833333	1679.666667
744.2068966	1681.62069
760	1682
651.2	1683
704	1682.8
765	1683
773.5151515	1684.909091
734.8	1685.9
749.852459	1686.016393
749.0241935	1693.733871
756.125	1687.9375
494.4736842	1689.666667
740.0769231	1693.076923
637.5	1695.2
703	1696.5
738.7857143	1696.785714
657.32	1698.6
671.2	1699
695.0555556	1699
743.1111111	1698.555556
767	1698.8
471.6363636	1700.090909
755.4193548	1701.419355
492	1703
728.375	1702.375
741.9090909	1702.636364
770.5	1703.285714
455	1703.5
497.5	1704
733.1052632	1703.684211
1008.368421	1703.368421
507.95	1706.15
712.625	1706.5
436.5428571	1708.085714
739.8139535	1708.790698
809.862069	1708.597701
455.6111111	1711.277778
588.2727273	1712.090909
764.826087	1713
504	1714.678571
731	1717.5
763.5	1718.5
485.25	1720.15
707	1720
498.6851852	1718.907407
510	1720.9
475.7777778	1721.666667
715.2884615	1723.134615
479.2941176	1723.882353
783.5142857	1725.8
463	1725
495.1803279	1724.377049
502.1463415	1727.853659
770.6363636	1729.090909
717	1732
488.3125	1733.4375
526.0454545	1732.909091
710.5833333	1733.416667
730.4074074	1733.037037
519.4375	1734.25
492.9230769	1734.692308
787.9166667	1735.291667
503.4594595	1736.108108
718.2758621	1736.793103
742.7926829	1736.719512
808.9047619	1739.047619
522.9836066	1738.131148
792.6428571	1738.678571
721.0625	1741.520833
786.4186047	1741.348837
810.5	1742.2
715	1744.038462
482.5	1744.5
709.125	1745.041667
719.4210526	1746.421053
525.8333333	1747.625
743.5151515	1748.212121
651.1052632	1749.631579
704.6666667	1750.066667
739.4545455	1750.227273
488.6666667	1751.111111
663.3584906	1751.45283
632.4666667	1751.9
715.2857143	1751.357143
656.2352941	1755.779412
742.6363636	1753.090909
667.4666667	1755.666667
641.9365079	1753.84127
649.2075472	1755.301887
747.2857143	1755.571429
765.5714286	1755.642857
805.1111111	1754.333333
635.5689655	1758.155172
737.375	1756.208333
626.5555556	1757.277778
660.6	1758.4
357.8	1759
513.6538462	1758.730769
518.5	1759.2
750.9545455	1759.136364
617.5	1759.105263
623.8679245	1761.490566
739.2727273	1761.045455
709.8529412	1764.313725
934.2	1762.5
508.4090909	1762.954545
753.9285714	1763.142857
703.5	1763.5
748.5	1764.363636
808.1111111	1766.333333
629.037037	1767.166667
654.7647059	1768.176471
664.9090909	1768.041322
489.375	1769.25
503.0666667	1768.933333
700.85	1769.3
816.1153846	1768.480769
853.1	1770.2
507.1578947	1771.157895
510.6363636	1770.363636
735.3	1771.2
744	1770.826087
710.8095238	1771.52381
510.3846154	1774.538462
649.1428571	1773.857143
714.84	1773.72
962.8421053	1774
514.75	1773.916667
615.1428571	1774.928571
678.25	1775.625
817.9354839	1774.903226
733.1363636	1776.227273
642.037037	1777.296296
655.4166667	1779.833333
668.9875	1781.45
677.7058824	1780.647059
698.8	1781
715.9444444	1781.018519
726	1781
730.9534884	1782.511628
702.725	1782.875
708.5952381	1782.97619
774.2	1784.066667
635.5	1784.857143
663.7058824	1786.705882
749.5	1786
587.3461538	1787.884615
593.3636364	1788.666667
751.1	1789.8
775.6315789	1789.131579
655.25	1789.75
739.5333333	1790.333333
735.4545455	1791
746.4	1791.733333
771	1791.8
542.9473684	1795.105263
753.1363636	1793.727273
707.4655172	1795.103448
646.2956522	1795.556522
722.5	1796
748.8888889	1797.777778
705.4	1799.52
580.1686747	1799.891566
586.7906977	1800.023256
695.7692308	1800.230769
740.8461538	1800.769231
632.2166667	1802.466667
640.2631579	1801.842105
666.2608696	1802.73913
636.6956522	1803.434783
656.4177215	1803.037975
674.7446809	1804.361702
588.3529412	1805.470588
773.9230769	1805.769231
654.0357143	1807.678571
687.2222222	1807.333333
691.04	1807.6
584.4666667	1807.933333
601.4857143	1809.085714
700.4756757	1808.827027
588.8461538	1809.615385
593.7272727	1808.818182
667.0057471	1810.850575
733.125	1808.875
677.12	1810.28
683.0857143	1809.714286
567.7912088	1813.89011
596.3333333	1812.666667
605.3333333	1811.444444
629.9375	1813.125
690.7222222	1813.694444
625.3125	1813.65625
686.2352941	1813
756.7	1815.3
374.125	1815.875
599.125	1815.875
683.5	1816.666667
749.0454545	1816.454545
603.1515152	1816.909091
656.4390244	1816.658537
561.54	1817.52
623.2375	1820.875
736.45	1819.75
583.7681159	1819.884058
671.6	1820.4
592.4	1820.68
569.317757	1826.523364
823.2272727	1824.909091
587.1071429	1826.178571
597.4545455	1826.878788
653.8421053	1824.052632
760.7727273	1826
592.7758621	1828.344828
659.1395349	1826.883721
756.2857143	1826.678571
390.9285714	1828.857143
536.9333333	1828.1
602.96	1827.76
705.04	1828.16
653.6111111	1830.166667
556.05	1830.1
564.7021277	1830.085106
614.8461538	1828.384615
673.8	1829.7
550.8421053	1831.578947
604.76	1831.6
688.2380952	1832.904762
755.3461538	1831.653846
825.2307692	1831.820513
535.8125	1833.1875
730	1833.210526
555.1052632	1834.210526
755.9166667	1836.083333
819.6666667	1833.166667
594.2962963	1835.333333
630.125	1836.125
784.8	1835.2
830.625	1836.775
549.7419355	1837.322581
779.25	1837.875
815.9459459	1838.405405
686.0909091	1837.636364
566.0769231	1838.769231
822.9333333	1839.4
474.4736842	1840.157895
499.5	1840.5
630	1841
554.5	1841.458333
835.1578947	1841.315789
584.5714286	1842.047619
829.4347826	1841.869565
524.6086957	1842.521739
810.4583333	1843.375
754.0857143	1844.414286
576.125	1847.125
591	1846.756757
595.75	1847.583333
672.2857143	1848.571429
784.0816327	1850.040816
739.6521739	1851.652174
374.7	1852.3
790.4210526	1854.438596
586.8630137	1856.69863
594	1855
674.6428571	1855.785714
784.24	1857.4
546	1858.5
852.875	1859.333333
572.8125	1860.625
740.59375	1860.125
828.8333333	1859.222222
586.4782609	1863.086957
869.6	1862.933333
582.3666667	1865.9
590.3103448	1864.931034
543.7857143	1867.357143
817.5666667	1866.933333
627.8461538	1868.346154
594.0465116	1868.581395
582.2	1870
797.9666667	1869.166667
587.4102564	1870.589744
416.9473684	1873.368421
622.2	1873.7
583.4736842	1874.052632
842.888	1876.68
850.6206897	1878.356322
804.7857143	1877.5
822.3235294	1876.764706
983.3529412	1876
586.2	1876.7
793.6923077	1878.707692
788.862069	1882.827586
651.4358974	1882.923077
866.5	1882.285714
817.5	1883.5
836.0666667	1885.1
757.3928571	1884.928571
598.4	1885.6
617.9166667	1885.833333
831.1052632	1886.8
658.6363636	1887.909091
763.0769231	1887.423077
600.3125	1889.9375
682.34375	1889.46875
758.7857143	1889.821429
792.2222222	1890.685185
840.9649123	1889.929825
764.15	1892.25
836.3913043	1892.826087
677.72	1892.84
759.75	1894.4375
858.675	1897.425
799.9375	1897.0625
848.2037037	1901.444444
862.1538462	1900.461538
683	1902
794.3510638	1900.478723
605.0526316	1901.736842
797.4	1909.4
800.9285714	1911.321429
832.3972603	1911.739726
622.5357143	1912.571429
837.2333333	1915.6
739.1	1915.95
780.6875	1915.6875
847.8285714	1915.085714
776.516129	1918.225806
872.6296296	1918.740741
877.9411765	1921
839.5438596	1922.807018
847.1	1924.1
882.25	1923.875
605.75	1924.125
699.8382353	1925.191176
850.625	1926.25
562.8095238	1926.952381
914.4	1926.6
878.0217391	1929.652174
597.7222222	1929.833333
602.84375	1930.75
608.1875	1931.625
591.0714286	1933.071429
839.2666667	1934.183333
694.8648649	1938.081081
855.2	1934.8
692.1538462	1937
849.3285714	1937.871429
545.75	1938.4375
673	1939.363636
842	1941.117647
856.7580645	1940.919355
833.0714286	1941.142857
676.2608696	1943
606	1943.166667
768.1612903	1945.354839
832.3589744	1946.538462
856.9066667	1947.76
701.875	1948.875
841.7142857	1948.535714
862.9090909	1949.363636
610.1111111	1951.222222
792.55	1950.15
780.3333333	1952.366667
787.2222222	1953.296296
796.0322581	1952.548387
731.03125	1955.21875
772.525	1952.975
833.6428571	1953.678571
726.195122	1958.195122
582.1785714	1957.214286
767.5652174	1958.855072
760.6111111	1959.027778
842.1917808	1958.794521
896.2758621	1962.482759
766.25	1963.45
640.9411765	1965.235294
891	1964.826087
452.5	1966.285714
602.4230769	1967.5
786.5	1966.5
597.902439	1970.634146
708.25	1969.704545
583.4615385	1970.846154
868.625	1971.175
588.862069	1972.051724
558	1973.375
798.0727273	1970.527273
605.9111111	1973.688889
582.5	1975
844.5882353	1976.676471
740.4166667	1977.75
757.24	1977.78
752.2941176	1979.294118
796.75	1978.71875
757.9833333	1984.816667
587.5	1985
747.8076923	1985.846154
876.3478261	1985.391304
590.6666667	1988.111111
775.4375	1989.875
871.8125	1989.8125
759.8275862	1991.034483
882.5	1991.96875
749.1772152	1991.708861
754.6153846	1992.538462
764.2727273	1992.863636
772.1111111	1992.722222
852.3846154	1993.615385
777.95	1993.15
757.9	1996.075
579.5	1996.285714
886.6666667	1996.333333
870.7	1996.15
786.2222222	1996.888889
875.5	1998.785714
745.8695652	1999.782609
789.4736842	1999.842105
741.6666667	2001.333333
809.1111111	2001.666667
872.5172414	2001.275862
767.5833333	2007.125
762.675	2009.075
892.0204082	2008.367347
844.3076923	2009.769231
836.0714286	2012.857143
840.25	2014.25
653.125	2016.875
657.5833333	2018.708333
854.3611111	2019.555556
626.7272727	2023.909091
840.85	2023.85
816.1538462	2032.538462
826.875	2037.875
920.6363636	2037.454545
605.3243243	2040.054054
760.0526316	2043.368421
708	2043.583333
871.5	2043.714286
721.9615385	2044.961538
874.5	2044.75
608.0967742	2046.193548
716.8529412	2046.882353
831.7333333	2045.666667
870.3076923	2049.269231
586.5882353	2048.882353
841.6	2051.4
581.6829268	2051.634146
820.1388889	2053.527778
620.5	2052.5
787.4666667	2052.333333
793.5789474	2054.105263
873.6	2055.066667
617	2060
840.9166667	2059.75
708.1052632	2061.578947
791.8108108	2061.081081
767.5294118	2062.176471
576.1111111	2064.888889
629.125	2065.125
605.0697674	2066.581395
610.04	2066.16
598.24	2072
809.775	2071.975
632.5	2072.5
813	2073.692308
791.8888889	2076.888889
602.7	2077
852.1666667	2077.416667
805.08	2079.24
1067.692308	2079
811.0294118	2081.029412
576.3103448	2081.62069
815.6363636	2081.363636
807	2084
825.1	2084.7
850.18	2084.52
1052.916667	2085.416667
574.25	2088.125
786.2682927	2087.780488
791	2089
798.4814815	2087.444444
1049.26087	2090.086957
1055.125	2090.125
750.625	2090.75
824.4705882	2092.176471
694	2096.5
606.8181818	2098.181818
1012	2099
603.952381	2100.380952
373.8421053	2101.421053
622.5833333	2102.25
606.3333333	2104.266667
625.962963	2105.037037
877.1666667	2106.083333
602.6785714	2107.714286
830.1724138	2107.896552
608.5454545	2111.090909
776.2307692	2111.423077
602.25	2115.125
795.5833333	2116.25
1039.416667	2119.25
788.1463415	2121.073171
596.8205128	2126.897436
723.7857143	2124.547619
778.5	2126
775.5333333	2127.866667
714.0346154	2133.569231
861.1714286	2127.8
606.125	2129.125
787.4615385	2128.846154
709	2129.642857
629.875	2131.875
728.6684783	2135.820652
782.4	2130.25
891.9230769	2131.384615
788.1612903	2133.225806
954.9166667	2133.083333
370	2135.5
597.9411765	2136.235294
743.2333333	2136.266667
749.3921569	2136.117647
738.9677419	2138.645161
781.8333333	2138.305556
856.6666667	2138
863.9090909	2139.090909
860.1666667	2139.833333
742.4375	2142.84375
791.5882353	2140.705882
857.5128205	2144.076923
755.2857143	2144.642857
855.8571429	2150.071429
777.95	2152.9
952.3846154	2152.846154
732.1052632	2154.421053
772.6	2158.933333
685.8461538	2161.538462
788.5	2163.7
600.0666667	2165.733333
816.9285714	2170.285714
563.8888889	2170.666667
609.6666667	2170.533333
602.3939394	2172.363636
628	2172
681.6153846	2172.538462
594.8695652	2172.478261
695.0740741	2174.407407
468.4736842	2175.368421
677	2176.375
818.53125	2176.6875
600.0222222	2178.266667
579.5833333	2181.25
769.1111111	2180.666667
831.5714286	2180.547619
610.1111111	2181.666667
821.5263158	2182.315789
591.5	2183.055556
468.5	2183.5
596.0789474	2183.5
734.1428571	2183.857143
816.7857143	2186.357143
827.9	2185.4
770.28	2186
822.6666667	2185.777778
834.1785714	2186.339286
706.4444444	2188.777778
778.25	2189.666667
802.76	2190.32
768.4642857	2192.571429
801.8571429	2194.809524
915.8	2195
584.5925926	2195.259259
592.6888889	2193.644444
774.1162791	2195.44186
812.2857143	2198.5
764.5526316	2198.552632
770.3947368	2199.368421
589.7058824	2202.705882
755.6309524	2201.321429
772.2580645	2204.33871
779.5454545	2202
814.7647059	2202.529412
596.6296296	2205.592593
765.1527778	2208.138889
751.2413793	2208.689655
816.7894737	2208.052632
824	2207.5
758.1071429	2208.107143
820.7	2208.2
838.3870968	2209.580645
846.7428571	2210.542857
873.3571429	2211.428571
756.2115385	2214.230769
773.8604651	2213.406977
831.9583333	2211.583333
765.52	2214.16
746.2352941	2216.382353
601.2608696	2217.565217
816.6	2217.4
875.5	2219.214286
728.2574257	2220.693069
755.974359	2219.897436
723.24	2222.12
339	2224
760.3030303	2224.454545
597.8305085	2227.067797
875.7142857	2224.5
591.6153846	2227.384615
870.5	2227.285714
562.5	2227.107143
803.4782609	2227.73913
860.6111111	2227.666667
740.6470588	2228.676471
740.9090909	2233.909091
851	2233.5
956.375	2236.25
876.4	2236.6
768.34375	2236.96875
882.8571429	2238.714286
892.9393939	2239
595.0833333	2240.916667
601.875	2240.125
802.5555556	2240.648148
873.2857143	2240.642857
887.4375	2240.4375
765.9142857	2241.6
815.1904762	2240.952381
543.6285714	2243.685714
610.5	2245.5
770.097561	2246.219512
601.173913	2246
762.9230769	2246.307692
842.5454545	2244.681818
872.4727273	2246.709091
775.6464646	2248.848485
843.0714286	2247.857143
656.5	2248.166667
660.1818182	2248.5
756.7166667	2247.833333
849.952381	2248.857143
600.0555556	2250.388889
843.32	2251.04
884	2251.5
769.4074074	2253.666667
737.7272727	2255.954545
747.5	2256
877.6666667	2255.627451
883.0357143	2258.821429
873.7	2259.7
1001.769231	2261.346154
793.6363636	2261.787879
754.5384615	2263.615385
872.125	2264.875
747.3692308	2268.707692
739.8333333	2270.733333
754.8181818	2272.030303
749.4594595	2274.513514
763.4765625	2278.5625
742.2692308	2277.423077
747.4285714	2279.190476
701.5	2282.5
737.4516129	2283.709677
779.0784314	2282.647059
769.2826087	2285.956522
749.796875	2287.71875
651.1176471	2288.647059
856.7733333	2292
638.4545455	2290.818182
889.875	2290.875
768.7941176	2292.176471
643.6	2293.733333
777.7173913	2293.945652
787.5652174	2293.913043
750.7	2295.233333
648.28	2296.88
802.6875	2296.9375
680.6666667	2298.25
808.875	2297.875
652.0512821	2299.538462
659.5384615	2300.192308
763.0952381	2300.095238
846.4814815	2299.444444
679.3157895	2301.684211
756.6315789	2302.210526
624.875	2303.125
851.5	2302.5
868.3157895	2303.105263
628.5	2304
777.7647059	2304.294118
760.0294118	2305.470588
799.4074074	2305.074074
856.8095238	2304.952381
636.3333333	2306.666667
686.225	2306.575
785.1818182	2306.818182
861.1304348	2306.565217
657.8709677	2308.741935
736.6666667	2308.333333
666.9375	2310.125
810.5714286	2314.285714
679.6666667	2316.044444
726.875	2316.25
809.6363636	2317.727273
692.2647059	2317.882353
704.96	2318.6
723.8235294	2319.235294
684.8205128	2319.538462
772.7647059	2320.294118
765.4	2323.4
762	2326
858	2327
754.6190476	2332.047619
835.3103448	2330.827586
832.0338983	2333.728814
695.3571429	2334.214286
820.8518519	2334.481481
756.3366337	2339.118812
768.5824176	2341.978022
705.5	2343.75
899.2307692	2345.769231
902.6190476	2347.285714
807.8181818	2351.69697
749.3333333	2350.733333
900.8333333	2351.5
750.52	2355.4
910.5862069	2364.482759
740.2340426	2375.93617
707.95	2376.75
690.5	2378
736.5	2378.9
738.3333333	2381.875
703.8888889	2381.277778
669.8095238	2383.52381
674.375	2383.9375
686.8461538	2382.615385
695.5555556	2381.5
656.25	2387.25
693.6666667	2387.785714
770.95	2386.9
687.2325581	2391.674419
737.9375	2400.3125
754.7117117	2403.711712
618.3	2401.1
749.4736842	2401.789474
878.8684211	2401.710526
669.9310345	2403.206897
879.875	2406.791667
672.92	2407.64
762.8	2410.3
758.6875	2411.5
716.362069	2412.913793
610.0833333	2415.166667
708.5	2422.5
862.5	2423
817.4166667	2424.208333
824.7532468	2425.233766
913.3461538	2426.346154
908.2857143	2427.380952
681.7	2431.2
690.875	2430.875
906	2431.62069
686.5	2431.5
811.9166667	2431.666667
644.125	2432.875
608.0285714	2433.428571
687.0666667	2437.233333
901.8243243	2436.405405
896.2906977	2440.348837
984.2727273	2437.954545
691	2439
946.3846154	2438.615385
662.4	2441.1
822.3809524	2440.761905
707.6153846	2441.615385
641.1818182	2442.709091
649.2631579	2447.118421
655.7272727	2449.909091
817.7115385	2452
857.1578947	2449.947368
806.875	2452.125
812.3870968	2454.741935
854.7714286	2454.257143
824.1	2455.2
796.8095238	2457.047619
910.3928571	2457.035714
883	2458.5
906.5	2459.678571
781.1428571	2466
891.1047619	2466.285714
828.1935484	2469.032258
542.1538462	2470.538462
780.6129032	2471.16129
892.9347826	2473.195652
884.5	2471.113636
782.826087	2474.73913
742.1851852	2474.407407
775.6923077	2474
819.25	2477.25
739.7	2479.05
774	2478.173333
639	2479.5
786.9090909	2479
814.3333333	2480.8
742.7166667	2483.6
794.7	2483.775
752.8181818	2486.454545
788.875	2486.041667
748.9090909	2487.909091
632.875	2489.125
475.2	2491.4
648.5333333	2493.44
721.1176471	2495.882353
750.1555556	2497
690.2	2501.894737
745.4615385	2499.384615
811.0909091	2501.272727
750.0517241	2503.396552
891.3846154	2502.615385
692.4642857	2507.107143
819	2504
879.8333333	2505.428571
811.125	2507
772.4137931	2508.931034
611.8888889	2510.888889
699.5	2510.1875
747.1290323	2508.790323
481	2512
608.0526316	2513.473684
615.3571429	2513.642857
694.1176471	2512.705882
806.9722222	2513.305556
1016.5	2514.777778
735.7272727	2517.5
607.8181818	2517.545455
702.7692308	2518.846154
811.2432432	2518.864865
965.4615385	2519.153846
611.8484848	2519.272727
770.8571429	2526.428571
798.4	2527.6
613	2529
715.5	2529.5
514.5	2532.214286
702.9545455	2532.272727
891.7777778	2531.555556
880.1428571	2535.761905
821.7560976	2536.853659
876.7333333	2536.333333
651	2539.5
701.8888889	2543.666667
728.2	2544.914286
824.875	2546.875
821.6666667	2547.888889
876.8666667	2548.6
760	2552.5
780.5384615	2555.153846
727.6125	2560.85
734	2563.518519
813.2857143	2574.357143
818.2115385	2577.942308
807.3823529	2579.088235
804.3958333	2582.958333
815.8392857	2584.75
500.5	2586.5
650.4	2590.48
808.7096774	2599.258065
811.9473684	2603.210526
698.1052632	2603.578947
793.2195122	2603.097561
967.3513514	2624.918919
964.9090909	2629.636364
919	2633
874.875	2634.125
832	2637
836.1818182	2638.454545
829.5757576	2641.060606
866.6875	2642.8125
956.0333333	2642.4
885.6666667	2642.888889
832.4666667	2644.666667
961.8	2643.733333
803.5681818	2645.545455
824.48	2645.773333
866.0769231	2647.346154
959.5384615	2648.307692
957	2651.166667
967.5	2651
799.125	2656.125
736.125	2658.125
802	2658
734.1333333	2660.933333
690.1	2663.45
826.6170213	2663.234043
731.4285714	2665.619048
803.4090909	2664.909091
470	2667.5
724.8571429	2666.785714
807.4177215	2670.468354
968.6071429	2667.178571
690.1891892	2669.432432
694.3846154	2668.384615
800.2272727	2669.659091
837.3846154	2668.615385
742.6666667	2671.333333
862	2672.384615
910.9444444	2671.888889
686.75	2673.375
692.4444444	2675.666667
854.6666667	2679.177778
694.1875	2679.625
868.5	2679.05
863.1818182	2680.636364
685.7	2682.4
690.1818182	2682.454545
678.7619048	2682.428571
672.3	2684.8
870.6363636	2685.090909
669	2686.333333
726.75	2687.416667
719	2689
666.6363636	2690.545455
876.5	2693
661.7142857	2694.5
722.3877551	2691.836735
665.3611111	2697.388889
722.5384615	2699.076923
752.0909091	2698.090909
866.5	2699
876.4705882	2697.088235
811.8275862	2702.37931
726.2857143	2701.25
738.8571429	2702.6
807.4375	2705.229167
664.8888889	2706.444444
725.8035714	2706.607143
735.5	2707.666667
732.6415094	2710.509434
739	2710.5
727.5	2712.25
664.25	2717.916667
332.6470588	2719.529412
731.5625	2717.0625
545.125	2720.875
734.7368421	2723.631579
453.5833333	2726.25
740.1351351	2723.216216
1027	2726
661.1666667	2727.111111
737.3061224	2730.693878
783.974359	2727.74359
863.0909091	2731.090909
813	2732.2
763.7916667	2733.291667
901.4736842	2733.631579
500.6666667	2735.333333
771.875	2735.125
768.05	2735.95
741.9090909	2736.636364
736.3870968	2740.193548
444.95	2741.4
418.9714286	2741.057143
961.1578947	2741.157895
661.1	2742.3
806.0714286	2742.785714
733.7727273	2745.727273
741.2222222	2745.888889
660.3333333	2746
536.5	2746.8
736.4782609	2747.782609
856.8	2746.983333
505.7142857	2748.5
748.7	2749.05
896.875	2749.125
1014.2	2749.3
869.7647059	2750.152941
408.5	2751
510.5641026	2751.641026
537.0952381	2751.380952
551.7826087	2750.869565
661.68	2750.64
774.5	2750.5
666.6	2751.4
859.5	2753
773.8	2753.4
527.56	2754.88
744.2666667	2754.666667
882.6226415	2753.754717
878.4565217	2755.217391
490.3	2756.7
510.1875	2757.208333
730.0952381	2760.380952
911.0333333	2758.833333
929.7222222	2761.333333
877.5	2762
1040.636364	2761.909091
856.1818182	2763.454545
534.8666667	2764.533333
728.5384615	2764.615385
811.2272727	2765.772727
815.7419355	2765.129032
883.5	2765.2
909.675	2764.25
720.4615385	2766.307692
513.6666667	2767.333333
764.56	2767.32
915.6	2767.828571
505.5483871	2769.290323
730	2769.407407
908.047619	2771.571429
569.826087	2771
1043.529412	2770.882353
1047.5	2771.2
670.1296296	2772.592593
764.6538462	2771.730769
894.8695652	2772.304348
477.0581395	2775.44186
663.9795918	2772.734694
731.6944444	2774.416667
815.4	2774.666667
749.6233766	2776.915584
924.4074074	2775.074074
735.4242424	2777.242424
917.0869565	2775.246377
480.2352941	2778.352941
847.12	2776.84
867.1363636	2777.272727
505.6226415	2778.226415
897.6	2778.428571
667.1315789	2780.078947
742.5277778	2780.055556
789.5166667	2781.433333
816.6666667	2782.533333
891.9113924	2782.189873
925.34	2781.76
795.7727273	2782.772727
822.90625	2783.28125
505.5	2786
514.5789474	2784.894737
752.15	2785.5
827.5185185	2785.296296
1012.125	2784.5
509.5454545	2785.818182
775	2786.5
817.6190476	2787.238095
667.2941176	2787.294118
671.3333333	2785.944444
748.4	2787.25
859.9166667	2787.083333
921.826087	2788
1076.888889	2788.666667
511.3829787	2789.617021
784.4	2790.666667
831.2222222	2790.5
915.7857143	2790.285714
840.9	2792.133333
1010.24	2792.2
664.875	2793.125
751.4444444	2794.388889
511.7407407	2794.814815
767.8571429	2795.928571
814.4636364	2796.572727
834.3333333	2794.916667
846.328125	2794.140625
671.2459016	2796.327869
915.2941176	2795.676471
1099.125	2795.875
662.1071429	2795.928571
759.3947368	2797.184211
860.4666667	2796.866667
495.3636364	2798.090909
823.5555556	2799.777778
763.4545455	2800.818182
860.6578947	2801.5
758.7931034	2802.793103
883	2802.2
866.5	2803.934783
512.9	2804.8
592.4666667	2805.333333
665.75	2804.4375
516.5	2805.8
191.6363636	2806.909091
586.7555556	2806.955556
761	2806.5
500.56	2808.2
664.15	2808.35
669.4411765	2808.176471
718.6309524	2806.369048
779.5245902	2810.393443
710.6666667	2810.266667
726.3902439	2808.414634
820.2941176	2808.411765
696.516129	2809.516129
701.04	2809.68
828.4545455	2810.363636
715.2105263	2811.157895
754.5909091	2811.272727
497.4166667	2812.166667
705.4705882	2812.607843
691.4242424	2812.969697
773.7368421	2814.631579
697.2586207	2816.206897
722.0833333	2815.5
815.2352941	2815.176471
668.0196078	2815.960784
727.6	2816.18
840.5555556	2815.666667
716.7692308	2816.961538
782.25	2816.583333
511.3636364	2817.909091
731.4891304	2822.336957
708.4827586	2818.034483
696.1666667	2820.958333
892.7534247	2818.178082
670.0555556	2821.777778
689.7027027	2821.972973
714.1428571	2820.342857
756.25	2820.166667
897.4444444	2821
495.1304348	2821.231884
646.5757576	2822.030303
703.78125	2820.46875
484.1428571	2823.642857
718.2105263	2823.105263
722.5333333	2822.666667
959.4666667	2823.333333
519.3333333	2823.888889
541.6153846	2824.384615
708.72	2823.68
846.98	2825.12
851.9019608	2823.411765
695.0666667	2824.8
712.9285714	2825.928571
725.6923077	2825.769231
476.4102564	2825.589744
720.8571429	2825.857143
670.6111111	2827.277778
731.8108108	2829.162162
684.6428571	2828.321429
717.3	2828.4
502.1904762	2828.952381
522.3548387	2827.967742
676.2777778	2828.777778
757.2173913	2829.130435
810.3571429	2829.214286
722.4666667	2830.1
726.55	2830.25
711.1481481	2829.925926
762.8181818	2831.5
769.9016393	2831.852459
807.6153846	2832.538462
870.2307692	2833.666667
918.7272727	2832.727273
574.75	2833.333333
715.0714286	2833.285714
720.16	2833.72
730.125	2835.875
754.3809524	2835.095238
826.8	2834.3
480.5	2835.192308
770.9	2836.6
850.5384615	2835.153846
865.2608696	2834.652174
764.2241379	2837.465517
920.0909091	2836.363636
571.2714286	2839.071429
489.2	2838.1
477.6666667	2839.185185
549.6	2838.016667
589.3717949	2841.230769
511.7169811	2841.037736
625.5428571	2839.571429
726.5384615	2840.538462
823.4761905	2839.095238
815.6732673	2846.306931
925.8767123	2841.753425
199.7777778	2843.444444
501.6470588	2843.470588
594.7297297	2843.756757
820.7878788	2844
507.8125	2844.1875
720.9	2844.2
765.0909091	2844.363636
890.7142857	2844.5
520.05	2845.1
897.6	2844.6
715.8	2845.5
919.7857143	2847.071429
585.3488372	2849.418605
759.0344828	2849.206897
894.1	2849
898.6153846	2850.589744
492.25	2852.5625
728.6129032	2852.548387
1071.333333	2851.888889
762.96	2852.6
996.875	2853.125
507.8	2855
921.2571429	2853.828571
897.8823529	2856.411765
481.45	2857.45
816.4117647	2858.058824
531.2903226	2860.645161
547.1688312	2861.896104
766.5	2861.5
864.4666667	2863.666667
486	2863.5
489.7608696	2862.26087
816.1176471	2865.588235
772.3636364	2866.909091
497.0185185	2869.814815
860.4318182	2868.272727
502.2264151	2871.179245
769.8421053	2870.473684
775.2222222	2869.296296
492.5625	2873.25
1016	2872.5
829.6666667	2873.52381
867.8867925	2874.018868
755.8823529	2873.117647
863	2876.166667
815.362069	2875.655172
759.9122807	2884.508772
834.4615385	2877.615385
767.8913043	2885.228261
828.9230769	2878.153846
867.1578947	2879.157895
593.8571429	2879.809524
778.1875	2879.6875
806.1111111	2884.444444
849	2883.5
551	2885
867	2885
864	2886
800.9032258	2887.290323
806.0909091	2888.636364
758.65	2890.6
796.8275862	2890.896552
847.4375	2891.125
369.3333333	2892.75
778.1612903	2893.806452
784.5454545	2895.472727
800.8823529	2894.529412
1005.5	2893.454545
526.6086957	2895.217391
792.7017544	2894.929825
851.5	2894.5
585.7142857	2896.5
531.5	2897.5
795.2142857	2899.428571
515.2	2899.5
743.4117647	2900.058824
780.9230769	2899.923077
840.4864865	2899.243243
847.2	2898.085714
811.9	2899.95
904.8208955	2901.089552
860.125	2901.125
850.8148148	2902.666667
842.3333333	2904.69697
513.4545455	2905.181818
725.1230769	2905.276923
754.1818182	2906.545455
550.825	2907.875
720.516129	2909.258065
807.2	2910
835.2702703	2910.081081
1004.333333	2911.888889
525.5	2912.8
531.64	2913.52
540.2280702	2914.087719
724.2380952	2916
497.4	2916.6
747.0833333	2916.916667
799.3809524	2918
834.7868852	2918.180328
783.9090909	2920.818182
533.6153846	2922.384615
718.6	2921.4
792.9705882	2926.323529
791.0769231	2931.653846
769.2692308	2935.038462
845.875	2935.125
764.6944444	2935.638889
777.1052632	2936.157895
767.8333333	2940.208333
844	2939.5
835	2944.5
461.1304348	2955.304348
837.6363636	2958.909091
907.28125	2963.09375
892.5135135	2964.540541
765.4166667	2964.916667
769.7058824	2964.764706
768.5789474	2968.473684
763.8571429	2968.914286
885.3333333	2971.111111
900.9090909	2971.909091
892.2631579	2975.842105
988.4	2979.25
597.8275862	2979.310345
889.7671233	2982.369863
476	2983.5
1112	2983.5
709.875	2984.125
610.125	2988.125
809.5	2992.555556
880.2	2994.771429
873.5	2998.5
893.7692308	2997.461538
856.6666667	3000
866.4230769	2999.346154
906.7297297	2998.5
883.9090909	2999.909091
878.1351351	3001.324324
861.4375	3000.9375
863.9090909	3006.090909
905	3006.093023
913.1428571	3009.035714
973.6470588	3009.529412
737.8947368	3009.578947
730	3010.619048
868.3076923	3011.115385
887.8181818	3011.666667
735.6764706	3015.132353
878.5454545	3014.636364
901.6346154	3015.596154
729.3684211	3018.526316
737.5277778	3020.333333
874.4390244	3018.609756
866.7536232	3017.695652
860.4246575	3021.972603
724.4716981	3020.886792
907.8571429	3020.928571
868.6111111	3024.111111
892	3022.5
730.5454545	3023.909091
850.826087	3024
720.9428571	3024.371429
755.2	3024.56
747	3026
850.6190476	3028.190476
864.4666667	3028.2
912	3026.8
898.5820896	3028.134328
896.5555556	3031.277778
733.6363636	3031.409091
857	3030.666667
903	3032.444444
920.2105263	3031.052632
777.7804878	3034.658537
924.0555556	3034.583333
860.5416667	3036.166667
913.12	3037.48
919.9333333	3038.133333
145	3039
581.2777778	3039.5
847.25	3040.5
882.8333333	3040.277778
843.75	3041.666667
785.1538462	3041.846154
693.5652174	3043.826087
780.7307692	3044.538462
724.1428571	3044.928571
780.7	3047.7
786.6590909	3046.590909
841.5652174	3045.434783
699.75	3046.3125
686	3048.8
743.4705882	3048.352941
777.1818182	3048.545455
767.6666667	3048.888889
872.5172414	3050.862069
688.6666667	3052.75
741.8095238	3053.428571
723.8333333	3052.916667
888.2368421	3051.842105
696.8333333	3054.416667
864.6041667	3056.25
722.2666667	3055.933333
735.1527778	3058.888889
683.9387755	3057.530612
690.95	3058.525
743.3448276	3057.793103
881	3057.5
887.8333333	3058.416667
697.4583333	3059.166667
749.875	3060.125
744.7333333	3062.133333
868.1034483	3061.482759
787.7333333	3062.666667
739.6	3063.6
755.15	3063.55
769	3065.647059
701.7692308	3067.384615
688.1363636	3066.627273
749.9047619	3070.619048
754.7083333	3070.041667
670.4545455	3070.672727
694.1212121	3072.939394
711.9090909	3074.272727
753.7272727	3073.727273
667.6875	3075.8125
672.3181818	3075.727273
685.0384615	3078.692308
738.8709677	3081.903226
621.4814815	3082.37037
731.9047619	3081.761905
729.5	3085.8125
879.297619	3086.25
850.1111111	3088.333333
622.1111111	3089
833.9090909	3090.363636
735.8541667	3094.0625
739.2439024	3091.317073
743.1372549	3091.235294
646.2045455	3093.568182
889.25	3092.625
874.3846154	3095.384615
842.9090909	3097.363636
852.5	3096.8
646.6666667	3098.444444
882.0833333	3102.666667
874.3846154	3103.615385
892.875	3104.125
618.25	3105.5
621.2352941	3104.647059
614.8666667	3105.6
735.0909091	3108.636364
336.5	3111
925.76	3115.96
888.2857143	3117.857143
892	3118
600.2666667	3119.066667
877.875	3118.875
897.025974	3123.74026
636.6	3125.4
860	3126
875.4285714	3125.071429
583.3846154	3127.384615
883.4	3127.692308
889.9814815	3126.148148
677.5	3127.5
836.173913	3128
864.5	3126.75
897.6111111	3130.166667
355.3846154	3130.384615
872.9027778	3130.194444
860.8412698	3131.253968
341.875	3132.875
891.2826087	3133.130435
367.2105263	3134.631579
895.2083333	3135
754.3859649	3134.614035
883.5	3136
415.75	3140.166667
399.875	3141.125
748.1886792	3140.867925
674.5625	3141.75
618.7142857	3143.357143
864	3143
823.6	3143.95
746.4736842	3146.157895
408.6666667	3147.666667
404.6666667	3148.222222
887.7333333	3148.2
734.2	3150
393.6949153	3151.983051
653.8214286	3151.214286
411.875	3152.125
400.7126437	3156.114943
375.8846154	3154.653846
442.4363636	3155.163636
421.3181818	3156.863636
327.3636364	3157.090909
403	3159.133333
428.6603774	3157.924528
434.6363636	3157.5
359.5555556	3160.666667
395.25	3163.05
424.8125	3161.625
619.8219178	3165.945205
670.5294118	3165.176471
375.2068966	3167.413793
382.8181818	3165.636364
389.8181818	3165.181818
615.5	3167.3
858.6296296	3165.074074
668.6363636	3167.909091
449.4615385	3170.846154
695.826087	3171
384.6	3170.714286
676.3571429	3175.285714
390.2272727	3173.897727
460.1	3175.95
383.2	3177.36
394.5	3177.1875
398.3707865	3180.359551
391.1578947	3185.763158
851.9285714	3185.142857
164.125	3186.875
399.4354839	3187.725806
392.0263158	3193.263158
396.8064516	3193.709677
404.0793651	3191.952381
473.4	3193.3
537.9666667	3193.733333
704.8571429	3196.5
844.6818182	3199.545455
1054.263158	3200.368421
416.625	3202
579.125	3200.5
401.2962963	3203.148148
850.6153846	3202.423077
792.4	3205.6
422.8888889	3206.666667
596.9090909	3206.909091
438.875	3208.125
744.125	3208.125
362.6666667	3208.666667
426.4545455	3209.363636
582.6666667	3209.555556
468.7058824	3211.294118
423.7058824	3212.411765
510	3213.2
878.6666667	3217.333333
105.5555556	3217.888889
462.56	3217.8
709.4339623	3218.075472
719.1789474	3218.757895
391.5714286	3217.428571
556.1944444	3219
899	3219
695.875	3219.875
879.5862069	3221.758621
744.56	3222.2
842.9565217	3222.73913
477.0243902	3224.04878
566.3809524	3223
811.4242424	3223.424242
815.7142857	3225.678571
742.125	3226.1875
877.9047619	3225.666667
472.5	3226.714286
486	3226.806452
623.56	3227.64
651.8333333	3227.916667
940.0909091	3228.090909
127	3229
464.5	3228.727273
477.6470588	3231.323529
703.6153846	3230.153846
710.745098	3231.862745
647.2272727	3231
482.8823529	3232.588235
577.5	3233.777778
805.7959184	3232.285714
813.5555556	3234.174603
455.71875	3236.21875
403.3181818	3236.045455
810.2631579	3238.157895
664.4736842	3238
407.3783784	3238.081081
658.28	3240.6
607	3240.666667
911.5555556	3240.666667
662.88	3243.48
734.5	3242.5
758.8666667	3242.888889
666.6666667	3242.777778
886.25	3244.7
756.7894737	3247.368421
418.2121212	3246.151515
799.9285714	3246.142857
816.1111111	3246.333333
799.625	3250.125
447.0444444	3249.644444
453.2	3253
444	3254.72
448.9166667	3254.916667
815.5333333	3257.866667
844.9032258	3258.806452
852	3259.043478
794	3259.689655
776.4761905	3263
843.2352941	3262.882353
758.173913	3265
773.5789474	3266.315789
845.4	3267.4
738.8235294	3268.647059
767.9722222	3269.75
650.96	3270.76
625.875	3271.875
655.25	3272.5
766.4	3275.4
778.9148936	3277.617021
845.2727273	3278.136364
943.5	3278.714286
855	3280.142857
879	3283.5
374.2857143	3286.5
887.05	3287.3
772.125	3288.125
818.4	3288.4
831.0588235	3288.352941
882.4878049	3288.439024
664.2	3288.5
779.0588235	3291.411765
850.2857143	3292.5
888.6734694	3292.530612
874.1363636	3292.590909
824.7857143	3293.785714
828.8695652	3293.782609
833.8823529	3292.235294
785.7037037	3294.703704
792.5925926	3294.296296
815.7727273	3296.272727
818.6666667	3295.333333
688.6	3296.6
822.1111111	3296.962963
833.8378378	3296.891892
605.6363636	3301.454545
897.2857143	3302.5
384.5172414	3304.62069
856.4	3304.7
575.4	3306.4
783.2758621	3306.448276
826.328125	3307.359375
944.125	3309.875
879.890625	3311.84375
616.5	3314.5
732.6153846	3318.615385
868.6857143	3317.057143
827.375	3317.9375
828.2	3321.3
869.875	3321.416667
606.0714286	3325.785714
603.2727273	3329.363636
619.8181818	3328.969697
606.8461538	3330.538462
586.9090909	3330.909091
300.4	3334.4
296.625	3334.75
843.2432432	3336.945946
159.6666667	3339.111111
723.1875	3338.6875
761.8666667	3340.1
880.3	3341
857.2903226	3343.612903
963.3571429	3345.214286
856.7391304	3348.217391
767.6363636	3350.090909
872	3354.714286
880.1612903	3355.596774
901.5	3355
633	3355.5
644.3846154	3358.384615
881.6923077	3358.923077
617.7692308	3360.576923
949.0588235	3360.176471
888.5	3368.625
863	3372
596.3	3373.7
814.2051282	3377.076923
256.0909091	3380.090909
644.7419355	3379.741935
894.8823529	3384.588235
823.2666667	3384.6
164.0909091	3386.636364
852.4117647	3388.117647
898.7894737	3387.105263
515.1875	3389.75
894.8235294	3389.441176
1009.965517	3389.793103
431.6153846	3395.384615
826.4117647	3395.411765
286.6842105	3395.947368
830.2083333	3396.5
821.5	3396.875
481.0833333	3401.916667
821.2962963	3401.814815
918.7	3401.9
856.3076923	3403.538462
717.2222222	3404.911111
475	3407
802.8723404	3407.787234
715.5348837	3409.976744
797.6190476	3409.761905
529	3411
687.3275862	3412.241379
709.6666667	3410.740741
423	3413.8
416.875	3417.125
711.9444444	3417.277778
913.0909091	3417.363636
917	3416.5
852.7333333	3417.666667
848.0746269	3420.567164
755.5454545	3422.181818
539.0833333	3422.916667
881.125	3423.875
842.85	3424.45
712.7692308	3427.538462
706.25	3429.125
844.8285714	3428.657143
450.2	3430.266667
801.9090909	3432.363636
850	3431.375
871.6363636	3434.227273
846.2916667	3434
546.5	3435.5
874.75	3436.75
506.5	3438.722222
514.1	3437.8
551.8461538	3437.384615
511.5	3439.714286
836.5	3440
864.5121951	3441.926829
509.3529412	3442.941176
521.3384615	3440.661538
635.875	3444.875
701.7391304	3445.086957
852.0909091	3445.363636
512.2	3446.9
520.2857143	3446.5
551.6666667	3447.222222
825	3447
863.1025641	3447.538462
528.7446809	3450
548.0909091	3450.272727
331.8571429	3451.428571
522.3333333	3450.888889
116.3636364	3458.090909
753.2666667	3459.933333
880.5833333	3461.527778
440.5	3462.916667
533.862069	3463.103448
729.0909091	3462.636364
539.3846154	3464.538462
860.5	3463.772727
860.7555556	3469.266667
691	3470
542.0666667	3470.6
861.8095238	3473.761905
678	3474.5
913.7142857	3480.5
435.2903226	3483.741935
964	3492
687.0909091	3493.363636
1075	3493
804.125	3495.125
897.2857143	3495.5
423.125	3497.125
434	3496.5
534.7179487	3500.307692
797.1590909	3501.590909
943.52	3500.76
710	3502
768.875	3502.125
793.9411765	3505
278.5833333	3505.75
432.1818182	3506.818182
599.5945946	3509.648649
471.0625	3509.6875
943	3509.8
1191.714286	3509.5
454	3510.5
682.5	3510.777778
748.0136986	3514.712329
1031	3515.066667
455.1515152	3515.636364
877.0869565	3516.478261
1025.5	3517.5
113	3517.8
798.9565217	3519.086957
455.7037037	3521.074074
809.4583333	3524.416667
793.5	3527.5
110.0833333	3529.916667
990.1176471	3530.470588
700.0666667	3532.333333
871.4444444	3532.555556
415.1176471	3534.411765
785.1612903	3534.451613
988.1428571	3534.47619
974.2857143	3534.5
1026.411765	3535.058824
697	3536
1050.833333	3536.566667
806.6451613	3538.258065
369.75	3539.583333
1049.117647	3540.588235
733.9090909	3545.363636
584.9375	3552.5
925.125	3552.125
530.4814815	3554
1071.44186	3557.72093
615	3557.2
834.1282051	3558.435897
835.8571429	3564.071429
829.556962	3563.063291
846.8461538	3565.692308
605.6666667	3567.238095
1039.772727	3566.227273
595.2941176	3567.705882
619.5	3568.125
839.4050633	3567.632911
969.125	3568.125
810.3265306	3571.306122
830.8571429	3570.666667
622	3571.5
1016.736111	3573
587.35	3572.6
838.5	3573.5
591.2857143	3574.5
1035.530055	3580.404372
608.7272727	3576.30303
623.9069767	3575.604651
819.6	3576.3
988.9259259	3576.962963
615.5	3577.05
823.8888889	3577.944444
633.754386	3579.912281
843.5571429	3578.857143
621.972973	3583.331081
610.02	3581.76
629.0769231	3581.153846
992	3580.5
587.125	3582.125
590.2222222	3581.333333
1022.607143	3582.428571
632.4375	3585.5625
842.9583333	3586.125
854.0909091	3584.909091
635.6428571	3586.928571
1011.75	3586.75
397.9090909	3588.090909
613.7435897	3587.846154
591.2666667	3588.6
627.1267606	3591.15493
834.2	3589.1
609.1666667	3588.888889
829.3214286	3590
845.5121951	3590.634146
639.5757576	3591.121212
619	3592.107143
1029.111111	3592.611111
615.3684211	3593.947368
1044.888889	3594.333333
629.8235294	3594.588235
833.9411765	3595.117647
612.5609756	3596.146341
621.4	3596
1019.25	3600.875
619.5238095	3599.714286
786.3333333	3599.148148
1026.057692	3598.942308
1032.03125	3597.9375
821.6363636	3599
365.9090909	3602.636364
981.7241379	3603.827586
588.9333333	3604.4
1007.520958	3604.54491
1024.966667	3605.866667
1038.216216	3605.378378
788.5294118	3605.882353
1036.214286	3608.071429
1030.254237	3609.067797
412	3610.5
528.5	3611.5
758.7	3610.3
1010.775148	3616.727811
567.0869565	3612.043478
765.1290323	3611.903226
1023.166667	3611
778.3181818	3612.863636
1001.179487	3611.910256
806.5434783	3614.347826
597.7222222	3614.666667
892.125	3615.125
590.8181818	3615.227273
782.48	3615.76
514.95	3617.25
772.8392857	3615.125
857.6956522	3617.173913
1023.729167	3616.895833
716.7692308	3617.384615
761.0075188	3617.804511
463.09375	3618.84375
595.6	3618.55
750.7948718	3618.769231
768.7826087	3620.391304
772.2727273	3620.909091
777.3877551	3620.22449
853.75	3619.875
1029.75	3620.583333
714.1666667	3620.583333
1018.828947	3617.118421
1048.615385	3621.615385
784.2307692	3622.461538
856.6363636	3622.636364
579	3624.2
648.3666667	3626.366667
822.9117647	3627
840.8695652	3625.782609
914	3626.5
306.15	3626.85
316.8913043	3628.369565
1020.315789	3628
725.3846154	3628.615385
1009.666667	3630
539.3333333	3630.75
839.25	3631.428571
1014.575758	3631.515152
748.4285714	3631.785714
436.8421053	3633.157895
535.7142857	3632.5
742.8055556	3633.166667
793.4	3634.7
1018.083333	3636.083333
717.1851852	3639.222222
721.2666667	3639.666667
844.5789474	3639.210526
903.5	3639.5
971.6666667	3639.666667
928.4	3640.433333
723.375	3642.375
849.1025641	3642.128205
718.025641	3644.923077
806.5625	3643.6875
843.7692308	3643.615385
849.9473684	3646.578947
853.9	3645.05
142	3646
365.2424242	3645.515152
815.75	3646.583333
839.5333333	3649.9
958.875	3647.875
804.2264151	3648.660377
955.7142857	3648.5
833.5	3650
854.5882353	3650.117647
861.0666667	3651.416667
1050.772727	3650.772727
848.9411765	3652.509804
782.5	3653
867.8	3653.56
887.6538462	3655.230769
905.8095238	3654.952381
782.5	3656.8
832.5526316	3655.736842
878.3913043	3658.913043
907.6086957	3659.956522
980.0909091	3660.363636
711.0588235	3661.117647
819.0714286	3660.642857
868.1111111	3660.722222
887.5	3661.5
833.7	3664.7
975	3665.16
697.2857143	3666.285714
529.3461538	3666.846154
692.1	3668.825
776.55	3666.95
830.5	3668.090909
771.1	3668.62
588.75	3670.625
765.9230769	3671.384615
725	3672.5
1122.846154	3675
507.1578947	3675.842105
779.7777778	3678.62963
839.2857143	3678.428571
704.2222222	3680.333333
707.4117647	3680.117647
794.6153846	3683.230769
772.7567568	3683.932432
818.5	3686.5
1011.16129	3686.483871
765.5	3689.759259
371.0909091	3690.515152
714.8333333	3691.166667
674.7857143	3692
966.2142857	3694.642857
571	3700.2
700.9333333	3699.733333
806.1190476	3701.97619
701.125	3704.125
815.826087	3703.086957
810.4	3705.333333
723.140625	3708.140625
745.4615385	3712.153846
581.9090909	3713.090909
741.4	3712.933333
628	3717.5
526.1111111	3723.666667
596.3235294	3726.558824
689.5	3727
395.2903226	3729.741935
708.1777778	3730.288889
714.4761905	3736.142857
337	3739.2
705.4516129	3739.354839
711.1875	3740.1875
716.7826087	3739.73913
673.8	3742
719.7	3742.666667
1165.307692	3744.961538
701.2820513	3745.820513
825.4285714	3746.285714
1169.5	3745.7
423.8965517	3746.827586
668.3015873	3746.571429
690.8	3748.333333
649.75	3749.25
705.5	3750.289474
632.75	3752.083333
692.75	3751.833333
661.4666667	3754.333333
711.326087	3755.434783
646.875	3756.875
666.3	3755.725
699.5575221	3759.734513
695.1071429	3759.428571
816.8823529	3758.588235
663.0882353	3761.470588
639.5882353	3761.117647
378.95	3762.1
667.125	3763.125
881.4814815	3763.111111
662.6	3765.8
784.8823529	3764.294118
644.326087	3762.782609
553.2857143	3765.5
540.875	3768.8125
549.9111111	3770.711111
562.7368421	3772.842105
804.92	3772.8
642	3774.8
76	3775.5
700.2894737	3777.315789
985.9166667	3779.888889
650.6666667	3782.888889
986.35	3784.05
552.8888889	3784.333333
741.5	3783.5
764.5483871	3785.419355
393.125	3785.875
556.1428571	3786.5
717.7966102	3790.949153
634.1621622	3792.351351
714.1785714	3796.428571
638	3797.5
445.4117647	3797.882353
325.25	3799.95
708.2	3800.7
1056.615385	3802.615385
1109.888889	3804.722222
604.3809524	3806
674.5	3806.45
736.516129	3805.870968
827.1052632	3806.578947
689.9090909	3808.363636
739.3809524	3807.809524
414.1578947	3808.842105
654.5121951	3811.341463
660.9705882	3812.029412
671.24	3813.6
650.9333333	3815.4
663.2727273	3816.545455
953.4705882	3818.352941
891.8	3820.5
760.6666667	3821.333333
729.8846154	3822.5
584.575	3824.125
770.952381	3824.047619
902.0909091	3824.363636
134.2857143	3829.5
697.7142857	3828.5
740.9411765	3828.764706
718.5	3830.666667
932.2727273	3831.272727
740.6363636	3832.909091
1067.030303	3837.151515
913.25	3837.833333
722.3333333	3838.533333
645.5	3841
562.9487179	3844.948718
684.5	3849.285714
633.5822785	3849.696203
668.3571429	3850.285714
671.5	3849.727273
702.0909091	3854.363636
673.9672131	3856.377049
631.7058824	3857.333333
696.7777778	3857.5
549.2	3862.44
707.05	3863.45
829.4705882	3863.352941
625.4423077	3865.692308
461.3225806	3867.612903
703.7419355	3866.483871
489.5	3870
712.3125	3868.8125
700.5	3872
712.1538462	3872.461538
628.6923077	3873.487179
700.8378378	3877.108108
627.826087	3878
687.2857143	3876.755102
633.125	3878.875
720.5	3879
962.4583333	3878.833333
698.4545455	3882.309091
869.3333333	3881.888889
647.4	3883.4
756	3883
672.5	3884.772727
677.3846154	3885.615385
478.875	3885.875
626.5	3888
671.3793103	3889.551724
541	3889
1060.666667	3892.8
121.0384615	3897.615385
428	3896
642.7916667	3895.708333
127.3333333	3897
115.0555556	3897.5
139	3898.357143
639.8518519	3899.37037
577.5	3902.5
968.8333333	3905.875
587.0454545	3908.727273
767.92	3909.88
902.9285714	3909.285714
620.4	3909.6
578.5	3910.5
896.2727273	3911.345455
602.2307692	3913.769231
669.8133333	3914.773333
888.7142857	3913.5
1077.631579	3916.473684
674.7727273	3920.272727
863.0909091	3917.363636
908.3125	3919
665.125	3920.875
731.7142857	3921.5
737.6724138	3921.568966
912.9375	3922.4
902.6829268	3923.341463
668.6153846	3924.461538
909.9333333	3929.466667
696.5	3929.333333
897.5833333	3928.708333
693.5	3931
804.5	3934
680.25	3934.305556
907.8695652	3938.217391
894.5102041	3941.265306
803.96	3942.4
906.3684211	3942
909.825	3944.85
798.875	3946.5
386.6153846	3947.615385
825.8888889	3948.333333
881.7857143	3947.321429
910.75	3948.333333
381.4	3950.4
906.4117647	3949.823529
776.3333333	3950.666667
170.1176471	3953.411765
643.7368421	3954.052632
828.4666667	3953.866667
647.3333333	3955.555556
757.5	3957
645.6923077	3958
822.6590909	3957.75
906.5	3960.884615
1068.125	3963.875
455.4444444	3969.166667
831.3928571	3969.642857
870	3970
903.2	3969.56
544.7	3972.7
782.1470588	3971.470588
897	3972.5
776.7735849	3973.09434
813.7058824	3974.294118
868.6	3975.333333
759.8928571	3978.107143
883.5882353	3979.470588
865.1724138	3980.689655
935.64	3982.12
646.5454545	3984.818182
1061.5	3985
772.1176471	3987.411765
816.2857143	3995.5
614.2142857	3995.607143
830.6875	3996.5
897.4705882	3996.882353
834.5576923	4000.057692
900.4	3999.275
778.8	4006
836.097561	4005.170732
623	4011.695652
712.8809524	4011.142857
808.5897436	4013.179487
792.2941176	4012.823529
914.0416667	4012.958333
626.9230769	4015.153846
919.0357143	4017.107143
390.3846154	4018.384615
913.0684932	4018.561644
882.2857143	4020.5
649.8235294	4022
544.3636364	4022.909091
858.25	4022.916667
646.3	4023.9
653.5	4024
548.5789474	4026.736842
923.6666667	4027.555556
556.0444444	4027.4
620.9574468	4028.297872
649.7666667	4027.7
920.3636364	4029.090909
553.9189189	4031.432432
548.3125	4031.75
610.0833333	4032.083333
562	4032.5
925.8648649	4032.72973
845.2	4035.1
889.7692308	4035.230769
896.6428571	4034.714286
550.7317073	4037.317073
610.5	4035.8
907.7666667	4035.866667
544	4038
554.8	4038.5
557.6666667	4039
645	4040
853.5	4040
819.6111111	4046.222222
890	4049
597.4842105	4057.715789
727.2222222	4057.777778
679.9090909	4061.181818
878.4137931	4063.586207
697.625	4065.375
894.3846154	4066.769231
989.0740741	4066.592593
581	4067.7
553.8888889	4069.444444
576.5	4070.777778
676.5714286	4071.666667
731.125	4071.125
594	4073
567.5	4073.045455
587.9534884	4073.581395
583.2666667	4075.4
697	4075.666667
901	4076.8
1011	4076.333333
691	4078.333333
697.3863636	4080.613636
1072.111111	4082.666667
1013.538462	4083.846154
680.1764706	4082.676471
589	4088
678.55	4087.725
683.952381	4088.857143
604.9090909	4089.636364
721.875	4089.708333
1025.363636	4089.909091
627.8181818	4091.090909
816.7777778	4090.555556
712.1538462	4093
715.5	4092.5
668.7272727	4093.727273
674.1142857	4093.285714
641.1304348	4095.565217
721.7	4095.6
624.5833333	4097.958333
992.3333333	4100.333333
557	4101.5
619.7272727	4100.090909
945.5079365	4103.285714
414.3529412	4102.529412
635.7272727	4102.818182
718.7	4102.3
983.9482759	4104.275862
938	4106
994.9130435	4107.782609
1001.464286	4107.654762
596.5	4107.8
825.9090909	4109.090909
656.8888889	4109.666667
803.3823529	4111.205882
1004.681818	4113.727273
739	4113
618	4114
813.295082	4114.311475
1000.230769	4114.346154
872	4114.666667
744.4459459	4116.202703
993.5294118	4116.647059
1127.6	4116.4
524.6	4117.933333
753.8947368	4117.421053
810.6666667	4117.533333
949.5454545	4117.818182
969.4074074	4118.777778
921.9090909	4118.636364
984.0606061	4118.636364
990.1923077	4119.615385
1024.793103	4118.689655
748	4121.04
866.5	4120.777778
754.7037037	4122.222222
563.7317073	4123.146341
656.7894737	4123.578947
974.6	4122.8
893.05	4123.6
912.8888889	4124.555556
882.5333333	4125.266667
947.6136364	4128.988636
568.2	4127
576.5	4127
642.9090909	4127.181818
655	4127.5
659.4166667	4127.166667
959.76	4127
782.2352941	4127.941176
893.5862069	4127.758621
970.2	4127.433333
664.8	4129.5
941	4128.5
866.8378378	4129.540541
966.7333333	4130.066667
656.9166667	4130.583333
661.0909091	4130.909091
202.5384615	4132.846154
789.1960784	4130.647059
534.5384615	4133.153846
593.0263158	4131.421053
785.4090909	4132.136364
881.75	4132.666667
763.9166667	4134.166667
823	4134.392857
990.7241379	4134.413793
198.1578947	4134.736842
590.125	4135.125
880.5833333	4135.583333
894.0789474	4135.657895
921.7142857	4134.785714
640.9090909	4136.363636
782.7586207	4135.103448
939.826087	4137
871	4136.5
998.25	4136.333333
631.8278689	4140.368852
901.25	4137.840909
963.137931	4136.362069
421.6153846	4139.384615
543.1	4138.95
558.5	4139
761.7142857	4138.5
926.1538462	4139.846154
932.7142857	4139.553571
945.0810811	4139.459459
621.9670782	4150.300412
949.2631579	4140.105263
991.4583333	4141.125
982.75	4143.180556
587.6666667	4143.666667
652.125	4142.875
760	4143
937.8139535	4142.627907
874.4909091	4143.981818
922.7118644	4142.813559
915.925	4145.65
424	4146.117647
648.173913	4146.130435
893.375	4145.5
928.28	4145.92
955.6	4145.6
967.12	4146.04
803.125	4147.125
987.8157895	4147.131579
682.5	4148.285714
823.3636364	4147.909091
972.55	4147.85
994.8862275	4151.05988
577.8604651	4150.023256
961.7142857	4149.238095
377.9259259	4150.592593
629.4666667	4150.266667
645.7352941	4150.088235
189.875	4151.875
664.4210526	4152.105263
639.6129032	4154.451613
586.1428571	4153.657143
549.3333333	4156.25
578.9487179	4155.564103
875.65	4155.7
1002.016667	4156.333333
816.4482759	4156.758621
957.3636364	4157.909091
861.0769231	4160.692308
413.4761905	4161.380952
803.25	4162.4375
660.7916667	4162.375
397.6	4163.6
612.8	4164
1001.6	4162.4
1007.62963	4164.037037
732.6153846	4164.923077
853.4	4164.6
859.8	4165.24
914.6363636	4165.090909
943.5757576	4165.681818
962.96	4165.4
1000.384615	4169.692308
416.14	4165.24
661.6	4166.966667
421.2857143	4168.095238
598.25	4167.75
799.0625	4166.6875
663.4	4170.733333
1009.478261	4169.463768
475.7222222	4169.388889
418.5	4171.8
460.5	4170.714286
466.8529412	4172.176471
602	4171.384615
471.5483871	4172.935484
793.7435897	4170.410256
424.5	4173.5
800.5714286	4174.384615
415.4545455	4175
436.0909091	4175.363636
586.6818182	4175.727273
794.4137931	4176.482759
948.2894737	4173.184211
401.0909091	4176.363636
942.3953488	4175.697674
993.7311828	4175.419355
946.1333333	4178.6
394.0833333	4179.833333
397.1363636	4179.136364
591.0487805	4179.04878
596.5423729	4182
828.5	4180
413.5522388	4180.358209
658.3913043	4181
374.3333333	4182.25
408.0434783	4182.478261
998.9142857	4181.914286
1007.111111	4182.333333
391.3636364	4182.909091
403.4545455	4182.818182
415.7368421	4185.473684
464.6666667	4183.111111
665.4	4182.6
483.2857143	4184.428571
654.1538462	4183.961538
401.0882353	4185.058824
408.7567568	4187.27027
966	4186.555556
393.4205607	4190.420561
660.1454545	4187.363636
878.625	4188
399.8125	4189.1875
818.2727273	4188.863636
388.2857143	4188.107143
209.2	4191.5
967.3846154	4191.615385
406.8421053	4192.342105
439.25	4194.65625
449.56	4193.2
660.7395833	4193.333333
401	4193.65625
433.8717949	4195.205128
831.7575758	4194.484848
414.3076923	4195.42735
970.3859649	4198.54386
655.5454545	4198.045455
850.0952381	4196.857143
403.4724409	4200.031496
448.5862069	4198.482759
726.5882353	4199.117647
833.5	4199.5
394.8	4200.1
429.5471698	4197.830189
473.5862069	4200.551724
651.9333333	4200.755556
438.7222222	4201.555556
387.3275862	4202.534483
655.6666667	4205.222222
468.2816901	4210.133803
399.6666667	4207.333333
405.516129	4207.612903
651.7777778	4207.388889
348	4209.2
394.2857143	4209.642857
617.125	4209.125
1097.615385	4208.615385
409.1578947	4212.368421
426.8	4211.714286
424	4215.5
664.1	4216
868.2727273	4217.5
395.6785714	4220.5
817.6666667	4219.888889
663.2758621	4221.724138
637.3684211	4222.421053
539.5	4224
661	4225.904762
677.8846154	4224.038462
674.5384615	4228.307692
665.25	4228.75
464.7419355	4230.451613
471.6	4231.447059
617.4782609	4230.086957
421.8888889	4235.333333
769.8358209	4234.149254
411.6578947	4237.210526
394.1538462	4238.615385
416.9	4236.92
426.2068966	4238.448276
369.96	4239.4
421.6428571	4243.125
1165	4240.5
381.25	4242.666667
387.3333333	4242.055556
1143.333333	4241.733333
384.8823529	4245.176471
429	4246.352941
849.2	4245.7
376.55	4246.65
431.5	4248.5
379.4705882	4253.117647
420.0909091	4253.363636
352.8571429	4255
566.3448276	4255.034483
413.6	4257.142857
417.8125	4260.5
811.25	4262.333333
1029.875	4263.125
272.6363636	4269.090909
916.4	4275.4
817.625	4278.8125
903.0909091	4280.363636
421.0625	4280.6875
776.3636364	4283.727273
895.6	4283.6
998.8	4285
872.9166667	4286.833333
409	4290
893.5	4290
1048.125	4301.875
538.7333333	4303.666667
605.7777778	4303.666667
903.9090909	4304.636364
320.0740741	4306.407407
845.3846154	4308.384615
894.1	4309.8
915.1041667	4312.208333
909	4313.769231
1003.210526	4320
879.0857143	4320.2
832.5	4327
353.9459459	4328.675676
399.6666667	4331.111111
879.6153846	4330.384615
281.4	4331.6
868.4	4331.266667
939.3333333	4331.916667
909.5675676	4332.594595
915.3703704	4332.481481
902.0526316	4333.842105
904.2962963	4337.555556
536.1538462	4339.115385
896.7037037	4339.296296
793.2	4340.55
902.5	4342.25
888.65	4344.3
893.6428571	4348.5
654.1333333	4347.533333
784.4117647	4347.882353
888.2916667	4349.041667
901	4351.2
807.6363636	4352.909091
814	4352.5
848.2857143	4356.428571
912.3300971	4359.194175
904	4359.30303
651	4361
800.6885246	4364.721311
809.5	4369.333333
809	4373
926.875	4373.875
847.9545455	4374.409091
1052.88	4374.8
902.6818182	4375.227273
1054.809524	4377.47619
878.1714286	4380.685714
880.2702703	4385.513514
885.6666667	4390.296296
1041.3	4394.1
844.5	4403.5
855.5	4402.777778
271.8	4406.9
931.0909091	4407.363636
538.15	4408.1
983	4408
840.5454545	4409.363636
872.2380952	4408.761905
870.4	4412.92
559.875	4412.75
899.9166667	4415.75
431.5714286	4418.619048
934.2432432	4418.621622
898.5	4420
419.5833333	4422.583333
899	4423.666667
932	4424
853.875	4425.666667
875.1904762	4426.047619
557.2608696	4427.086957
921.2	4425.6
252.5	4427.8
755.3333333	4427.533333
583.4615385	4431.153846
908.1538462	4431.615385
919.4782609	4432.130435
940.5	4431
580.8888889	4432.888889
828.5	4432.222222
923.46875	4430.53125
887.2564103	4433.923077
928.8474576	4434.813559
882.2195122	4434.317073
911.8888889	4435.666667
936.2328767	4436.013699
944.3783784	4435.135135
550.9230769	4436.692308
954.5	4438.5
880.5	4438.9
885.025	4441.35
917.0909091	4441.727273
878.8732394	4444.929577
945.1454545	4442.618182
1111.909091	4444.909091
486.9166667	4449.125
478.5416667	4450.166667
938.8421053	4450.026316
961.9090909	4449.636364
948.125	4453.03125
627.8823529	4452.352941
920.6666667	4453.5
623.1428571	4456.928571
904.6744186	4457.44186
1043.846154	4457.461538
537.5714286	4458.892857
914.0253165	4458.696203
938.4230769	4459.057692
934.4680851	4462.787234
576.25	4461.821429
583.875	4462.875
611.6666667	4462.666667
628.0263158	4462.342105
637.9078947	4464.671053
912.5	4464.75
939.2916667	4467.416667
967.2	4469
972.8222222	4467.6
443.3333333	4470.266667
916.6153846	4471.564103
924.2307692	4472.615385
946.55	4473.05
952.972973	4473.135135
921.1538462	4475.769231
973.125	4474.875
912	4476
903.8	4477.1
958.4	4477.16
490.5	4478
936	4478
992.0714286	4477.142857
1003.875	4478.208333
955.3076923	4479.461538
976.3636364	4479.333333
994.9230769	4478.307692
884.2307692	4482.538462
963.0392157	4480.980392
945.8220339	4482.661017
953.8627451	4484.686275
968.3913043	4487.826087
960.015625	4489.0625
974.7627119	4486.372881
998.2222222	4485.5
1104.2	4487
1001	4488.117647
1099.961538	4487.961538
539.9090909	4489.090909
996.5	4489.5
952.6956522	4490.782609
945.2631579	4490.894737
921.4444444	4493.444444
1096.318182	4494
977.5	4494.166667
990.9565217	4494.391304
1010.666667	4496.5
970.8823529	4496.411765
953.0408163	4497.061224
992	4498.333333
924.3818182	4500.945455
983.0357143	4499.214286
946.4761905	4499.698413
965.1428571	4501.071429
880.0909091	4502.363636
951.2857143	4502.571429
959.2878788	4500.439394
1012.333333	4502.888889
981.2280702	4506.087719
988.8181818	4505.181818
945.4242424	4507.090909
953.14	4506.96
969.3333333	4509.666667
288.5	4511.5
958.828125	4511.09375
273.2068966	4513.482759
952.173913	4512.869565
611.8181818	4514.181818
526.4848485	4515.090909
964.2333333	4516.033333
884.7272727	4517.242424
911.3304348	4515.973913
944.9708029	4516.941606
974.7272727	4517.5
989	4515.9
1184	4518.5
610.6129032	4520.096774
962.52	4520.08
1031.5	4519.875
617.4	4522.4
956.25	4522.4
974.6486486	4522.648649
889.3103448	4521.637931
987.1111111	4522.666667
726.8888889	4523.222222
911.2	4523.6
929.64	4522.6
960.5	4524.5
967.9493671	4523.822785
991.25	4524.45
650.5	4525.5
893.1785714	4524.75
942.6363636	4525.727273
914.0645161	4527.354839
936.5478261	4523.965217
603.88	4528.04
610.7027027	4527.675676
899.1707317	4527.341463
593.5	4528
722.8	4527.6
616.9305556	4528.875
641	4529.035714
976.3	4529.2
570.8333333	4530.125
979.1785714	4530.285714
607.75	4532.916667
948.0869565	4533.391304
1044.1	4532.95
723.1290323	4534.032258
468.5	4535
944.3846154	4536.307692
622.3684211	4535.894737
950.9090909	4536.409091
965.0666667	4535.733333
977.2413793	4536.034483
1021.923077	4535.615385
617.9375	4537.21875
892.3548387	4537.096774
923.1764706	4537.411765
947.2857143	4539.380952
894.1851852	4542.074074
909.9545455	4540.863636
607.5	4541.5
915.6470588	4542.117647
648.3076923	4543.461538
1010.5	4543.5
655.3488372	4544.790698
943.7142857	4543.5
1006.578947	4544.105263
984.4285714	4545.047619
910.1	4545.95
610.3548387	4547.290323
900.0810811	4546.891892
979.96	4545.6
871.9142857	4546.142857
1004.642857	4549.357143
869.0689655	4550.62069
989.1142857	4549.314286
730.5	4551.222222
671.32	4557.68
959.1111111	4557.666667
617.75	4558.75
675.68	4559.08
335.3571429	4560.214286
459.8571429	4561.142857
940.9655172	4562.034483
944.7222222	4564.277778
938.0625	4566.5625
946.8421053	4568.684211
942.4782609	4568.956522
670	4569.5
455.875	4572.875
959.6888889	4572.022222
946.5192308	4574.884615
767.4074074	4579.111111
981.6857143	4578.657143
932.0909091	4580.136364
989.7391304	4580.478261
925.5588235	4581.911765
908.5	4582.285714
936.4761905	4581.619048
940.0555556	4584
701.6153846	4583.615385
606.8604651	4589.651163
615.5681818	4589.931818
767.2105263	4589.421053
1058.5	4589.95
1010.684211	4591.789474
767.5882353	4594.882353
919	4595.875
777.6666667	4599.333333
614.2807018	4598.754386
888.7272727	4599.090909
916.8571429	4598.785714
603.8888889	4600.333333
1031.2	4605.1
650.6363636	4605.909091
651.5	4613
887	4614.5
977.6666667	4617.388889
964.5217391	4619.869565
956	4621
756.4117647	4631.117647
1062.809524	4634.857143
758.9285714	4637.678571
804.4705882	4637.352941
1059.130435	4637.782609
662.6428571	4644.404762
779.125	4647.125
724.125	4647.875
811.76	4661.96
633	4663.75
716	4667.5
1115.714286	4670.5
630.2777778	4673.166667
833.4571429	4675.8
820.5789474	4677.894737
828.3571429	4681.214286
769.3684211	4681.947368
875.3	4685.5
737.6153846	4688.115385
746	4688
1082.588235	4688.352941
828.3846154	4695.615385
542.9090909	4697.363636
845.5	4698.5
822.95	4701.5
818.75	4703.625
621.125	4707.125
853.375	4707.25
820.7096774	4707.774194
837.9655172	4710.051724
832.9705882	4710.058824
504.047619	4710.190476
803.8	4711
1023.6	4711.4
508	4712
1052.125	4712.125
861.9090909	4711.909091
866.3333333	4714.424242
797.2790698	4716.395349
854.7692308	4716.384615
783.8571429	4718.142857
861.2133333	4718.68
852.7837838	4721.027027
649.5	4722
784.5	4722.6
817.0625	4721.84375
684.7142857	4723.5
843.3275862	4725.051724
857.5151515	4724.030303
879.48	4724.72
865.8888889	4728.333333
811.9382716	4727.333333
818.4634146	4730.804878
845.0909091	4732.163636
857.6666667	4732.066667
812.1272727	4735.727273
818.5	4736.5
839.9761905	4736.452381
879.5	4735.52381
819.5	4740.5
803.9090909	4741.363636
815.2962963	4741.37037
411.0909091	4743.363636
854.827957	4742.817204
772.24	4746.12
805.1666667	4745.666667
770.0952381	4750.190476
851.4117647	4750.705882
856.2121212	4750.121212
932.8214286	4749.714286
850.3513514	4755.648649
866.1034483	4754.827586
790.4444444	4757.111111
843.1481481	4757.962963
854	4760
880.7857143	4764.452381
887.2903226	4763.516129
871.7234043	4763.510638
884.1578947	4761.473684
847	4765.5
901.2307692	4765.923077
857.6666667	4765.857143
876.1142857	4768.514286
864.0769231	4769.211538
843.9473684	4770.368421
868.7391304	4771.282609
874.9583333	4772.791667
882.75	4773.125
693.8615385	4773.384615
756.9047619	4777.809524
1158.8	4780.5
885.952381	4784.857143
895.0416667	4784.833333
663.2857143	4785.714286
890	4786.555556
896.9928571	4799.010714
918	4793.826087
833	4797.5
889.6296296	4797.296296
906.1269841	4797.539683
924.25	4798.583333
615.75	4803.638889
893.7596154	4815.230769
609.862069	4807.931034
905	4807.846154
897.4444444	4810.333333
867.3947368	4812.131579
880.3913043	4812.956522
862.5862069	4815.241379
604.5641026	4813.897436
868.7142857	4817.214286
636	4819.391304
640.0666667	4818.6
819.8	4820.6
863.3333333	4821
626.5	4823.5
891.1111111	4823.666667
585.7333333	4826.033333
605.9	4824.733333
621.9047619	4826.452381
650	4828
595.2105263	4828.947368
861.25	4830.25
586.2272727	4830.772727
590.8181818	4830.787879
637.5714286	4830.625
809.8125	4831.9375
701.6226415	4832.169811
595.575	4834.7
624.7272727	4834.545455
634.6521739	4837.673913
602.8809524	4837.190476
800.4516129	4837.258065
700.1714286	4837.142857
643.9285714	4841.857143
805.3333333	4841.3
886.7391304	4842.478261
1112.666667	4843.266667
578.3333333	4844.555556
639.9736842	4845.368421
876.5	4845.5
804.8571429	4845.571429
910.5925926	4846.925926
833.5769231	4851.730769
880.6428571	4851.357143
803.1851852	4853.259259
873.2307692	4853.769231
882.3888889	4854.111111
843	4855.5
367	4856.5
865.2777778	4854.888889
823.0714286	4857.857143
587.5384615	4857.615385
641	4856.882353
786	4857.833333
845.0666667	4859.066667
860.8	4861
869	4859.693548
595.5833333	4862
809.6017699	4862.681416
793.0263158	4863.710526
800.72	4863.22
780.7142857	4863.380952
898.125	4864.666667
696.25	4864.916667
648.8461538	4867.692308
782.6363636	4870.090909
794.6470588	4869.411765
654.4444444	4870.722222
883.7428571	4871.8
793.2083333	4873.75
610.5294118	4875.647059
661.875	4876.125
570.1666667	4876.972222
736.0681818	4878.431818
870.6956522	4883
624	4885
842.2	4885.5
568	4886.545455
861.3333333	4886.416667
864.3333333	4889.533333
880.75	4890.333333
610.0588235	4891.117647
618.2727273	4890.454545
842	4891.2
777.7368421	4893.157895
972	4893
788.9594595	4892.405405
881.5	4895
865.6226415	4897.056604
648.9090909	4896.727273
614.5205479	4899.054795
534.6363636	4898.818182
844.9285714	4901.5
868.5652174	4903.347826
673.5789474	4905.473684
677	4905.178571
578.3928571	4907.696429
789.5526316	4907.157895
865.3454545	4908.527273
989.6	4910.6
591.6363636	4913.090909
576.0294118	4914.294118
593.625	4916.25
828.1142857	4917.942857
833.7857143	4919.071429
837.3636364	4918.909091
585.7647059	4919.558824
686.125	4923.125
828.56	4923.48
916.125	4927.125
641.3571429	4929.785714
616.1	4930.8
643.6666667	4932.722222
607.3846154	4933.461538
605.4615385	4936.846154
597.05	4936.75
618.8	4936.56
606.2105263	4940.526316
876.44	4941.8
592.8	4942
610.25	4941.5
850.6666667	4942.666667
882.3	4949.7
864.0714286	4950.571429
551.75	4951.416667
872.3333333	4954.25
664.75	4956.583333
874.25	4957.75
790.1351351	4958.162162
671.3636364	4959.909091
881.7826087	4961.304348
651	4960
793.5294118	4964.27451
532.21875	4963.6875
590.4242424	4964.909091
868.4285714	4966.619048
532.1818182	4969.181818
891	4969.860465
518.2461538	4971.015385
793.3888889	4971.777778
866	4975.5
793.2972973	4978.27027
798.3	4979.785714
532.6190476	4985.130952
769.1428571	4985.333333
543.2285714	4988.571429
773.6896552	4990.689655
769.54	4992.12
767.25	4997.7
844.372093	4998.023256
586.05	4998.75
836.5967742	5000.806452
854.4736842	5001.157895
546.9166667	5002.666667
587.9	5004.95
876.3333333	5005
639.8571429	5005.714286
1089.7	5006.75
646.6538462	5008.038462
731.8461538	5007.115385
758.825	5008.85
848.125	5010.125
755.2068966	5011.793103
1085.25	5011.416667
590.5	5011.5
720.5384615	5012.153846
724.7857143	5010.985714
732	5012.604651
710.1111111	5012.666667
885.5	5016
735.4117647	5016.617647
899.6842105	5021.263158
568.2	5028
1037	5028
556	5030
834.9333333	5032.233333
712.25	5033.53125
515.6666667	5035.027778
957.8709677	5036.387097
717.4102564	5036.641026
961.4444444	5037
851.2666667	5039.96
712.5384615	5038.384615
600.6666667	5041.25
869.6538462	5041.346154
710.1176471	5041.529412
724.45	5042.45
889.2222222	5041.5
816.1454545	5043.527273
739.7894737	5044.736842
826.2857143	5049.285714
590.8	5052.08
594.8	5052.5
758.0909091	5054.030303
1004.444444	5055.111111
938.1428571	5057.714286
744.030303	5059.181818
825.1153846	5058.076923
847.4375	5059.6875
935.4	5059.2
740.9615385	5063.5
818.8064516	5066.193548
977.6	5070.15
730.7	5069.6
703.9166667	5072.458333
727.5	5074.857143
704.3738318	5078.327103
760	5075.25
985	5075.636364
689.1153846	5076.653846
774.5142857	5080.342857
991.3333333	5082.4
810	5084.8
687.7710843	5085.373494
779.7727273	5087.909091
491.5	5089
557.3846154	5090.115385
684.654321	5092.395062
778.047619	5094.333333
724.9230769	5094.230769
759.8333333	5095
540.2	5098
712.6	5098.6
543.3125	5099.5
722.1578947	5099.263158
729.2022472	5098.820225
757.037037	5099.074074
749.7142857	5100.714286
732.0588235	5107.352941
615.4	5106.6
751.6666667	5109.333333
517	5113.333333
735.3947368	5113.973684
760.3846154	5113.615385
863.6	5112.6
830.1836735	5114
713.875	5116
746.9113924	5115.822785
817.2666667	5117.2
837.5862069	5116.655172
956.9	5116.933333
483	5120
703.0909091	5120.363636
825.2241379	5118.034483
832.48	5120.72
735.4	5121.6
821.8863636	5121.590909
837.3111111	5123.466667
810.15625	5125.4375
819.5454545	5124.772727
395.5833333	5131.25
750.5	5133.8
734.6875	5134.90625
731.7647059	5136.941176
763.1578947	5138.842105
803.6363636	5141.909091
475	5143
510.3684211	5143.578947
750.3913043	5144.826087
743.0952381	5146.857143
818	5150.911765
783.4666667	5153.333333
817.3846154	5155.384615
736.4516129	5158.387097
766.2413793	5157.517241
918.08	5158.6
779.4666667	5159.733333
771.1428571	5161.15873
735.5	5163.5
746.5	5165.285714
739.2432432	5168.945946
755.1914894	5171.468085
761.5625	5171.3125
985.8666667	5171.466667
783.7118644	5172.779661
766.0666667	5173.033333
794.3265306	5173.408163
823.125	5173.875
759	5174.5
736.0526316	5176.210526
791.6944444	5177.75
800.1666667	5178.75
825	5180.2
460.1851852	5183.259259
802	5182.5
815.375	5184.25
867.9090909	5184.090909
769.4807692	5186.269231
838.6875	5184.3125
783.44	5185.12
759.2857143	5187.5
835.4375	5187.333333
490.9545455	5193.272727
551.5	5193
819.5	5195.5
766.5428571	5204.685714
436.6363636	5208.090909
621.3333333	5208
769.1111111	5212.666667
465.4	5215.6
457.6153846	5217.461538
454.5333333	5222.133333
761.8235294	5222.294118
766.627907	5222.372093
763.3214286	5227
847.4615385	5228.153846
710	5228.5
688.5428571	5226.942857
700.5384615	5230.153846
691.25	5231.321429
762.7727273	5231.772727
681.3488372	5231.55814
848.2289157	5232.614458
718.1651376	5234.504587
759.2	5235
684.6886792	5236.867925
851.317757	5239.504673
631.9090909	5236.909091
821.4347826	5237.173913
499.4210526	5237.315789
764.5	5238.6875
807	5240.5
835.5411765	5239.576471
518.125	5243.125
842.9777778	5244.866667
809.0526316	5244.631579
850.0483871	5246.225806
517.1944444	5249.388889
875.6538462	5249
811.1917808	5252.582192
818.6923077	5251.576923
842.5789474	5252.105263
874.1333333	5252.333333
456.2631579	5252.157895
755.1538462	5253.076923
779.1894737	5255.821053
834.972973	5256.306306
827.3958333	5254.927083
758.8431373	5256.313725
818.4814815	5258.722222
841.3548387	5258.612903
695.125	5261.125
704.0714286	5260.607143
561.4210526	5263.105263
788.3829787	5263.276596
718.375	5265.8125
794.6153846	5266.038462
816.3428571	5266.542857
848.2222222	5266
695.5	5268.125
772.2352941	5268
826.518797	5268.270677
856.9545455	5269.272727
839.7222222	5269.407407
526.5	5270.5
788.7586207	5271
813.3	5271.2
816.8288288	5274.783784
418.3170732	5274.829268
787.5	5275.5
807.3461538	5273.846154
803.3846154	5275.769231
839.3684211	5276.578947
848.1111111	5278.333333
493.5666667	5278.466667
826.3255814	5278.395349
769.7391304	5280.5
833.3333333	5280.111111
641.0909091	5281.090909
699.9230769	5282.076923
803.4428571	5283.3
516.6153846	5286.615385
467.75	5288.28125
761	5290.692308
783.3867925	5292.745283
840.3555556	5291.511111
716.6666667	5292.5
720.5925926	5291.851852
483	5293.142857
804.2	5295
815.125	5295.875
561.7272727	5297.045455
681.75	5296.625
819.8235294	5297.617647
486.8181818	5299.654545
686.3214286	5298.535714
495.4782609	5300.086957
492.9166667	5302.166667
771.2307692	5301.769231
488.1	5303.85
837.6285714	5303.028571
490.8571429	5306.607143
496.0769231	5306
773.3125	5308.979167
687.6666667	5309
612.6923077	5311.5
609.3571429	5312.928571
737.4375	5312.0625
761.0714286	5310.119048
765.8125	5311.4375
812.12	5311.48
694	5314
718.1538462	5313.076923
769.5555556	5313.703704
762.8734177	5316.911392
614.4375	5316.25
483.9166667	5317.333333
693.6	5317.4
591.5925926	5318.074074
782	5318.5
819.2894737	5318.710526
719.9166667	5318.305556
776.0833333	5320
685.1052632	5322.052632
601.125	5323.875
769.7083333	5323.666667
850	5328
744.6969697	5330.818182
805.219697	5330.575758
821.2083333	5331.333333
798.6744186	5334.27907
706.7037037	5335.777778
794.5862069	5337.793103
784	5337
573.8461538	5337.461538
744.2571429	5341.1
789.1	5338.7
804	5339
800	5341.297297
807.6153846	5340.653846
767.6136364	5343.545455
769.8571429	5342.142857
718.1153846	5341.096154
749.1111111	5344.222222
777.8181818	5343.454545
875.097561	5343
739.5263158	5344.526316
787.5454545	5343.727273
792.625	5345.166667
684.2941176	5346.686275
512.1176471	5346.588235
796.9615385	5347.730769
780.375	5348.1875
905.1538462	5349.538462
677.78	5352.4
801.875	5351.65625
696.5	5353.5
764.5483871	5355.290323
772.2666667	5353.966667
769.1395349	5358.046512
873.9166667	5356.916667
456.6	5361.4
732.6666667	5362.666667
681.6153846	5363.384615
755.0625	5363.625
865.6363636	5364.454545
573	5367.6
819.7894737	5369
744.0625	5371.3125
568.1578947	5371.842105
748.4117647	5371.882353
815.5454545	5378.363636
418	5379
649.1515152	5380.69697
660.3333333	5385.8
622.1153846	5389.153846
800.8823529	5389.058824
981.9545455	5389.090909
668	5393.5
958.3913043	5394.217391
658.8653846	5393.365385
748.4102564	5396.384615
656.6	5400.6
748.6129032	5402.677419
660.4375	5403.4375
666.296875	5404.265625
728.1818182	5405.5
655.85	5404.85
686.2333333	5406.277778
742	5409.333333
690.5714286	5409.816327
658	5415.2
660.75	5415.5
1001.875	5417.125
691.8125	5418.53125
1001.708333	5420.708333
750.4375	5426.15625
565.3103448	5430
699	5430.2
969.7777778	5432.5
744.7835052	5432.247423
730.9130435	5435.478261
736.0697674	5434.093023
742.3944223	5443.223108
907.275	5435.125
597.6666667	5436.125
446.9772727	5437.068182
691.5	5437.285714
695.8235294	5438
936	5439.8
730.7391304	5442.086957
912.3846154	5446.615385
693.630137	5447
699.65	5450.25
705.5151515	5451.090909
774.1333333	5451.4
710.2	5453
675.4035088	5456.210526
706.25	5455.375
679.8285714	5456.8
687.8857143	5456.942857
915.0740741	5458.407407
682.28	5461.52
656.7407407	5461.407407
705.3	5464.4
669.3636364	5467.090909
687.8611111	5471.527778
706.3125	5473.375
683.755102	5475.285714
755.4468085	5476.06383
760.5757576	5476.424242
616.8636364	5476.75
674.1666667	5478
751.0526316	5479.578947
670.3333333	5480.259259
706.0714286	5481.5
714.6896552	5480.344828
841.5	5480.777778
665.5	5481.714286
757.6666667	5482.777778
632.4	5482.6
752.1666667	5485.571429
918.125	5484.125
705.5882353	5486.117647
748.5	5485.9
662.5454545	5486.818182
620.6	5489.75
625.0606061	5488.69697
657.3333333	5490.380952
705	5490.7
575.9090909	5491.090909
664.2631579	5493.842105
656	5494.111111
710	5494.217391
649.119403	5496.835821
425.4117647	5495.882353
704.76	5495.32
701.0689655	5497.793103
652.0625	5499.1875
862	5499.545455
674.0625	5501.3125
716.8421053	5505.052632
783.4166667	5507.75
654.125	5508.875
712.1111111	5510.666667
752.8888889	5509.777778
726.1025641	5512.205128
625.0294118	5514.294118
613.2222222	5514.888889
650.2068966	5514.034483
877.1875	5515.9375
672.3529412	5516
676.1333333	5516.066667
608.1351351	5517.918919
616.5	5519
668	5519.166667
623.5	5524.5
670.5384615	5523.730769
626.875	5529.125
971.8333333	5528.666667
538	5532.5
884.9444444	5537.111111
976	5536.5
796.3684211	5538.736842
558.8947368	5540.421053
703.7142857	5541
651.7777778	5542.666667
920.7272727	5543.272727
639.1153846	5550.692308
617.2	5558.5
699.1818182	5558.181818
706.0769231	5562.538462
623.6363636	5562.545455
653.0909091	5565.090909
417.75	5569.75
677.5882353	5576.294118
909.875	5576.875
683.6521739	5579.608696
754.8888889	5581.333333
458	5594.5
654	5594.5
494.5	5602
730.25	5606.375
734.2631579	5612.684211
912.0344828	5616.793103
841.4375	5619.3125
464.25	5625.05
859.5	5627
693	5643
566.2272727	5649.181818
685.3333333	5675.555556
702.5	5682.875
735	5685
781.4375	5688.75
821.4848485	5691.969697
661.8421053	5699.842105
902.5	5705.285714
601.2222222	5706.518519
784.6538462	5709.884615
625.8421053	5747.157895
628.125	5752.125
585.5	5755
640.1111111	5758.333333
632.4	5760.2
629.9538462	5785.092308
589.6363636	5798.090909
601.7878788	5812.924242
612.5	5815.714286
706.6785714	5828
596.5185185	5832.296296
598.875	5836.875
622.2727273	5842.409091
627.9166667	5843.333333
636.2903226	5841.935484
810	5843.5
632.1481481	5845.481481
594.0909091	5846.909091
783.6363636	5846.5
751.08	5847.44
589.0416667	5849
614.5666667	5849.6
636.0681818	5850.045455
586.28125	5853.0625
592.6521739	5851.869565
572.5	5855.5
579.5	5856.1875
589.6470588	5857.088235
579.875	5859.875
575.8181818	5861.159091
569.5769231	5860.615385
566.125	5866.125
574.9642857	5866.285714
544.0666667	5867.933333
570.2	5866
550.7222222	5868.472222
571.2820513	5871.076923
565.1666667	5872.458333
591.4	5872.4
547	5876.848485
609.725	5878.2
605	5879
546.1176471	5881.764706
561.8235294	5880.852941
554.5454545	5885.636364
601.8181818	5887.545455
605.6153846	5887.384615
589	5888
558.1111111	5888.940171
564.3142857	5890.142857
561.6666667	5896.633333
539.5	5894
601.1333333	5894.533333
655.2413793	5896.482759
612.96	5895.48
555.9166667	5898.375
550.2790698	5898.162791
585.7407407	5898.37037
599.4166667	5898.916667
615.3888889	5899
715.1034483	5899.172414
558.5625	5902.3125
592.3461538	5901.205128
555.375	5904.4375
562.95	5901.3
614.4375	5904.25
532.0816327	5903.918367
540.9047619	5905.952381
562.1836735	5906.632653
531.9310345	5910.517241
524.1111111	5910.688889
567.8301887	5909.981132
764.52	5909.68
515.9716981	5914.358491
594.2857143	5911.5
573.3076923	5912.076923
557.1153846	5913
561.3703704	5912.962963
599.71875	5914.78125
553.09375	5914.625
764.3636364	5915.818182
567.6136364	5917.659091
580.1111111	5916.222222
540	5918.5
521.5789474	5918.578947
558.05	5918.975
595.8421053	5916.947368
550.2926829	5920.243902
529.1911765	5919
575.45	5919.85
598.3571429	5920.714286
536.9	5921.7
512.6153846	5923.153846
569.8444444	5923.644444
594.7142857	5923.380952
539.3333333	5923.333333
559.25	5924.625
546	5924.8
603.0769231	5925.076923
512.3846154	5926.384615
525.4347826	5926.217391
575	5926.1
516.75	5927
540.0263158	5928.552632
564.5952381	5930.333333
582.1603774	5932.900943
525.875	5932.333333
592.3	5933.5
538.9318182	5937.863636
653	5945.5
534.5248619	5948.149171
524.5	5950.789855
531.2650602	5959.759036
521.7916667	5959.166667
539	5960.5
516.862069	5963
536	5965.363636
514.94	5967.94
532.5294118	5966.647059
594.9767442	5969.232558
589.6363636	5972.090909
521.125	5975.125
510.4137931	5975.482759
586.9375	5981.6875
525.375	5983.8125
516.1794872	5987.871795
723.3	5989.75
612.6666667	5991.5
722.125	5994.125
488.7	6001.7
523.5833333	6013.5
525.9090909	6018.636364
494.9622642	6038.264151
502.5641026	6038.820513
537.7692308	6037.269231
547.0285714	6039.457143
540.244898	6041.387755
480.5652174	6042.413043
497.2	6042.5
527.5454545	6043.863636
496.3333333	6046.888889
517.55	6048.375
530.9285714	6047.464286
547.4583333	6045.458333
526.7333333	6048.466667
541.2142857	6051.142857
483.7272727	6053.272727
652.55	6053.65
525.875	6054.875
531.2682927	6054.439024
497.1212121	6058.393939
501.0909091	6060.909091
512.195122	6060.97561
498.1111111	6062.333333
509.7727273	6066.227273
532	6067.5
506.6363636	6069.181818
537.1111111	6069.333333
510.5	6070.285714
504.6315789	6071.947368
522.7222222	6072.277778
624	6072.8
508.0526316	6074.052632
631.875	6074.125
491.6666667	6075.111111
516.1944444	6074.861111
503.4444444	6076.111111
526.6666667	6076.333333
522.9705882	6077.588235
509.8301887	6079.358491
543.5555556	6081.888889
498.5454545	6081.181818
511.5555556	6084.111111
508.75	6085.75
545.2592593	6085.777778
553.8611111	6087.888889
549.2727273	6086.969697
542.5	6090
535.4545455	6089.454545
485.3043478	6091.782609
510.8636364	6093.272727
532.1176471	6091.411765
611.4347826	6093.086957
528.4444444	6093.666667
547.8518519	6093.37037
551.9677419	6095.129032
650.047619	6095.809524
554.7586207	6103.103448
529.3673469	6106.061224
521.4084507	6109.774648
535.0666667	6109.8
508.3150685	6112.09589
537.9090909	6113.636364
528.5	6115
548.3333333	6117.37037
646.96875	6123
636.8421053	6124.842105
650.3684211	6126.736842
501.4210526	6140
637.5483871	6140.258065
631.8571429	6142
641.0454545	6143.090909
504.5172414	6144.586207
501.3333333	6147.2
519.7692308	6149.230769
495.2790698	6150.162791
516.3913043	6153.304348
496.96875	6156.0625
531.2	6155.2
491.6969697	6156.515152
504.7692308	6155
516.1666667	6157.5
519.8888889	6156.666667
486.1578947	6162.157895
495.53125	6164.0625
505.9268293	6162.97561
647.6666667	6164.25
483.6363636	6168.545455
550	6168.5
645.125	6170.3
557.0909091	6172.636364
642.4	6175.2
705.0285714	6175.657143
496.9189189	6178.054054
490.8448276	6180.87069
487.1666667	6187.916667
533.12	6187.44
531.125	6190.625
478.45	6194.85
441.8181818	6202.181818
455.3636364	6204.090909
420.875	6530.875
