X	Y
0	0
0	6857
6857	0
6857	6857
710.75	51.375
676.1515152	85.42424242
706.1785714	111.1071429
730.7820513	142.1923077
695.875	168.875
758.5833333	168.8333333
651.9615385	170.7307692
764.5625	172.25
764.8666667	179.4
761.0909091	180
718.0757576	185.8939394
821	189
760.625	191.125
757.5882353	194.1176471
763.5510204	195.8979592
764.5434783	202.5434783
755.8461538	207.3846154
737.2244898	206.7959184
732.7037037	209.8148148
786	217
718.3333333	221
745.68	221.44
721.1428571	225.6785714
632.5833333	231.1666667
743.2647059	232.0882353
637.7	232.8
712.4222222	240.2222222
706.5060241	238.1445783
702.9791667	248
711.1617647	248.5294118
789.0666667	245.7333333
706.1923077	250.6153846
706	255.3181818
799.5517241	254.3103448
711.7857143	263.2142857
686.037037	266.037037
678.254902	273.9803922
788.9318182	286.0227273
779	294.5
787.4166667	293.75
782.5510204	300.8571429
666.5	319
659.3703704	320.8518519
556.5909091	324.6363636
818.9428571	329.2857143
798.3846154	331.3846154
815.5526316	333.2631579
654.3157895	343.6842105
648.6470588	362.8823529
786.8666667	377.1428571
782.987013	384.7012987
779.8039216	390.5490196
593.6363636	393.4545455
613.75	392.5
600.5294118	393.7058824
608.32	393.28
910.9090909	399.6363636
912.2307692	403.3846154
814.2105263	418.8947368
820.5	422.125
724.8333333	431.9166667
654.82	435.24
654.9411765	443.3529412
653.3809524	449.1428571
508.25	449.6666667
507	453.8823529
901.5	451.5
654	454.5
902.1666667	455.1666667
766.7142857	464.5
765.6	467.7
545.3888889	467.6666667
539.8	471.2666667
764.2666667	471.7333333
507.2692308	477.75
724.8823529	495.0588235
726.35	499.3
721.4054054	498.4324324
729.3939394	500.7272727
717.2608696	502.3043478
556.8275862	506.7241379
720.6944444	509.1944444
562.5	507
724.875	506.5
728.0277778	507.9722222
502.5	512
720	514.3333333
727	514.5217391
717.9583333	519.4791667
723.2777778	521.4722222
624.7727273	528.2272727
720.3026316	529.7631579
750.0769231	534.6923077
876.9722222	540.8796296
502	537.9
505.3636364	537.4545455
511.3333333	538.9333333
745.7272727	539.6363636
748.2937063	555.2342657
484.0444444	541.3777778
716.5932203	543.779661
735.5227723	576.4277228
744.0909091	544.7727273
883.0689655	543.7241379
733.0862069	549.7241379
743	550.5
713.4761905	549.1428571
717.7530864	553.3333333
728.9	553.3333333
724.4814815	554.8518519
722	559.8461538
717.0740741	560.4444444
725.8918919	560.4324324
753.8064516	568.8064516
752.2790698	575.3488372
743.137931	585.4137931
748.6594595	592.8378378
558.4166667	584.6666667
739.8	590
925.7692308	590.6923077
930.7586207	594.3103448
738.1315789	593.7631579
743	600.3636364
509.2619048	601.4285714
937.75	602.5833333
485.6363636	607.9090909
748.92	609.44
616.6	610.0666667
747.3	611.9
745.7788462	613.2884615
738.6304348	618.6086957
746.4418605	621.5581395
739.0689655	623.6896552
749.6098131	641.3878505
721.6129032	629.1612903
754.6	631.45
782.2307692	634.4615385
737.0263158	635.5
463.5833333	639.5625
740.8	640.4
741.097561	647.8170732
812	652.5
741.627451	655.9607843
580.7368421	667.3684211
607.5	669
924.1538462	668.3846154
460.9649123	673.5263158
644.6666667	680.5333333
814.3928571	684.0714286
893.8125	684.5
632	687
850.3333333	688.1333333
745.0645161	691.0645161
816.3888889	689.7222222
607.625	690.1875
699.6428571	692.7142857
949.8	695.2333333
695.1707317	695.9512195
701.3220339	698.0169492
655.5142857	700.1
609.375	701.5
660.7142857	703.2857143
465.6666667	704.0666667
652.1578947	705.6315789
643.875	709.125
910.6153846	708.8076923
841.5	712
583.125	712.125
580	715.1923077
844.8	714.7
909.9545455	714.9090909
848.0714286	716.7857143
853.0625	719.125
701.28	743.08
710.6	744.6
847.5263158	744.7368421
695	750.5
666.0512821	753.3333333
692.5555556	754.2222222
710.1904762	754.8095238
697.2564103	764.5641026
645.2173913	768.7826087
759.5245902	785.8688525
957.1153846	787
952.047619	788.2380952
967.6969697	789.2727273
486.125	790.125
961.5	790.2857143
901	797.0555556
897	808.6153846
621.5263158	809.6315789
553.52	825.24
662	844.9
735.0588235	849.6470588
463	850.3888889
462.1	854.2
735.0555556	854.8888889
461	857
548.2857143	858.9285714
698.8888889	859.3333333
735.2037037	861.4074074
475.9210526	875.8684211
1033.363636	882.3636364
833.0322581	884.9032258
1033.528302	887.7924528
1027.3	888.2
1024.083333	892.4166667
1027.052632	896.0526316
508.5	901.6666667
843.7	902.1
963.0285714	907.5714286
970.3428571	907.0857143
842.2972973	907.5135135
833.4871795	914.2564103
945.5945946	916.2162162
478.5128205	915.4871795
835.6923077	919.3461538
936.55	916.1
708.4285714	918.5714286
831.0714286	922.2857143
835.9393939	925.0606061
832.9367089	931.2151899
903.3571429	927.2142857
548.8823529	931.7647059
677.6	935.96
837.4745763	938.4067797
507.1707317	940.1219512
840.72	944.12
834.5384615	945.6923077
838.7777778	948.5555556
859.5294118	949.7647059
462.0666667	952.2666667
466.6666667	952
1022.723684	950.9868421
468.1666667	954.5
1027.647059	954.8235294
1023.851852	959.1851852
1030.047619	958.3809524
1034.9375	960.125
837.5581395	962.6511628
998.5454545	962.6363636
559.0909091	962.6363636
1065.913043	964.4347826
559.4090909	967.0454545
699.875	965.6666667
1079.235294	965.8823529
1072.25	967.40625
562	971.5
680.7777778	970.9444444
563	975.5
679.7	978.7
779.65625	982.390625
563.3478261	982
793.6363636	984.7272727
796.9	986.8
779	991.1875
681.0465116	992.0232558
673.25	996.0833333
612.6923077	998.8461538
672.125	999.875
819.9428571	998.7428571
574.6176471	1002.323529
697.125	1004.875
555.4035088	1006.824561
697.5909091	1011.227273
842.875	1011.875
528.6666667	1022.363636
1013.384615	1020.615385
1009.125	1021.875
778.24	1024.64
420.9047619	1025.52381
1000.515789	1027.231579
426.84375	1027.4375
534.7916667	1030.083333
430.6222222	1031.622222
661.2352941	1031
714.875	1035.125
434.5	1037
663.8846154	1035.807692
697.952381	1041.095238
658.5	1043.5
691.5238095	1044.214286
904.1136364	1044.159091
664.0434783	1042.347826
696.1428571	1044.428571
910.2173913	1044.652174
936.9	1046.2
666.9230769	1047.384615
909.2	1048
660	1048.75
929.6153846	1050.384615
1094.8	1050.9
1098.071429	1051.357143
1091.615385	1052.384615
661.8181818	1052.363636
921.4666667	1053.166667
663.3333333	1056
878.2325581	1054.255814
1099	1055.826087
402.2	1063
664.6363636	1063
396.7857143	1064.571429
400.1	1066.2
489.4615385	1079.384615
493.2	1080
824.875	1083.791667
863.8333333	1084.166667
867.826087	1088
1080.264706	1086.441176
860.90625	1088.71875
864.5	1092
857.8231707	1097.853659
656.6136364	1094.545455
820.2666667	1093.666667
867.4761905	1094.047619
907.1923077	1096.576923
868.4428571	1100.785714
905.9473684	1100.684211
855.1304348	1106.5
836.5882353	1105.352941
860.7	1106.6
724.7419355	1106.967742
657	1113
802.4545455	1111.636364
760.6666667	1112.888889
496.8695652	1115.608696
500.6666667	1118.277778
659.6666667	1118.481481
501.6451613	1123.645161
756.42	1123.24
660.6666667	1127.333333
664	1127.333333
501.3333333	1129.722222
991.2580645	1132.258065
502.3333333	1136.121212
1083.384615	1138.384615
986.9166667	1138.75
704.1666667	1145.416667
441.3272727	1144.545455
501.3684211	1146.473684
508.3170732	1145.804878
1064.8	1147.24
706.6666667	1148.111111
379.4864865	1151
640.8181818	1152.454545
707.44	1156.64
430.4333333	1160.066667
933.6428571	1160.214286
519.6190476	1161.119048
637.0512821	1165.435897
864	1165.5
431.6060606	1166.848485
520.2333333	1167.6
633.0833333	1165.791667
647.4545455	1168.886364
430	1172
631	1172
645.0882353	1175.882353
642.9090909	1182.227273
1043.227273	1191.454545
891.5	1195.35
487.3636364	1199.136364
373.5384615	1204.153846
382.0746269	1204.238806
938.4444444	1205.185185
834.6153846	1209.384615
936.5454545	1209.636364
485.5277778	1211.972222
757.7222222	1211.666667
891.4	1212.45
1114.5	1213
887.6666667	1214
932.5	1214.5
911.7692308	1216.923077
1104.261538	1216
1094.272727	1218.424242
1089.352941	1220.882353
610.6222222	1226.155556
607.961039	1233.753247
861.9622642	1230.188679
615.5245902	1234.081967
634.2222222	1231.333333
998.0909091	1231.363636
1046.47619	1235.904762
611	1235.111111
1021.823529	1238.823529
997.375	1242.1875
973.2068966	1241.931034
968.7631579	1243.026316
1040.565217	1247.565217
1039.44	1252.88
1043.916667	1253.666667
1043.538462	1259.435897
606.1304348	1271.456522
602.7460317	1275.920635
675.25	1282.5
783.8823529	1284.588235
905.8888889	1285.666667
381.3214286	1287.107143
505.173913	1287.76087
886.4285714	1286.928571
889.0555556	1289.388889
700.7692308	1295.230769
684.8505747	1298.701149
676.25	1298.25
697.5925926	1299.518519
490.5	1300
442.125	1307.875
448.5	1316
548	1317.5
679.5	1321
590.7692308	1322.384615
594.3636364	1323.090909
781.4736842	1323.105263
529.4	1325.866667
569.6470588	1326.431373
533.6190476	1330.238095
673.8888889	1333.666667
365.5428571	1335.057143
655	1338.8
787.4117647	1338.352941
823.8108108	1340.135135
646.3333333	1343.733333
861.6774194	1343.612903
855.3717949	1343.923077
983.6153846	1352.384615
426.5833333	1354.166667
761	1355.2
763.962963	1357.222222
418.875	1358.125
848.3636364	1358.772727
857.2135922	1359.873786
761.2631579	1360.842105
768.6	1361.08
416.3157895	1363.157895
763.9583333	1364.333333
793.0869565	1365
767.8	1365.6
850	1366.2
900.1538462	1364.846154
869.7	1366.8
771.9	1368.6
898.5102041	1369.979592
868.1578947	1371.473684
899.75	1375.1
379.5	1380.285714
383.3333333	1381.533333
693.4285714	1381.095238
385.125	1384.875
698.3125	1384.8125
694	1386.2
1031.619048	1404.904762
859.5	1408.5
853.8	1410.5
853.3333333	1415.166667
583.3333333	1416.444444
835.375	1422.25
857.96	1426.52
852.8333333	1427.222222
853.6	1431.4
793.1719745	1438.541401
800.6923077	1433.115385
803.1190476	1438.928571
799.6470588	1440.529412
807.122807	1438.350877
698.5	1442
807.5	1443.5
801.1702128	1446.765957
788.1818182	1446.581818
802.8461538	1450.666667
732.3846154	1449.076923
787.640625	1452.03125
590.8095238	1450.238095
785.7692308	1455.538462
796.84	1451.84
733.875	1452.875
794.974359	1456.128205
423.5454545	1456.181818
972.4444444	1457.333333
789.0833333	1461.133333
731.1714286	1459.742857
770.125	1460.125
536.625	1461.0625
589.8596491	1459.736842
443.875	1463.125
784.2380952	1464.52381
584.8421053	1466.789474
700.7051282	1479.064103
1043.533333	1477.866667
430.2352941	1478.647059
434.125	1481.0625
440.125	1481.125
389.8363636	1483.563636
694.1538462	1482.461538
439.25	1484.5
704.40625	1487.65625
736.25	1489.416667
703	1491.5
706.675	1494.175
691.9444444	1497.111111
387	1501
455.875	1504.791667
460.7142857	1505.071429
386.0555556	1506.666667
450.1891892	1506.027027
830	1507.666667
369.5128205	1507.205128
375.8571429	1507.571429
381.8367347	1507.387755
465.4571429	1507.828571
691.8	1510.7
716.3333333	1512.111111
647.8	1515
680.6666667	1515.333333
685.65	1517
869.3846154	1520.384615
391.6448598	1518.560748
641.7058824	1522
516.2941176	1523.411765
916	1528.2
591.72	1527.92
1076.153846	1528.461538
705.125	1532.875
651.6153846	1533.615385
1013.3	1532.15
398.5806452	1534.709677
580.6666667	1534.888889
709	1535
785.8461538	1535.230769
652	1537.5
695.90625	1539.65625
707.7272727	1539.727273
711.125	1539.875
578.25	1547.083333
652.3846154	1549.384615
437.2777778	1558.944444
650.1111111	1560.111111
653.875	1562.875
980.0909091	1563.363636
664.4	1564.6
657.6666667	1566.875
797.6875	1567.375
654.4	1569.55
605.3333333	1569.888889
662.4791667	1570.5625
502.6521739	1572.869565
792.0740741	1578.407407
1148.944444	1580.527778
523.6923077	1587.192308
866.3125	1585.9375
750.5652174	1602.086957
824.4166667	1610.25
349	1618
476.03125	1617.46875
816.5	1618
557.8983051	1618.915254
322.875	1621.125
320	1622.2
823.9444444	1622.722222
868.2857143	1630.5
974.5	1632
698.5238095	1634.857143
695.2727273	1639.204545
520.4561404	1641.649123
512.1944444	1642
927.5882353	1644.117647
526.9264706	1645.352941
692.5434783	1644.130435
922.4545455	1644.636364
611.9090909	1648.727273
922.0909091	1648.636364
960.2	1653.5
665.0338983	1652.016949
687.1	1654.9
690.5	1655
999.6363636	1655.090909
298.6923077	1657
628.8181818	1658.181818
999	1658
666.8596491	1660.859649
994.6428571	1658.785714
302.0555556	1659.611111
626.5	1660
391.8666667	1661.4
396.5	1661.5
695.3478261	1662.608696
1056.222222	1662.5
308.6	1663.75
1060.85	1663.55
1057.5	1666.285714
582.7804878	1676.073171
624.8947368	1680.5
748	1681
818.875	1680.875
746.7894737	1684.789474
803.875	1686.875
404.3414634	1689.878049
629.4166667	1688.805556
636.7428571	1691.142857
811.78125	1690.5
484.5	1691.5
728.75	1693.125
804.2666667	1692.933333
697.5454545	1694.818182
725.2068966	1697.37931
698.95	1699.3
1121	1699.714286
650.8148148	1699.925926
446.9583333	1705.208333
654.2142857	1706.785714
449.7647059	1709.941176
1118.470588	1708
677.3846154	1711.384615
1114.678571	1712.357143
974.3076923	1713.615385
659.2941176	1714.705882
466.48	1716.68
532.3846154	1716.384615
655.6666667	1715.866667
1109.2	1719.857143
475.8461538	1720.384615
556.4666667	1723.7
471.6	1723.5
866.9166667	1725.666667
330.2444444	1727.888889
847.3880597	1727.80597
1063.419355	1727.677419
851.2631579	1730.105263
641.2962963	1729.444444
739	1731
524.5	1733
1106.842105	1733.578947
541.5333333	1736.466667
565.05	1736.5
559	1739.166667
1108	1738.5
522.3571429	1739.785714
518.7826087	1742.434783
598.125	1744.5
767	1746.5
599.3	1749.4
604.0344828	1751.896552
447.5333333	1753.533333
607.2352941	1754.352941
598.0545455	1755.127273
350	1756.266667
358.3846154	1755.948718
442.3548387	1756.83871
570.88	1755.36
712.125	1755.875
364.5263158	1757.210526
611.175	1755.65
798.6	1756.866667
722.4166667	1756.333333
383.76	1759.48
566.0555556	1758.111111
603.9714286	1759.028571
915	1759
721.4615385	1759.897436
749.525	1760.15
892.1578947	1760.157895
594.9090909	1761
650.9117647	1762.941176
589.75	1762.25
647.35	1760.8
660.6170213	1763.553191
1023.466667	1763.666667
589.0909091	1764.909091
576.1111111	1767.333333
603.4693878	1766.142857
654.1363636	1767.045455
608.5961538	1766.173077
521.875	1768.875
543.0384615	1769.692308
559.9	1772.083333
840.6666667	1771.333333
873.8	1771.5
555.3793103	1771.275862
649.7368421	1773
551.5576923	1773.557692
655	1775.5
796	1776.625
799.875	1776.5
334.4193548	1777.129032
547.7647059	1779.529412
668.1428571	1778.071429
844.1428571	1779.071429
339.2	1780
579	1783.384615
558.7	1785.5
546.2727273	1786.181818
954	1785.8
642.0571429	1789.4
645.8571429	1790.428571
543.1666667	1791.484848
550.875	1790.125
651.2258065	1789.870968
539.8833333	1797.366667
610.8888889	1793.333333
635.9230769	1793.384615
283.0833333	1794.333333
509.8958333	1802.729167
543.030303	1802.030303
419	1805
866.2040816	1804.153061
539.1351351	1806.513514
628.5	1814.285714
1077.15625	1814.8125
804.1	1814.9
326.5	1822.157895
774.4117647	1829.058824
593.7	1830.8
592	1834.5
511.6666667	1845.37037
408.7037037	1855.555556
618.5833333	1855.75
406.5	1859.222222
614.6774194	1858.322581
914.0555556	1861.222222
916.3214286	1864.107143
923	1866.307692
319.1875	1870.90625
575.8666667	1872.933333
572.5	1877.184211
635.6296296	1878.148148
467.5	1883
1133.111111	1882.5
367.3166667	1884.983333
284.5365854	1887.365854
374.875	1888.125
509.1111111	1889.25
575.5	1891.5
1039.696429	1892.642857
724	1893
475.3333333	1891.8
708.6	1894.2
707.1913043	1926.586957
716.3546099	1914.449173
476.2368421	1897.236842
700.1590909	1900.522727
717.5121951	1896.02439
857.3333333	1904.555556
940.625	1905.5625
815	1906.2
723.8125	1908.1875
441.6	1911.75
564.36	1917.04
723.6969697	1915.787879
366.3076923	1920.615385
370.9444444	1920.833333
724.4375	1921.75
567.5769231	1925.730769
575.4186047	1924.325581
285.2571429	1926.628571
572	1928.193548
1093.923077	1926.692308
407.4545455	1929.290909
581.5769231	1928.923077
721.9090909	1929.090909
416.2222222	1928.694444
525.8571429	1930.228571
522	1931.625
576.7777778	1931.666667
1094.652174	1931.826087
532.047619	1933.785714
874	1933
1116.461538	1933.461538
1142.875	1934.0625
883.8333333	1934.75
1136.6	1936.228571
886.8888889	1935.722222
1092.466667	1936.333333
1124.907692	1935.969231
602.6666667	1937.333333
946.6153846	1938.615385
531.3333333	1940
1091.5	1940
525.7142857	1940.5
583.75	1941.666667
656.1538462	1945.692308
463.6849315	1945.39726
475.6363636	1946.363636
589.2631579	1945.070175
596.5072464	1946.811594
659.5	1946.5
530.9090909	1947.272727
992.0217391	1949.086957
875.5	1949.5
586.9210526	1952.631579
989.75	1953.375
606.2352941	1952.764706
708.6363636	1954.090909
937.1818182	1953.909091
662.9473684	1958.631579
715.2	1959
937.6315789	1959.447368
943.6111111	1959.888889
339.1578947	1959.894737
656.5698925	1964.419355
664.0227273	1964.25
563.2	1967.433333
539.6285714	1966.685714
584.25	1969.416667
673.1111111	1969.444444
538.047619	1971.857143
602.875	1974.875
410.5	1976
592.46875	1979.203125
597.6976744	1976.395349
944.6153846	1979.153846
631	1980
542	1981.5
1056.133333	1981.933333
1063.571429	1982.071429
1059.666667	1982.8
543.6428571	1985.5
1052.090909	1985.045455
519.4074074	1985.888889
586.28	1984.14
1037.928571	1987.535714
591.9850746	1987.80597
1042.636364	1991.363636
522.5789474	1992.657895
1039.818182	1991.727273
792.0909091	1993.363636
1151.473684	1996.157895
301.3636364	2004.090909
594.1666667	2007.75
368.1071429	2011.428571
945.5	2015
927.6666667	2017.916667
781.9090909	2020.272727
449.1111111	2022.333333
930.875	2023.125
930.4117647	2027.411765
407.6875	2031.5
328.6363636	2033.909091
701.6153846	2033.461538
332.96	2034.56
775.2	2037.5
1070.8125	2043.21875
1077.909091	2043.818182
1084.285714	2043.892857
569.5454545	2045.090909
1000.230769	2056.076923
662.1290323	2061.290323
1195.583333	2067.333333
1082.933333	2073.066667
318.1176471	2075.411765
994.6666667	2074.888889
785.1176471	2078.411765
1082.296296	2077.481481
812.862069	2077.5
1078.666667	2079.666667
816.8409091	2082.340909
842.6666667	2083.111111
1074.125	2083.4375
419.7142857	2086.071429
809.744186	2086.162791
815.9565217	2088
848.4583333	2085.6875
422.5	2087.125
803.7894737	2086.157895
712.75	2088.375
1198.625	2088
805.2857143	2089.928571
648	2089.513514
803.72	2093.92
645.2857143	2095.642857
705	2096.2
702.3846154	2098.923077
1054.583333	2099.208333
1083.615385	2098.461538
537.6190476	2103.666667
616	2103
338.7142857	2106.380952
744.7222222	2106.444444
693.375	2107.8125
801.8888889	2106.666667
392.6363636	2108.909091
396.8333333	2108.916667
535.6153846	2108.923077
728.1590909	2110.375
405.5833333	2110.777778
411.75	2113.375
722.3939394	2112.848485
755.7894737	2113.842105
530.4545455	2115
260.195122	2118.585366
726.7037037	2119.259259
522.5769231	2119.884615
529.2807018	2119.157895
610.4761905	2120.761905
653.7142857	2120.107143
731.7837838	2121.027027
344.2222222	2121.777778
807.2666667	2122
338.9117647	2122.970588
804	2124
810	2124.833333
896.6666667	2125.888889
893.6666667	2129.095238
604.3846154	2131.615385
506	2133
455.8	2133.5
293.7	2138.15
597.875	2138.125
693.1818182	2139.545455
713.9493671	2143.341772
740.3333333	2142.666667
296.6666667	2142.888889
697.8181818	2143.272727
504.8421053	2141.894737
746.9259259	2143.703704
728.8571429	2149.285714
506.0697674	2150.72093
608	2150.275862
260.1538462	2151.615385
730.0555556	2152.777778
503.9574468	2158.255319
597.9	2161.95
592.3333333	2163.566667
592.7878788	2167.939394
539	2172.892857
924.1176471	2174.058824
504.7	2174.666667
538.6666667	2178.888889
669.1176471	2182.588235
622.8571429	2185
533.3636364	2192.909091
345.5	2194.2
349.5384615	2195.692308
1064.7	2197.1
260.1052632	2198.473684
937.7	2200.7
308	2204.117647
1061.382353	2206.470588
629.25	2209.625
772.7	2208.65
778.2222222	2209.722222
1139.647059	2211.529412
1060.166667	2213.125
595.5454545	2213.863636
607.9047619	2213.47619
1135.545455	2214.363636
778.5	2216
945.7	2216.5
1056.666667	2215.666667
1130.166667	2216.444444
438.5	2218.333333
1123.421053	2218.868421
942	2219.5
627.125	2223.125
241.5217391	2230
401.25	2229.15
447.5789474	2229.842105
552	2231.2
827.6666667	2231.888889
748	2233
719.0833333	2236.25
278.5230769	2236.030769
726.125	2237.875
493.7741935	2243.096774
505.9259259	2245.148148
931.4444444	2246.111111
495.5238095	2247.857143
347.125	2254.875
492.9230769	2254.769231
520.972973	2259.756757
906.4615385	2262.615385
491.5454545	2264.272727
520.6	2266.866667
393.125	2268
395	2275.5
937.9	2275.95
775	2277.5
913.9583333	2283.208333
926.4705882	2281.235294
809.6875	2285.0625
301.952381	2287.690476
924.1842105	2289.236842
1022.933333	2289.306667
802.7391304	2289.217391
1015.461538	2293.538462
271.5	2292
276.1666667	2292.083333
928.625	2292.96875
582	2292.5
918.2352941	2292.588235
1142.5	2293
630.875	2293.875
1139.75	2294.75
806.8888889	2295.333333
917	2297.2
922.6888889	2295.822222
927.2380952	2298.809524
1008.583333	2299.25
578.0681818	2298.272727
334.6315789	2301.421053
339.2666667	2300.733333
805.56	2301.2
627.5238095	2301.666667
997.8378378	2305.27027
440.1176471	2305.470588
811.1428571	2303.285714
782.4375	2308.9375
807.4313725	2307.647059
736	2308.882353
441.5238095	2309.714286
750.5	2310.5
879.2857143	2310.5
444.8181818	2311.636364
777.75	2314.28125
816.64	2315.32
628.1578947	2317.842105
462.5806452	2322.096774
655.1666667	2325.416667
779.8947368	2325.157895
285.8461538	2327.153846
777.4545455	2327.636364
562.85	2328.05
655.9285714	2328.857143
846	2328.875
1048	2331
1195.066667	2331.466667
288.5714286	2331.52381
559.952381	2332.047619
640.6666667	2333.555556
1197.909091	2335.454545
1032.5	2334.8
554.6666667	2336.866667
655.3333333	2337.5
1030.52381	2339.380952
409.5909091	2341.166667
550.2	2340.066667
332.6153846	2340.615385
658.7352941	2341.470588
335.6666667	2342.222222
546.6153846	2342.384615
279.4285714	2343.714286
403.75	2343.4375
284.4117647	2345.647059
635.3636364	2345.454545
228.7592593	2347.240741
505.2142857	2350.5
919.9677419	2351.580645
286.8888889	2350.666667
588.8857143	2352.085714
632.8333333	2351.277778
671.7857143	2353.285714
769.8333333	2353.916667
507.2777778	2355
504.2592593	2356.925926
772.5454545	2356.363636
914.9333333	2356.4
920.4827586	2355.655172
1110.904762	2358.619048
644	2361
671.5660377	2360.283019
915.6153846	2361.615385
588.3636364	2362.909091
1121.257143	2363.728571
1137.413333	2365.053333
654.1538462	2364.769231
1180.888889	2365.888889
971.4545455	2367.363636
1148.909091	2366.424242
1172.625	2367.375
1176.777778	2367.111111
297.254902	2371.137255
471.09375	2369.25
657.7297297	2370.756757
676.7692308	2372.230769
935.5	2378.714286
468.3846154	2380.384615
241.3636364	2381.090909
1064.421053	2382.578947
373.0909091	2385.090909
606.4565217	2387
614.9108911	2387.653465
948.1232877	2388.109589
692.125	2389.875
610.6521739	2393.304348
615.1428571	2393.52381
739.1111111	2390.555556
557	2393.8
672.2413793	2402.37931
686.05	2401.6
721.7	2400.933333
949.984375	2400.546875
944.2083333	2402
424.125	2404.875
323.1875	2405.9375
349.6785714	2406.339286
675.6428571	2407.428571
358.6428571	2408.047619
428.45	2406.75
744.3272727	2407.175758
516.4615385	2407.538462
334.1147541	2410.02459
365	2408.645161
410.0909091	2409.090909
754.5526316	2409.684211
518	2413
678.627451	2413.901961
650.9230769	2414.076923
740.3125	2415.46875
746.137931	2414.793103
649.1363636	2417.681818
750.8974359	2416.025641
682.1875	2420.3125
745.6551724	2420.586207
579.5714286	2421
739	2420.857143
582.125	2423.75
749.875	2423.125
791.3877551	2425.346939
252.6666667	2425
648.2439024	2423.902439
752.3333333	2428.888889
650.6363636	2429.454545
784.75	2431.15
889.875	2431.125
821.5070423	2430.985915
794.75	2433.604167
1020.7	2433.6
753.5454545	2434.818182
1018	2435.846154
583.6521739	2436.391304
790.6	2436.6
816	2442.5
340.7272727	2445.5
296.8571429	2445.928571
345.9375	2446.3125
301.05	2449.8
305.1764706	2453.352941
904.5	2452.2
373.1428571	2454.428571
844.5512821	2455.551282
912.3478261	2457.217391
916.0833333	2457.75
422.25	2461.166667
770.1111111	2462.055556
600.9444444	2475.888889
931.3333333	2481.933333
419.3611111	2483.972222
589.8	2483.733333
928	2484.035714
261.5833333	2485.833333
266.5	2486
587.6785714	2488.178571
935.8888889	2489.333333
759.875	2490.25
816.3846154	2490.615385
419.4722222	2491.833333
294.2142857	2493.928571
360.5454545	2495.181818
448.038835	2497.970874
557.0714286	2494.857143
898.1851852	2495.666667
935.3157895	2499.078947
533.3478261	2497.434783
766.4827586	2500.827586
417.3148148	2500.62963
558	2500.8
906.5555556	2501.333333
532.6521739	2503.347826
998	2502.2
633.3846154	2503.384615
934.2439024	2503.902439
557	2504
414.326087	2506.369565
857.6363636	2507.090909
860.6818182	2508.909091
1032.636364	2506.909091
1036.625	2508.75
715.5263158	2508.631579
763.84	2508.18
412	2510.705882
1113.363636	2514.090909
931.3333333	2515.111111
1139.857143	2515.928571
1120.688889	2516.977778
1132.333333	2517.027778
1146	2516.571429
765.4	2516.7
776.9090909	2518.363636
881.6666667	2518.111111
1227.5	2521
762.2608696	2521.173913
765.5	2523
880.1111111	2523.333333
338.9148936	2526.446809
763.1578947	2526.157895
786.3333333	2527.333333
268.6363636	2527.909091
264.5	2528.5
230.875	2531.125
642.1538462	2531.461538
656.6666667	2530.888889
555.4193548	2531.387097
627.5	2532.208333
743.2941176	2533.294118
761.5238095	2531.97619
538	2534.055556
637	2535
644.6666667	2535.666667
754.7142857	2535.5
554.5714286	2537.214286
596.4444444	2537.666667
672.875	2538.375
759.2658228	2539.911392
552.1818182	2539.818182
829.6363636	2539.454545
963.975	2539.625
951.7142857	2540.5
860	2543
952.2142857	2544
627	2545.5
859.9285714	2546.285714
758.9090909	2548.363636
617.5	2550.333333
918.2173913	2551.565217
625.3589744	2552.384615
1222.595238	2554.785714
375.6428571	2554.785714
865.8125	2553.9375
912.2	2556.3
537.5	2557.5
592.7222222	2558.888889
817.2916667	2559.291667
865.3888889	2559.666667
535.4444444	2560.666667
840.875	2560.125
417.6363636	2560.090909
332.5	2562
626.2619048	2560.738095
264.6363636	2562.909091
856.6666667	2564.111111
241.5384615	2564.846154
864.3636364	2564.454545
998.5	2565
245.1818182	2565.545455
266.6666667	2565.444444
626.0952381	2568.095238
268.3846154	2568.538462
852.725	2568.625
856.8	2569.9
860.3636364	2569.909091
885.125	2570.5
1023.125	2571.875
1025.875	2572.875
1167.363636	2573.090909
343	2573.5
184.8695652	2575.695652
434.7333333	2575.933333
625.4634146	2575.414634
435	2580.5
860.5384615	2581.384615
963.9375	2580.875
623.9285714	2582.642857
966.8888889	2585.333333
852.4074074	2587
262.9722222	2587.972222
856.7	2587.55
859.6363636	2589.545455
834.5714286	2590.5
848.8125	2589.625
927.8787879	2590.30303
355.5625	2592.5625
351.1904762	2594.809524
859.1	2594.9
1056.647059	2595.058824
929.0935673	2604.421053
844	2596.888889
1062.083333	2596.333333
354.75	2598.678571
810.9166667	2597.416667
969.1111111	2598.666667
830.6632653	2599.632653
292.3076923	2601
287.2	2601.9
431.5641026	2602.564103
300.5263158	2601.763158
900.0526316	2602.315789
1260.166667	2602.583333
306.4117647	2605.058824
439.7666667	2604.166667
287.9333333	2605.4
281.2424242	2606.969697
171.3888889	2608.5
1191.166667	2608.958333
256.9230769	2612.461538
487.7619048	2611.380952
895.75	2612.1875
974.5357143	2612.464286
899.0952381	2612.47619
889.8823529	2613.764706
604.15	2615.25
977.2857143	2617.142857
1262.333333	2614.166667
610.9047619	2616.428571
1261.77551	2619.306122
297.6538462	2622.884615
1165.931034	2624.482759
929.3913043	2625.26087
837.0833333	2625.416667
993.1428571	2626.357143
396.2777778	2629.222222
1178.153846	2629.153846
794.6	2633.733333
1184.111111	2634.055556
509	2635.153846
1007.5	2638
708.6363636	2638.454545
793.5	2638.833333
233.125	2640.875
873.16	2641.68
237.3684211	2643.263158
548.0416667	2643.291667
798.8461538	2642.769231
522	2644.2
1078.125	2644.125
796	2645.8
260.8823529	2647.117647
941.3157895	2648.789474
248.125	2648.875
945.9375	2650.3125
218.7826087	2652.869565
563.6315789	2655.526316
926.875	2656.5
897.2727273	2657.090909
573	2658
867.1666667	2657.888889
780.6521739	2659.26087
921.0222222	2659.355556
562.1515152	2660.575758
776.5588235	2659.735294
266.3333333	2661.666667
270.2	2662
900.5535714	2662.839286
689.6666667	2663.222222
177.1538462	2664.076923
1141.5	2663.5
560.5652174	2665.782609
808.8484848	2664.575758
838.9090909	2665.363636
897.1904762	2665.809524
842.0769231	2671
744.15	2669.15
180	2670.5
338.2941176	2670.529412
344.8823529	2669.588235
355.8378378	2669.243243
560.0833333	2670.333333
617.6363636	2671.090909
681.125	2670.875
688.9074074	2670.074074
1166.875	2670.84375
1159.166667	2671.916667
445.4	2671.7
814.6666667	2672.888889
897.3333333	2673.142857
835.8165138	2671.87156
444.0384615	2675.5
784.05	2676.45
842.6	2676.533333
890.8245614	2677.614035
1129.666667	2676.083333
681.9	2678.9
686.1184211	2681.223684
1125.5	2678.8125
497.3846154	2681.384615
750.3333333	2680.666667
884.6666667	2681.111111
748.7333333	2685.066667
386.6956522	2686.347826
942.5	2685.8
449.125	2687.125
681.4285714	2686.107143
1030	2687
928.28125	2687.09375
949.5	2688.1875
348.1612903	2690.290323
678.125	2689.666667
1101.15	2689.9
432.0277778	2690.916667
748.4117647	2689.823529
816.7083333	2691.583333
351.75	2694.6875
522.8333333	2693.666667
539.8181818	2693.409091
283.6666667	2696.944444
523.0909091	2698.363636
766.6666667	2699.25
444.2916667	2699.333333
275.2	2699.8
684.3925234	2697.794393
749.4285714	2700.714286
282.4	2700.36
439.1666667	2701.277778
851.0714286	2701.857143
286.0384615	2703.307692
514.1	2702.95
575.244898	2705.040816
765.9473684	2706.578947
684.8571429	2708.095238
227.6862745	2708.72549
684.8961039	2715.961039
1193.363636	2712.090909
575.5	2713.6
818.125	2716.5625
574.8823529	2718.117647
682.2285714	2720.371429
815.3636364	2720.181818
750.0238095	2722.166667
929.1578947	2721.526316
1191.95	2720.65
537.5	2722.727273
575.2222222	2723.333333
1193.538462	2724.384615
863.875	2724.55
381.7777778	2725.666667
385.875	2727.125
578	2728.2
503.375	2728.625
574.5882353	2727.117647
683.6949153	2729.474576
389.4444444	2730.277778
811.3333333	2729.916667
365	2734.5
861.3157895	2734
865.8333333	2733.416667
895.4444444	2734.333333
384	2736
867.8	2737.6
369.125	2736.875
387.5	2737
392.8888889	2737.814815
993.25	2737.1875
684	2737.5
267.0909091	2739.363636
682.3333333	2740.75
995.2564103	2741.128205
865.8518519	2743.166667
411.7	2746.3
472.125	2745.875
988.6363636	2746.818182
893.8142857	2747.985714
1156	2749
681.9019608	2749.392157
937.875	2750.125
864	2750.542857
898.0526316	2752.368421
428	2753
858	2753.088235
433.24	2753.96
1001.642857	2753.214286
1253	2754.5
601.125	2755.125
680.0769231	2756.692308
679.0454545	2761.318182
362	2763.5
443	2764.5
738.85	2765.85
300.1052632	2767.947368
680.0357143	2770.214286
717.5806452	2771.225806
710.0789474	2773.578947
702.6	2774.26
465.8846154	2775.307692
690.5921053	2775.434211
1020.178571	2779.964286
461.6666667	2779.074074
1016.190476	2781.047619
125.5	2781.5
547.0727273	2782.218182
407.5789474	2785.684211
1013.125	2790.125
735.5	2792.8
211.1538462	2801.076923
275.0555556	2809.166667
761.4324324	2812.594595
862.5384615	2814.384615
766.9591837	2814.632653
903.0666667	2816.266667
190.4137931	2816.724138
246.8	2816.666667
1050.125	2819.875
131.6666667	2820.75
778.3	2820.65
188.875	2823.875
809.125	2827.875
134.0454545	2828.681818
924.0769231	2830.446154
493.8181818	2833.909091
497.875	2833.875
334.6666667	2835.4
194.4761905	2841.380952
911.8888889	2843
917.1363636	2842.772727
239.7	2843.3
731.1818182	2842.818182
137.6666667	2844.111111
282.7407407	2845.296296
736.755102	2844.816327
815.1111111	2845.333333
141.375	2845.75
919.3	2846.65
407.2857143	2847.214286
751.55	2847.85
909.75	2848.25
1050.666667	2848.111111
500.4074074	2849.481481
1099.692308	2849.153846
734.12	2851.12
738.5	2852.4
857.0289855	2852.956522
1094.75	2854.704545
743.4150943	2853.962264
739.4166667	2858.916667
1235.875	2859.125
736.5	2861
858.9589041	2861.90411
131.0454545	2863.090909
730.28125	2862.875
1059	2864
1092.416667	2864.458333
732.2222222	2866.962963
862.0454545	2867.909091
1107.2	2868.5
727.2222222	2869.222222
737.372093	2870.302326
119.75	2871.416667
265.7	2874.5
184.9230769	2876.307692
725.7083333	2875.583333
730	2877.5
726.2941176	2880.176471
186.9090909	2880.636364
1121.888889	2881.333333
833.5	2884.65
331.875	2889.125
1103.037037	2889.259259
1102	2893.8
1205.716981	2894.660377
1199.315789	2896.263158
1101.090909	2897.363636
829	2900.5
935.0625	2901.8125
211.9411765	2902.764706
216	2907
801.5	2906.772727
300.8214286	2907.928571
724.65	2908.2
1098.636364	2909.727273
801.1724138	2911.172414
885	2911.5
257.2	2911.9
291.5555556	2912.111111
260.5744681	2915.468085
1104.888889	2917.333333
325.5	2923.25
111.2307692	2923.846154
330	2925.636364
788.1875	2928.25
792.8846154	2927.846154
917.5789474	2931.052632
211.5454545	2934.636364
616.7058824	2940.647059
683.8	2941.1
287.1538462	2943.384615
614.1538462	2943.538462
742.5454545	2946.363636
149.0740741	2959.407407
1151.75	2975.6875
94.3	2975.6
160.6153846	2981.115385
287.2	2979.9
1234.7	2980.2
354	2982.8
250.2	2985.68
158.7222222	2988.944444
193.6521739	2990.73913
201.3478261	2990.434783
186.1388889	2990.972222
197.5	2991.25
253.2413793	2991.965517
206.5	2991.8
323.875	2999
254	3000.434783
317.6666667	3000.888889
310.2258065	3002.483871
209.7272727	3006.090909
179.0322581	3013.258065
219.2	3011.7
300.3846154	3012.5
89.0952381	3020.52381
87.21428571	3023.571429
315.3333333	3034.533333
197.5	3041.5
274.3703704	3055.592593
239.2857143	3057.428571
885.8510638	3059.297872
847.6896552	3064
215.6363636	3065.090909
163.1818182	3066.454545
809.8252427	3068.679612
167.4864865	3069.918919
173.4736842	3072.368421
741.8636364	3071.727273
804.0322581	3071.354839
818.7619048	3073.809524
174.3913043	3076.956522
313.125	3078.875
800.3611111	3077.222222
777.125	3082.125
782.3333333	3081.242424
762.4166667	3083.416667
807.4181818	3083.509091
794.2727273	3087
804.8125	3088.1875
810	3094
676.875	3102.125
804.3333333	3103.095238
1108.555556	3105.333333
790	3106.666667
794.3333333	3107.111111
1100.428571	3108.071429
282.5263158	3109.368421
261.9411765	3117.411765
256.9642857	3118.392857
342.7241379	3124.862069
1054.388889	3127.472222
106.3225806	3129.741935
177.4285714	3132.714286
138.5	3133.2
182.2	3133
1196	3134
1191.730769	3134.961538
249.9411765	3142.411765
255.48	3143.6
260.1142857	3143.971429
856.9090909	3142.363636
197.12	3147.56
604.6	3147
892	3148.5
203.5833333	3149.375
265.7777778	3149.962963
261.71875	3150.65625
812.5	3151.5
745.3333333	3153.222222
748.6666667	3155.333333
854.7142857	3153.959184
1059.857143	3155.785714
117.95	3156.95
590.1153846	3159.5
856.8461538	3160.923077
43.5	3162.5
745.1111111	3161.555556
877.1923077	3163
81.41935484	3173.225806
188.4516129	3171.806452
695.125	3174.125
766	3176
636	3177.416667
693.6333333	3178.666667
277.8666667	3179.4
347.1875	3179.6875
109.2222222	3182.296296
158.6538462	3182.923077
289.875	3183.125
163.8387097	3189.096774
859.7142857	3189.142857
75.71428571	3194.75
191	3194.264706
183.5	3194.5
199.1153846	3195.307692
611.8181818	3207.545455
449.1111111	3213.5
605	3219
121.1481481	3220.37037
789.125	3220.5
108	3222
142.8571429	3224.666667
452.4	3225.84
177.2727273	3227.090909
210	3227.583333
68.46666667	3228.666667
125.7222222	3233.166667
583.5849057	3234.264151
577.875	3234.458333
328.369863	3234.986301
498.875	3238.875
673.3902439	3243.878049
672.3333333	3248
979.3636364	3248.909091
986.2272727	3248.227273
264.3333333	3254.333333
495	3258.868421
171	3257.5
717.875	3258.875
811	3259.5
814.84375	3259.3125
535.2571429	3261.885714
281.3870968	3265.290323
795.1428571	3265.642857
1062.666667	3263.666667
422.1333333	3267.3
1060.454545	3267.818182
612	3270
553	3271
795.3333333	3272
279.7	3277.2
556.78125	3275.71875
284	3277.8
724.1428571	3278.142857
1059.888889	3281.555556
723.1132075	3284.603774
823.2666667	3284.333333
340.7857143	3287.642857
223.4545455	3289
75.42105263	3291.263158
338.8695652	3292.956522
443.1147541	3291.262295
475.6666667	3295
907.5	3296.2
174.1190476	3297.190476
443.2727273	3298.363636
758.8	3297.866667
916.6153846	3297.461538
266.2941176	3298.411765
134.2	3302.64
263.9333333	3303.1
910.1578947	3301.947368
916.6	3301.4
938	3303.5
336.6363636	3303.545455
258.5849057	3305.45283
486.2	3304.76
539.3571429	3305.214286
43.11111111	3305.833333
543.0789474	3306.736842
711.125	3306.125
764.7631579	3306.157895
931.2857143	3305.904762
268.326087	3308.521739
425.2352941	3309.941176
274.7142857	3310.761905
535.9726027	3310.684932
519.875	3313.875
858.9090909	3317
829	3317.916667
913.5757576	3320.878788
460.4558824	3320.5
459.8461538	3325.884615
195.6666667	3326.533333
298.8823529	3326.647059
537.55	3325.9
451.0769231	3327.923077
393.8518519	3330.333333
457	3330.5
753.3888889	3329.388889
844.5882353	3330.882353
866	3332
869.4375	3332.75
1261.481481	3332.537037
1276.571429	3335.214286
156	3335.25
390.2803738	3336.82243
152.6470588	3337.529412
1008.230769	3337.230769
1013	3338.461538
1017.942857	3339.314286
336.8888889	3340.666667
766.2786885	3340.295082
772.2	3340.4
367.2142857	3341.285714
711.0555556	3341.277778
362.2412993	3353.809745
698.6666667	3342.277778
707.125	3341.875
1011.793103	3342.241379
1041.363636	3341.181818
1019.886364	3343.931818
255.95	3344.85
707.9090909	3345.363636
953.5416667	3343.902778
961.2941176	3345.294118
1025.4375	3343.96875
1029.678571	3344.321429
1034.75	3343.55
858	3346.826087
1010.625	3346.041667
1044.865385	3347.201923
1045.6875	3344.75
1054.863636	3346.636364
394.2857143	3347
1059.454545	3348
102.3170732	3349.560976
1064.391304	3348.913043
41	3352.5
909.6666667	3351.533333
1056.909091	3351.636364
1062.235294	3352.411765
1066.5	3353.666667
1072.719298	3353.210526
912.3684211	3354.842105
941.8888889	3353.888889
1085.529412	3355.95098
852.2307692	3355.461538
961.875	3354.875
581.5	3355.666667
917.2777778	3358.055556
1095.792453	3360.056604
580.1923077	3361
855	3361
992.2426471	3363.573529
692.6153846	3361.615385
1102.333333	3362.814815
357.0526316	3364.210526
499.5	3366
714.6	3365.9
109.4285714	3367.285714
121.6363636	3368.090909
870.3333333	3370.333333
423	3370.5
473.0555556	3369.444444
185.3	3371.75
469.9473684	3372.105263
950.875	3374.125
741.0869565	3375
989.8648649	3377.297297
438.1	3376.45
486.8461538	3376.230769
355.5384615	3377.846154
77.22222222	3379.111111
309.6666667	3378.388889
316.4	3378.6
481.375	3378.8125
432	3379.8
270.0344828	3381.275862
274.1176471	3381.117647
444.8297872	3383.574468
928.5714286	3381.107143
955.2083333	3381.125
301.4117647	3381.941176
463.7647059	3381.147059
746.3846154	3382.615385
741.8292683	3385.121951
871.6315789	3384.789474
987.8181818	3384.363636
280.5	3384.236111
431.875	3384.875
529.8787879	3385.727273
122.5	3386.2
126.3636364	3386.909091
294.56	3386.32
529.3043478	3389.347826
808.9047619	3387.619048
870	3387
175.3333333	3387.5
389.1818182	3388.545455
488.8333333	3388.416667
28	3389.5
448.4857143	3390.857143
704.7058824	3392.602941
452.6071429	3392.428571
497.1538462	3392.153846
733.7692308	3391.615385
166.3846154	3393.384615
448.8461538	3395.769231
492.9130435	3392.869565
532.7058824	3392.764706
654.6125	3396.7875
714.875	3394.125
813.5	3393.5
651	3396.2
965.6774194	3395.193548
453.2171053	3403.611842
572.5806452	3398
954.2	3397.1
435.125	3398.875
530.0666667	3399.666667
873	3399.5
812.7096774	3402
879.5	3401.607143
447.7	3403.5
857.5	3403.818182
813.125	3406.125
851.8888889	3406.555556
116	3407.142857
804.5	3407
990.2352941	3409.294118
856.7916667	3409.375
847.6666667	3416.888889
851.6428571	3416.285714
1106.307692	3418.692308
205.1818182	3419.818182
929.5555556	3419.666667
361.9411765	3420.588235
957.875	3425.125
71.58823529	3427.411765
1050.5	3426.777778
942.8333333	3429.133333
401.5090909	3432.527273
902.2045455	3431.397727
946	3434.333333
857.0617284	3435.567901
942.9090909	3436.363636
67.66666667	3440.666667
874.5294118	3440.764706
984.25	3442.333333
752.3333333	3444.111111
443.9090909	3446.363636
428.3333333	3446.666667
417	3451
916.5652174	3455.521739
919.5333333	3455.266667
914.0526316	3457.842105
1013	3457.5
832.2	3459.5
876.3333333	3458.75
320.9090909	3460.318182
702.0714286	3460.742857
165.1538462	3462.538462
326.7	3463.3
395.5	3463
887.852459	3464.163934
876	3465
1004.863636	3464.636364
455.1612903	3466.451613
462.25	3465.821429
1073.684211	3466.263158
313.3076923	3468
424.96875	3468.1875
428.5757576	3471.909091
778.5925926	3473.444444
228.2	3474
432.8421053	3474.263158
901.125	3473.5
718.7346939	3475.265306
236.875	3477
443.8148148	3476.148148
470.7142857	3477.571429
1067.045455	3477.818182
680	3480.142857
439.1463415	3479.487805
892.75	3481.375
718.2	3481.9
721.0909091	3482.636364
736.3684211	3481.605263
1066.37931	3482.517241
738.3809524	3487.047619
674.8	3486.8
721.7647059	3487.058824
731.9423077	3490.350962
402.5	3489.636364
407.3333333	3488.962963
415.3541667	3488.8125
480.9230769	3487.987179
857.8888889	3489.666667
671.125	3491.125
98.78571429	3491.571429
409.5	3492.5
801	3491.631579
1161.5	3492
102.3846154	3493.384615
959.2380952	3492.47619
153.1428571	3493.642857
724.2857143	3493.178571
718.2	3495.3
377.2	3496.5
723.8888889	3497.555556
1050.454545	3496.181818
30.84615385	3496.538462
174.4615385	3497.384615
732.8	3497.9
729.4795918	3501.979592
1055.636364	3498.909091
23.24324324	3499.459459
274.5833333	3500.25
377.875	3499.875
1059.5	3501.423077
424.7826087	3504.898551
746	3504.25
1065.938776	3504.183673
169.7333333	3505.2
941.6666667	3504.666667
1132.055556	3505.333333
427.3333333	3508.166667
522.4117647	3506.411765
162.16	3507.36
774.5	3508.5
1140.833333	3508.75
421	3509.882353
667.3846154	3510.615385
921.0833333	3511.25
409.1666667	3511.916667
1078.555556	3511.666667
881.2380952	3512
961.3333333	3513.380952
1024	3514.5
426.1142857	3514.914286
86.42307692	3518.230769
1191.625	3517.375
1133.3	3519.4
25.65625	3522.53125
956.8888889	3522.333333
30.17647059	3523.705882
479.7142857	3523.642857
498.3	3524.7
864.2	3526.1
958.9090909	3525.636364
182.6666667	3527.166667
959	3529
724.0612245	3529.734694
340.6	3530.866667
1277.268293	3530.780488
876	3532
480.0909091	3534.636364
797.3333333	3535.083333
1256.952381	3536.190476
103.9565217	3538.217391
480	3538
713.1851852	3537.481481
722.5	3538.857143
1252.111111	3537.777778
585.1818182	3538.727273
729.8888889	3539.333333
800.6037736	3541.037736
1256.125	3540.125
47.20689655	3545.965517
434.5	3547.5
745	3551
486.5833333	3553.25
109.9090909	3554.636364
818.7857143	3555.214286
720.1818182	3555.909091
398.6666667	3557.444444
437.0909091	3557.636364
818.125	3557.875
717.6666667	3558.916667
305.08	3560.52
708.2818182	3573.39697
711.5277778	3560.111111
439	3560.8
554.6363636	3562.454545
822.5	3562
709.1111111	3564.777778
711.925	3566.55
1279.909091	3568.181818
187.125	3568.875
190.3636364	3569.090909
714.375	3571.125
88	3569.580645
718.96	3570.36
723.5666667	3572.333333
717.5833333	3575.416667
721.7586207	3578.413793
254.7692308	3577.846154
532.4285714	3577.285714
833.7	3581.5
366	3587
706.2777778	3586.666667
841.6956522	3587.826087
837.3571429	3589.714286
856.2	3592.966667
861	3592.5
978.8888889	3594.833333
984.4615385	3595.038462
990.027027	3594.594595
837.125	3595.875
859.3	3595.6
1000.492308	3597.430769
1010.717172	3601.090909
857	3598.458333
1008.555556	3599.666667
1038.117647	3602.117647
1031.163265	3603.040816
1044.25	3604.125
117.6666667	3605.888889
1019.535714	3607.285714
89.91666667	3607.916667
430.6363636	3607.909091
970.8	3608.5
407.4	3610.2
399.5666667	3611.533333
911.8181818	3611.818182
829.2142857	3612.428571
410.6666667	3613.933333
455	3616
834.4285714	3617.857143
287.4347826	3620.304348
280.9230769	3621.769231
495	3622
840.12	3623.08
273	3631
1003.208333	3634.041667
1099.181818	3633.863636
668	3636.567568
826.56	3641.24
823.516129	3644.451613
245.3076923	3646
976.875	3646.125
1239.815789	3645.763158
1235.45	3647.75
1095.333333	3650.888889
30.6	3656.76
471.3157895	3657.263158
574.125	3658.125
424.0508475	3660.194915
24.65217391	3661.826087
849.3571429	3663.714286
470	3665.588235
87.38461538	3667.076923
427.875	3667.125
465.7647059	3669.117647
842.1764706	3668.352941
849.8888889	3667.333333
1060.5	3667.5
309.3191489	3669.085106
610.0769231	3671
839.0588235	3670.647059
614.1818182	3672.454545
619.4761905	3672.095238
760.875	3676.125
985	3675.5
1244.9375	3676.375
1246.9375	3680.875
764.7058824	3681.529412
838.5	3686
1087.666667	3688.666667
751.245614	3690.087719
133.125	3690.125
908.375	3691.5625
1086.6	3692.066667
747.6315789	3693.052632
808.875	3692.875
730.3529412	3693.529412
1069.36	3695.24
735.9166667	3694.833333
71.16666667	3696.833333
94.04761905	3696.47619
1074.692308	3696.923077
1199.944444	3697.388889
1078.466667	3698.133333
1280.47619	3697.047619
67.81818182	3698.181818
34.83333333	3700.666667
64.15	3700.6
427	3700.5
740.0416667	3700.375
791.1785714	3700.428571
160.875	3702.1875
477.375	3701.9375
745.6774194	3701
33.22222222	3703.555556
1206.2	3702.88
743	3705.809524
342.4	3705.2
473.3421053	3705.657895
736.7948718	3706.333333
852.8	3707.857143
742.6666667	3709.083333
768.2666667	3708.3
475.7368421	3710.263158
470.3571429	3710.571429
473	3713.55
493.5	3714.2
546.7692308	3714.769231
870.6363636	3714.909091
881.0515464	3716.365979
200.5324675	3717.012987
467.9565217	3716.869565
729.5882353	3718.147059
805.3636364	3716.909091
209.1470588	3719.176471
735.2857143	3717.214286
754	3717.5
790.2857143	3717.333333
498.3529412	3723.058824
607	3723.392857
797.1	3721.95
863.8536585	3722.02439
220.6239316	3724.051282
784.9	3723.1
871.0697674	3724
857.5555556	3723.888889
907.6428571	3724.142857
864.6666667	3726.083333
789.6323529	3725.073529
501.2222222	3727.814815
416.9230769	3729.076923
860.2820513	3727.666667
869.825	3729.65
469.3636364	3731.090909
32	3731
279.5	3730.166667
319	3731
715.5909091	3730.636364
723.0714286	3731.571429
795.7666667	3730.366667
824.921875	3732.671875
862.1707317	3731.926829
178	3732
747.9090909	3732.636364
284.5	3732.5
802.8333333	3734.722222
830.4761905	3733.857143
1080.25	3734.25
861.5185185	3736.259259
867.72	3735.08
293.2307692	3737.5
313.9	3738.8
958.2	3739.066667
765.4444444	3739.888889
310.5555556	3741.666667
301.8421053	3742.736842
306.4117647	3743.529412
871.5	3743.5
81	3743.416667
404	3744.909091
577.9	3745.2
78.14814815	3744.925926
574.3571429	3747.142857
234.1176471	3748.294118
452.8461538	3748
806.6315789	3746.263158
609.6363636	3751.090909
648.5	3750.714286
655.8666667	3750.6
738.3636364	3751.545455
231.75	3752.75
763.15625	3752.4375
604.96	3755.64
644	3755.111111
1186.653846	3760.384615
736.4067797	3763.745763
988.125	3768.25
664.5	3769
105.25	3770.8125
731.3111111	3769.8
347	3772.8
873.9090909	3774.727273
496.4090909	3774.954545
757.1538462	3776.461538
858.3	3779.75
853.9230769	3783.384615
848.5294118	3783.941176
823.9714286	3787.742857
862.6796117	3789.029126
839.744186	3789.44186
845.0714286	3792.142857
837	3794
846.5555556	3795.333333
835.0526316	3798.105263
828	3799.5
602.6111111	3800.166667
860.1052632	3802.473684
840.9673913	3802.858696
835	3806.5
847.1538462	3807
854.0925926	3805.962963
393.875	3807.875
1238.363636	3809.090909
837.1111111	3809.666667
370.2826087	3814.195652
865.047619	3816.190476
404.5454545	3818.363636
370.6190476	3819.619048
863.8	3819.8
376.15	3819.6
840.1428571	3819.928571
413.5555556	3820.555556
1145.5	3825.272727
729.5789474	3828.947368
731.2941176	3832.411765
373.1666667	3832.444444
289.6190476	3833.809524
729.5	3835.8125
375.3684211	3838.526316
372	3840.055556
384.1666667	3839.277778
761.875	3839.125
302.8181818	3839.454545
188.7857143	3842.214286
378.7	3841.5
424.8888889	3841.666667
392.875	3843.875
731.8	3849.7
65.86666667	3851.466667
61.36842105	3854.578947
770.0909091	3855.590909
1009.5	3861.5
766	3862.352941
1233.176471	3862.941176
700.375	3866.25
328.8285714	3868.971429
700.6428571	3870
308.0909091	3871.363636
603.4	3871.8
747.75	3873.25
1104.642857	3872.214286
324	3873.419355
266.7297297	3874.810811
940.3571429	3880
931.3846154	3881.384615
921.6153846	3885.384615
934.8	3885.56
957.5	3887
1210	3887
1162.2	3891
1169.521739	3891.434783
1097.181818	3892.636364
939.125	3893.875
693.2352941	3895.058824
942.4444444	3895.111111
839.4642857	3896.214286
843	3897
668.95	3899.45
946.1578947	3897.842105
745.3076923	3903.153846
712.5	3904.25
740.1538462	3905.076923
362.3333333	3904.666667
79	3906.722222
82.9	3908.3
330.3571429	3908.142857
534.7692308	3909.038462
333.0909091	3915.363636
108.2222222	3916.5
113	3916.888889
226.1764706	3917.323529
263.7333333	3918.933333
535.9130435	3918.913043
162.2857143	3920.785714
158.6666667	3922.533333
629	3922
535	3923.5
1191	3923.75
671.4615385	3925.153846
123.7659574	3926.574468
674.875	3926.125
1157.466667	3926.133333
654.1875	3929.8125
678.5	3930
1158.714286	3930.428571
259.6333333	3930.4
650.6363636	3930.909091
129.3666667	3933.033333
135.8888889	3934
1185.666667	3933.611111
308.0588235	3935.588235
76.04761905	3937.428571
945.6440678	3934.305085
1258	3938.5
940.7931034	3940.137931
178.1538462	3941.153846
887.5263158	3941.315789
173.1714286	3942.542857
1181.465517	3946.172414
891.2352941	3945.705882
1079.538462	3946.884615
431.3636364	3948.090909
1031.2	3949
1035.30303	3950.090909
1073.4375	3948.9375
1039.380952	3951.142857
1052.569444	3949.770833
1066.6	3949.72
1021.3125	3950.770833
1179.952381	3953.380952
1031.628571	3954.428571
882.5	3955
617.44	3955.68
1008.492958	3955.380282
1025.2	3956
1038.428571	3955.571429
1043.935484	3954.806452
377.25	3956.75
1002.5	3955.75
1018	3957.666667
573	3958.090909
999.8947368	3959.421053
621.047619	3961.666667
996.6363636	3960.181818
994.4615385	3961.384615
225.6315789	3962.842105
680.3333333	3963.555556
522.4	3965.15
1001.464286	3970.416667
1024.222222	3969.111111
630.875	3969.875
664.2666667	3969.666667
1184.882353	3970.882353
457.84	3972.48
1027.3125	3971.8125
173.1153846	3973.115385
1218.125	3973.875
1224.489362	3976.042553
1257.3	3975.2
339.625	3980.75
1030.391304	3982.782609
848.375	3982.541667
996.8235294	3987.941176
1030.909091	3988.363636
994.3461538	3994.884615
991.90625	3999.84375
911.8571429	4006.642857
992.6266667	4006
1011.615385	4007.615385
241.125	4009.125
561	4008.5
987.4375	4010.75
181.7391304	4010.826087
573.875	4011.0625
747.6875	4012.40625
1158.125	4013.125
1153.5	4014
988.7816092	4015.528736
1004.461538	4015.615385
605.5862069	4015.793103
751.5	4016.5
456.7	4021.8
460.3636364	4023.090909
966.8095238	4024.952381
1033.95	4025.55
1000	4025.916667
1041.755556	4025.577778
1029.75	4027.5625
1048	4026.833333
1050.6	4028
1054.25	4029.041667
1013.307692	4030.538462
1163.5	4030
1027	4031
972.1666667	4033.25
1059.770833	4031.666667
1064.8	4032.4
984.6	4034.05
1026.6	4034.2
326.88	4035.04
1016.366197	4035.816901
1000.810811	4038.72973
1008.47619	4038.952381
1027.677419	4040.225806
531	4042.173913
1168.333333	4043.444444
1010.315789	4042.184211
1002.69697	4044.212121
1019.421875	4044.59375
997.0454545	4046.590909
1013.315789	4045.842105
1030.517241	4046.655172
883.075	4049.375
182.1428571	4048.142857
1024.105263	4048.631579
177.2	4050.75
1007.629921	4051.779528
766.3378378	4054.128378
1018.027027	4051.351351
874.1764706	4050.529412
413.1111111	4052.555556
876.6382979	4054.297872
1029.25	4054.083333
254.125	4055.5
1024.888889	4054.740741
479.125	4055.875
868.0588235	4056.352941
883.1333333	4057
1014.666667	4056.857143
1039.875	4057.25
981.7777778	4057.333333
982.3846154	4060.461538
1017.914894	4062.468085
1023.714286	4059.357143
914.2	4060.333333
186.7	4061.85
183.1111111	4064.444444
975.72	4065
720.8148148	4068.407407
1021.5	4072
544.5833333	4072.583333
720	4072.705882
550.3913043	4073
702.25	4073.125
940.5098039	4076.323529
1030.736842	4074.421053
642.1111111	4075.555556
705.3888889	4076.666667
947.4230769	4077.346154
723.125	4076.875
941.5555556	4077.111111
504	4082.5
951.1707317	4082.292683
782.1785714	4083.928571
884.6666667	4083.333333
924.0576923	4082.980769
788.5	4084
786.2	4086
939.4814815	4086.444444
940.2222222	4084.666667
945.2380952	4085.52381
460.5	4088
880.7647059	4087.529412
797.0909091	4090.363636
916.627907	4090.697674
936.1698113	4091.207547
798.5555556	4093.111111
1120	4093.363636
114.5625	4094.46875
1103.833333	4094.583333
1126.945946	4096.324324
581.5	4097.2
993.0526316	4096.842105
119.0769231	4099.230769
807	4099
797.984127	4099.460317
937.7333333	4100.2
124.7368421	4101.105263
812.8571429	4100.928571
930.6	4100.8
944.6666667	4100.666667
673.5555556	4103.888889
932.5555556	4104.037037
898.5	4107.5
906.3529412	4108.870588
1033.625	4110.875
177.5	4113
142.8928571	4114.5
905.2916667	4114.083333
910.8214286	4114.142857
263.0645161	4114.83871
260.2105263	4119.526316
889.2222222	4116.444444
137.9230769	4117.923077
1216.75	4118.472222
357.9333333	4120.133333
403.3181818	4122.136364
900.3111111	4122.6
906.1707317	4120.341463
639.5	4123
918.4666667	4122.866667
398.9411765	4125.588235
909.2621359	4129.446602
394.5	4129.5
925.5	4128.8
914.8695652	4130.652174
904.6	4132.6
921.5454545	4133.363636
932.8064516	4131.16129
897.5	4134.821429
928.625	4134.875
208.7777778	4134.888889
649.5833333	4138.4
888.4285714	4137.857143
207.4545455	4139
932.8163265	4140.326531
900.7142857	4140.428571
920.875	4140.75
925.9836066	4141.442623
280.25	4142.875
545.44	4144.72
947.3333333	4144.083333
930.4	4146.65
1172.272727	4150.272727
179	4155.363636
181.9090909	4158.636364
1010.666667	4161.777778
1217.478261	4162.782609
1008.125	4163.125
583.6666667	4165.888889
592.125	4167.875
843.8333333	4168.5
881.0222222	4171.266667
889.1807229	4171.807229
864.375	4175.9375
761.7142857	4178.785714
919.5	4177.8
627.3846154	4182.153846
767.4482759	4182.103448
952.3103448	4187.689655
960.0333333	4188.2
419.9333333	4190.666667
962.9166667	4192.666667
958.2	4192.333333
844.6271186	4193.288136
991.0909091	4194.363636
1019.5	4195.121212
838.6896552	4195.413793
336.8333333	4198.083333
841.3529412	4198.411765
834.0930233	4200.813953
874.375	4202.357143
332.2857143	4202.178571
837.7	4201.3
846.1206897	4201.827586
453.25	4203.416667
841.8333333	4205.357143
628.8	4207.5
849.8823529	4207.705882
318.75	4209.25
978.125	4208.875
839.2333333	4208.433333
1040.4375	4211.21875
833.8192771	4212.927711
842	4212.947368
1029.5	4215.875
1036.969697	4216.727273
1046.925926	4217.092593
1061.55	4217.8
840.2	4219.666667
835.516129	4221.83871
1035.928571	4221.357143
1057.571429	4220.660714
1152.32	4224.88
187.2	4225.6
238.6666667	4225.666667
583.0217391	4225.891304
1050.538462	4224.794872
1156.857143	4228.285714
578.9555556	4228.888889
1002.931034	4227.862069
1040.625	4228.75
1045.666667	4229.533333
1054.090909	4229.409091
1036.052632	4229.421053
329.7142857	4232.619048
965.3913043	4232.913043
1003.666667	4233.533333
1057.083333	4233.833333
1044.891304	4233.695652
381.2	4236
1042.708333	4238
1006.452381	4239.452381
1047.875	4239.125
1037.363636	4239.454545
327.3461538	4242.192308
1010.1875	4243.5
1015.083333	4243.666667
870.5	4244.5
968.5	4246.5
509.2673267	4251.316832
762	4247.333333
813.5961538	4248.192308
852.3888889	4248.722222
325.0322581	4249.483871
763.2	4250.933333
783.7692308	4251.961538
1030.925926	4252.259259
319.7592593	4252.055556
489.7894737	4254.578947
990.0588235	4253.235294
1039.2	4253.5
1051.5	4254.5
326	4256.52
784.7047619	4259.095238
799.8666667	4257.933333
977.875	4257.75
1064	4257.933333
439.875	4258.875
795.0135135	4260.851351
863.8125	4259.5
274.0833333	4259.833333
1017.028571	4258.885714
786.8152174	4266.054348
857.32	4260.92
1057.043478	4261.119565
825	4261.307692
762.8888889	4263.555556
768.125	4262.125
877.8888889	4263.444444
1034.928571	4262.857143
325	4264.153846
792.1304348	4265.130435
854.4444444	4263.666667
868.4117647	4265.470588
1024	4265.8
826.3461538	4265.769231
835	4265.833333
851.8823529	4266.588235
1050.714286	4265.914286
765.2142857	4267.071429
805.28	4266.52
1067.162791	4266.930233
1072.227273	4266.772727
774.3333333	4267.888889
809.8125	4267.5
1013.642857	4268.285714
1114.818182	4267.363636
778.6666667	4269.111111
798.5	4269.5
855.0666667	4269.533333
541	4271
1044.592593	4272.555556
1122.043478	4270.217391
765	4271.5
778.5	4272.4
804.4545455	4271.954545
809	4272.666667
1009.594595	4272.486486
1014.285714	4273.214286
1055.103448	4273.172414
1141.125	4272.875
783	4274.472222
790.2	4273.5
824.7857143	4274.285714
966.7894737	4273.578947
1058.433962	4275.358491
196.4090909	4275.727273
888	4276
1185.5	4277.7
1169.466667	4277.233333
1181.666667	4277.888889
219.804878	4279.780488
541.1142857	4279.685714
770.5882353	4280.647059
986.48	4281.36
537.9166667	4284.166667
815.8461538	4283.538462
1237	4284
873.826087	4284.043478
370	4285.647059
1243	4285.692308
337.5	4287.392857
907.5882353	4288.058824
772.7674419	4289.813953
896.9090909	4289.636364
325.6666667	4290.933333
535.2666667	4291.4
562.4642857	4291.428571
1057.2	4292
332.0810811	4292.189189
1051.066667	4291.283333
1061.25	4293.666667
327.5	4295.125
378.875	4295.125
1031.363636	4295.909091
1047.444444	4296.333333
307.3333333	4297.111111
823.1555556	4297.422222
520.125	4298.875
1075.972973	4300.027027
620.4444444	4301.148148
1030.846154	4299.461538
796.5625	4300.75
1050.25	4301.05
813.5882353	4302.647059
1046.3	4303.9
497.5454545	4304.636364
621.0833333	4307.5
880.3181818	4305.727273
446.75	4307.25
1042.642857	4308.857143
890.25	4309.875
252.4545455	4312.363636
870.6666667	4312.296296
257	4312.857143
1041.434783	4313.565217
1036.7	4315.5
880.0625	4316.375
1024.076923	4317.038462
882.1111111	4319.333333
305.125	4319.875
801	4324.785714
804.0909091	4325.636364
1047	4327.5
586.6363636	4328.909091
325	4330.5
709.5555556	4330.111111
229.2682927	4333.536585
1096	4351.826087
872.7	4355.55
875.9166667	4364.166667
197.5	4365.363636
710.6363636	4364.909091
494.3333333	4367.444444
379.5789474	4368.921053
874.4444444	4367.666667
375.85	4373.3
504.1428571	4373.357143
878.7333333	4376.2
497.3	4377.3
875.5	4378
374.5	4379.1875
1223.133333	4381.666667
638.1176471	4381.588235
380.24	4387.72
559.75	4387.5625
881.8888889	4395.222222
886.5	4396
879	4401.764706
881.3823529	4407.029412
298.1428571	4408.928571
888.8636364	4409.772727
882.9411765	4412.352941
879.2068966	4412.586207
885.9444444	4414.611111
881.6428571	4417.857143
889.8181818	4417.363636
885.9565217	4420.195652
1190.706897	4420.12069
883.7142857	4424.071429
887.5	4425
236.1363636	4432
690.1111111	4433.666667
548.9285714	4438.142857
611	4439.517241
645.0416667	4439.25
608.3846154	4443.384615
743.4464286	4445.875
748.1333333	4446.433333
1016.8	4449.333333
749.05	4451.3
739.8588235	4454.294118
1019.277778	4454
747.6530612	4456.326531
1022.272727	4457.181818
744.7142857	4460.666667
852.8636364	4464.454545
738.3851852	4464.607407
749.4736842	4464.131579
761.05	4465.2
730.6944444	4468.027778
640.0625	4468.3125
734.6470588	4469.588235
747.92	4469.56
724.4137931	4470.103448
1037.333333	4471.2
1041.266667	4470.666667
742.0839695	4481.179389
290.2857143	4473.714286
448.8076923	4473.5
732.0555556	4475.25
947.6956522	4476.652174
287.8125	4477.6875
323.4827586	4480.172414
328.826087	4479
898.5	4478.714286
424.5	4480.75
1117.333333	4480.2
733.3703704	4480.444444
926.1111111	4481.222222
280.45	4483.65
735.6875	4484.375
753.125	4482.875
1049.466667	4483.333333
272.7222222	4484.111111
265	4485.5
908.1764706	4485.411765
1234.5	4484.5
415.56	4486.48
993.1428571	4487.380952
1136.692308	4485.461538
1229.857143	4485.357143
221.2631579	4486.736842
258	4487
286.3333333	4487.111111
729.6	4486.493333
918.6666667	4487.111111
1139.818182	4487.272727
253.5	4488.5
223.1111111	4490.111111
951.1481481	4489.296296
955.0869565	4490.434783
961.1111111	4491.333333
490.5	4493.75
748.8823529	4493.588235
938.5074627	4491.432836
945.7272727	4493.575758
731.0283019	4495.764151
762.6153846	4495.384615
741.6969697	4496.924242
527.5	4499
584.3333333	4499.916667
602.9473684	4499.842105
405.1875	4500.5
686.5925926	4499.333333
737.6818182	4502.295455
724.5	4502
688.8181818	4503.818182
730.3846154	4504.673077
745.0952381	4503.809524
599.78125	4504.5
749.8823529	4504.941176
587	4506.153846
738	4508.3
742	4508.315789
707.2692308	4508.307692
732.9583333	4512.069444
725.2857143	4510.785714
862.1	4510.2
865.7777778	4510.5
887.8571429	4509.357143
569.4761905	4510.238095
970.7586207	4511.37931
437.1176471	4513.941176
228.25	4516.05
361.5	4516
865.44	4516.08
1135.666667	4516.888889
225.1818182	4518.818182
540.25	4519
747.0909091	4520.636364
978.9583333	4517.472222
672.0714286	4520.285714
972.3469388	4518.510204
1230.857143	4521.071429
221.8461538	4522.307692
349.5	4524.888889
542.8888889	4526.444444
228.6176471	4528.911765
220.7368421	4530.842105
1126.157895	4531.684211
653.5	4535.5
755.5	4533.875
967.1052632	4535.184211
985.1724138	4533.862069
1074.461538	4534.384615
617.1578947	4535.736842
1133	4534.5
977.3375	4533.6375
427	4536.65
971.1794872	4537.230769
431.2	4538
978.3783784	4540.972973
283.4736842	4544.052632
537.675	4542.725
968.7317073	4543.146341
540.5333333	4547.133333
276.0909091	4547.818182
551.8846154	4548.115385
547	4549.2
847.55	4551.2
520.4642857	4550.964286
981.9285714	4551
592.3076923	4551.923077
711.9090909	4552.363636
1096.517857	4554.910714
518.125	4554.875
937.8333333	4552.958333
806.8947368	4556.263158
936.9411765	4557.029412
970.0588235	4557.352941
621.5454545	4559.818182
541.1	4560.3
817.8888889	4561.333333
1115.470588	4561.882353
1121.076923	4562.384615
541.0909091	4563.363636
591.3	4562.6
1127.52	4563.52
1193.090909	4565
1198.882353	4564.588235
686.3888889	4566.444444
950.4	4567.5
815	4570
954.5333333	4570.133333
1052.5	4569.75
531.2222222	4572.111111
678.5625	4571.625
716.0319149	4574.946809
723.2777778	4572.055556
716.1818182	4572.090909
1056.794118	4574.058824
649.2222222	4575.666667
197.1081081	4578.837838
603.8846154	4581.192308
775.3333333	4582.444444
562.5	4583
718.5	4584
597.8333333	4586.277778
776	4586.333333
603.44	4589.36
886.1428571	4588.214286
482.0555556	4591.166667
775	4590.5
577.4545455	4591.454545
615.75	4592.55
479	4596.615385
615.75	4597.05
1035.1875	4598.625
1039.25	4598.5
585.8695652	4599.782609
463.8235294	4602.764706
780.8571429	4602.571429
472.4444444	4602.222222
468.3684211	4604.473684
1020.111111	4608.333333
597.75	4609.375
792.6	4609.933333
947.1666667	4609.083333
452.3181818	4610.272727
1114.977273	4611.727273
600	4612.388889
800.4444444	4613.222222
1016.227273	4612.272727
603.3636364	4615.545455
962.75	4614.833333
971.1764706	4615.470588
600.2857143	4619.714286
604.0434783	4620.695652
957.1538462	4620.923077
909.1304348	4622.565217
600.8	4624.733333
958.8125	4624.375
964.2	4623.8
615.5757576	4626.69697
887.3333333	4626.555556
896	4627.5
954.8181818	4627.181818
627	4629
578.25	4628.178571
619.4	4629.68
952.8	4629.733333
1211.5	4630
412.5	4631.5
418.8947368	4631.157895
973.2	4631.266667
1075.363636	4631.454545
541.1	4632.2
888.3478261	4632.043478
918.75	4633.583333
989.4545455	4634
220.3636364	4634.454545
539.1428571	4636.142857
958.3548387	4635.870968
1250.090909	4637.272727
971.5555556	4637.388889
641.125	4638.875
966.7666667	4639.566667
590.7826087	4639.982609
1069.868421	4640.184211
891.7272727	4641.681818
961.8	4641.457143
521.1111111	4642.111111
1250.066667	4642.2
583.1851852	4642.962963
718.875	4643.875
974.4962963	4642.977778
1073.26	4645.56
1182.666667	4644.777778
1236.142857	4645.285714
849.25	4646.65
945.8518519	4645.759259
1078.588235	4645.764706
1179.888889	4645.666667
591.1935484	4648.225806
897.7027027	4647.243243
959.7411765	4646.505882
978.8571429	4649.357143
993.7777778	4647.555556
736.5	4647.5
951.9	4647.8
633.3636364	4648.909091
1166.6875	4649.1875
1174.7	4648.8
574.4666667	4649.466667
947.952381	4650.285714
962.1724138	4651.034483
968.1714286	4651.914286
1149.352941	4650
235.3	4650.8
893.6666667	4651.5
898.35	4652.2
952.7272727	4652.227273
987.0774648	4648.15493
1084.101695	4650.661017
621.8064516	4654.064516
971.2857143	4654.428571
1075.545455	4654.363636
283	4654.909091
1249.344262	4654.836066
777.5135135	4656.702703
1092.071429	4655.404762
895.9444444	4656.777778
990.28	4656.4
277.9333333	4658.444444
977.0253165	4659.177215
983.5	4658.5
904.9230769	4658.461538
968.4444444	4658.888889
1246.6	4660.2
581.3333333	4659.733333
655.6530612	4658.877551
951.875	4659.875
610.8	4661
624.5454545	4661.636364
738.4090909	4661.363636
903.6285714	4661.857143
939	4665
974.1428571	4664.357143
274.1818182	4664.363636
900.3125	4665.5
626.9375	4664.25
931.6	4666.2
948.1604938	4668.753086
954.6875	4666.9375
340.4444444	4667.888889
628.5	4667.75
698.037037	4667.777778
979.6315789	4667.315789
982.8333333	4668.166667
631.2631579	4669.789474
975.2285714	4668.857143
888.9230769	4670.384615
579.6363636	4670.909091
605.5	4670.375
901.6792453	4669.566038
697	4672.5
972.0333333	4672.3
1250.5	4671.5
671.1	4673.95
582.5714286	4675.142857
608.8571429	4675.380952
632.0357143	4675.107143
663.7674419	4677
1248.422222	4676.022222
986.125	4677.125
616	4678.621622
603.875	4679.9375
610.0666667	4680.155556
650.0714286	4679.607143
653	4680.733333
644.7666667	4683.6
668.625	4682.5
1245.318182	4682.068182
1244.333333	4685.5
656.7428571	4686.4
963.5	4687
955.2068966	4687.931034
959.8529412	4690.794118
660.5217391	4689.608696
694	4691
1243.692308	4690.846154
626.7407407	4691.925926
681.8421053	4693
240.2916667	4693.458333
617.125	4692.875
651.1016949	4690.279661
662.1428571	4692.571429
954.1666667	4693.083333
640.125	4694.125
350	4694.609756
1242	4694.8
237.7777778	4696.722222
883.6363636	4696.545455
623.8	4697.1
572.9782609	4699.304348
878.9655172	4699.689655
600.7714286	4701.371429
951.8	4701.9
566.2898551	4703.188406
573.5769231	4704.346154
578.9375	4704
582.9	4703.4
596.9090909	4703.954545
947.1428571	4703.914286
675	4706.5
572.8235294	4708.352941
589.6111111	4705.722222
686.6666667	4707
568.6153846	4709.5
624.6756757	4709.954955
942.2580645	4708.274194
560.2553191	4709.446809
585.4117647	4710.568627
713.3333333	4708.666667
1197.2	4708.5
625.4019608	4716.77451
887.125	4710.875
577.2222222	4711.888889
1200.588235	4711.411765
583.8	4714.3
633.2121212	4714.969697
940.4827586	4714.413793
952.9714286	4715.457143
1057.111111	4714.444444
1067.5	4713.928571
411.8	4715
946.1515152	4714.333333
580.5555556	4715.666667
957.8536585	4716
591.5454545	4717.363636
887.1111111	4717.555556
945.1	4720.366667
666.3846154	4719.384615
962.5	4719.125
1061.823529	4717.882353
880.8888889	4721.333333
960.9473684	4722.210526
625.1276596	4723.212766
1057.05	4723.2
1063.647059	4723
1065.666667	4725.666667
694.0697674	4725.883721
575.6363636	4727.454545
621.2105263	4728.947368
949.25	4727.833333
1065.692308	4728.923077
269.375	4729.8125
1067	4732
590.0526316	4733.789474
619.5	4733.5
1154	4733.5
581.7692308	4735
595.9047619	4735.222222
238.2857143	4737.190476
645.75	4737.916667
233.4666667	4738.766667
771.5	4740
228.4285714	4740.285714
596.3650794	4742.428571
601.4285714	4740.642857
538.7	4740.766667
376.4285714	4742.357143
589.7288136	4741.491525
600.9333333	4745.533333
365.7272727	4748.272727
478.6363636	4755.909091
753.5555556	4757.222222
270.8965517	4758.448276
480	4759.166667
751.3125	4760.0625
557.1333333	4761.933333
436.3888889	4762.277778
349.125	4764.25
600	4770.52381
207.8	4773.4
702	4778.2
628.6363636	4781.454545
298.5833333	4782.75
968.15	4785.25
539.5	4789
667.72	4789.906667
972.2666667	4791.566667
620.125	4792.875
675.4206897	4797.655172
862.484375	4794.84375
670.537037	4796.518519
534.875	4798.125
663.7169811	4796.339623
594.88	4800.16
671.6756757	4807.324324
1080.916667	4806.916667
875.1111111	4812.444444
572	4815.5
735.8666667	4817.466667
532.4545455	4822.363636
650.0697674	4824.627907
841.125	4830.875
605.8421053	4833.763158
481.7777778	4834.111111
578.6590909	4838.681818
588.0909091	4837.636364
785.5151515	4837.515152
611.1785714	4839.607143
583.3111111	4841.377778
785.8275862	4848.158621
578.3846154	4844.923077
570.2105263	4847.105263
588.6666667	4845.5
580.5	4847.5
314.6666667	4848.511111
688.1111111	4849.666667
833	4849.8
307.8571429	4850.071429
673.6	4851.933333
303.7941176	4852.235294
595.1666667	4851.75
778.3846154	4854.264957
334.1538462	4854.461538
265	4855.5
330.2222222	4854.5
599.875	4854.75
341.9655172	4854.586207
564.5	4856.8
600	4858
671.95	4857.3
267.5	4859.285714
589.7368421	4860.421053
634.95	4861.05
846.8888889	4860.111111
576.5	4862.333333
639.5454545	4863.272727
662.8421053	4863.157895
707.125	4862.875
844.92	4864.22
849.2666667	4864.333333
934.32	4864.92
831.6	4867.066667
504.2	4867.55
633.75	4868.025
516.05	4868.95
850.4545455	4867.636364
490.8888889	4870.333333
1146.462963	4869.12963
574.75	4871.95
851.7692308	4871.807692
613.9166667	4874.520833
606.25	4873.732143
847.7333333	4874.933333
1154.2	4875.78
359.1333333	4876.893333
833.32	4876.24
390.125	4877.791667
880.7857143	4877.785714
279.75	4879.3
851.5454545	4878.409091
615	4880.730769
1161.1	4880.55
585.3333333	4880.666667
831.1428571	4880.885714
540.3142857	4884.857143
620.8125	4884.625
909.3333333	4884.555556
277.96	4884.36
841.46875	4885.03125
748.875	4887.125
586.7	4887.15
618.3846154	4888.307692
579.125	4887.75
841	4889.2
361.7647059	4889.882353
832.6666667	4890.111111
563.3333333	4890.333333
623.5909091	4891.227273
652.2777778	4892.555556
1026.1875	4894.8125
864.2083333	4895.708333
781.3717949	4896.75641
1030.125	4897.25
867.6463415	4901.987805
733.55	4901.1
775.9	4900.35
848.6451613	4900.483871
855.9583333	4899.666667
786.4	4903.9
851.5	4903.5
777.7341772	4906.886076
783.6333333	4911.911111
857	4905.08
849.0666667	4906.333333
892.3157895	4906.578947
860.75	4907.583333
594.137931	4909.482759
816.969697	4908.575758
547.75	4909.625
857.8965517	4910.793103
888.8571429	4910.571429
851.8333333	4910.583333
433.5	4912
597.5714286	4911.285714
864.025641	4912.230769
609.0526316	4912.947368
854.3529412	4913.764706
572.6666667	4915.333333
833.2222222	4915.611111
861.4516129	4916.709677
784.3469388	4920.326531
897.4285714	4919.071429
237.2413793	4920.62069
496.6666667	4920.111111
567.9090909	4920.363636
604.047619	4917.904762
902	4920
885.5	4921
890.9473684	4922.710526
785.375	4923.458333
880.8888889	4923
821.0833333	4922.666667
507.1428571	4923.928571
839.125	4923.875
567.25	4924.75
574.5625	4924.25
804.3043478	4925.913043
818.5757576	4925.636364
231.75	4925.125
715.375	4927.25
785.0666667	4929.647619
571.9090909	4928.181818
808.5882353	4928.117647
879.5	4928.333333
885.9193548	4927.83871
892.8	4928.133333
340.5	4929
799.2083333	4928.375
846.547619	4926.821429
617.7659574	4932.87234
894.875	4931.875
850.3333333	4934.1
877.4193548	4933.903226
889.4285714	4932.857143
277.9473684	4935.421053
281.75	4934.5
868.3809524	4934.904762
881.375	4933.875
577.1578947	4936.315789
891.952381	4936.904762
357.6785714	4938.892857
884.6511628	4939.790698
581.125	4940.583333
614	4940.5
820.625	4941.375
876.6363636	4940.909091
361.6666667	4942.111111
590.1538462	4942.538462
599.641791	4942.955224
848.6126126	4942.405405
862.3181818	4941.590909
366.875	4943.125
825.4358974	4942.230769
525.4545455	4943.636364
783.7333333	4944.933333
874.3703704	4946
593.55	4945.65
1091	4946
823.75	4946.166667
855.3571429	4946.885714
869.7647059	4946.882353
895.625	4947.5
1086.875	4948.125
848.2631579	4948.894737
884.8235294	4948.647059
892.6470588	4950.411765
596	4950.5
897.4444444	4951.111111
610.7777778	4954.222222
846.2708333	4952.291667
861.6842105	4952.368421
867.0769231	4951.096154
281.6470588	4954.058824
856.2439024	4953.121951
561.0967742	4955.516129
587.0666667	4954.766667
597.1818182	4955.181818
873.902439	4955.170732
570.2857143	4955.928571
813.1875	4955.6875
580.5	4955.409091
602.8	4956.9
844.2666667	4957.733333
858.4538462	4959.815385
1021.5	4958.625
850.4074074	4961.185185
831.1538462	4962.769231
858.4285714	4967.571429
553	4967.5
574.6785714	4968.285714
581.5	4968.708333
832	4967.391304
852.1917808	4969.068493
595.0909091	4969.136364
846.8	4968.866667
569.5882353	4970
564.2777778	4971.055556
603.4216867	4969.421687
788.0097087	4973.097087
858.6818182	4972.136364
447.875	4972.875
602.3666667	4973.833333
571.7777778	4974.622222
612.0909091	4973.363636
860.5	4974.75
598.1162791	4975.44186
788.3846154	4976.923077
588.7222222	4979.444444
604.6086957	4978.652174
831.5714286	4980.035714
549.28125	4980.0625
566.0666667	4981.133333
608	4981.830189
790.7619048	4982.666667
592.8333333	4982.666667
600.5862069	4982.965517
366.8205128	4982.512821
551	4984.130435
290.7333333	4985.2
363.6666667	4984.916667
286.5	4986
475.125	4986.125
587.1818182	4987.363636
559.0540541	4992.756757
892.8181818	4993.454545
1132.5	4992.5
875.8333333	4994.555556
910.7222222	4994.833333
554.4736842	4996.368421
547.2941176	4997.823529
893.7037037	5001.814815
557.8433735	5002.710843
666	5003
763.2	5003
1148.882353	5005.882353
547.4166667	5005.75
570.8888889	5006.333333
896	5005.5
586.04	5007.56
662.36	5007.54
556.2857143	5008.071429
315.4444444	5010.888889
560.5277778	5010.972222
555.5625	5012.25
1158.738095	5012.142857
586.1086957	5013.630435
649.25	5014.625
314.3636364	5014.545455
1116.071429	5015.714286
639.6363636	5017.090909
1155.041667	5017.666667
570.8888889	5017.666667
1111.405405	5018.324324
823.6086957	5019.130435
1150.545455	5018.909091
567.1111111	5019.277778
648.2413793	5019.689655
1107.181818	5020.545455
561.4054054	5020.567568
641.862069	5021.172414
1148.545455	5022.363636
682.1764706	5022.764706
943.8181818	5023.545455
568.5333333	5024.333333
823.5294118	5024.029412
547.3703704	5024.722222
887.3333333	5026.888889
615.703125	5028.5
821.6086957	5029.717391
836.9090909	5027.636364
1140.666667	5027.888889
557.7068966	5029.172414
794.875	5028.875
575.8461538	5030.410256
815.1818182	5029.212121
678.4761905	5030.095238
830.1323529	5029.088235
833.2352941	5031.529412
914.125	5031.875
471.125	5033.125
540.7142857	5034.392857
624.0740741	5033.592593
476.1818182	5035.636364
547.1764706	5034.764706
806.1764706	5036
850.2173913	5035.782609
932.6521739	5037.043478
627.775	5036.525
811.2150538	5035.021505
839.7027027	5037.324324
858.9285714	5037.607143
890.3636364	5036.090909
641.75	5038.583333
479.125	5039.875
633.4186047	5036.744186
897.0357143	5039.214286
916.7272727	5039.909091
637.3773585	5042.981132
831.8	5040.129412
1129.714286	5040.571429
551.3333333	5042.444444
809.0666667	5043.6
680.7272727	5042.727273
853.1730769	5041.307692
894.9130435	5042.391304
858.0588235	5043.647059
619.6	5044.066667
632.224	5049.752
624.8484848	5044.727273
889.6590909	5042.727273
1094.2	5046.4
637.24	5047.72
863	5046.72
907.9473684	5047
267.8461538	5047.230769
577.2682927	5049.353659
920.9375	5048.375
823.9565217	5048.73913
891.6	5048.1
928	5049.5
548.2	5050.5
622.8297872	5050.765957
829.4634146	5048.658537
851.5333333	5049.866667
858.5070423	5050.323944
618.5454545	5050.818182
837.2333333	5051.066667
538	5052
642.2777778	5052.555556
833.7916667	5054.25
854.5	5053.5
867.9722222	5052.416667
742.5	5054.5
809.6086957	5053.57971
676.6666667	5056.333333
894.4	5055.56
922.0909091	5055.818182
627.625	5057.375
631.6666667	5058.083333
831.5	5058.722222
883	5058.384615
887.902439	5057.097561
930.25	5057.5
659.3333333	5059.111111
685	5059.157895
799.1111111	5058.666667
670.775	5061.925
848.7391304	5059.782609
889	5061.666667
807.5454545	5063.545455
851.7058824	5063.294118
741.4857143	5063.114286
842.2957746	5064
686.25	5065.7
826.8947368	5067.052632
833.3478261	5068.173913
840.0740741	5068
736.7857143	5069.571429
807.2	5068.5
884.6923077	5069
919.1466667	5069.426667
839.4303797	5074.189873
847.8	5069.575
1132.5	5069.833333
913.55	5070.8
843.875	5074.4375
830.5416667	5074
818.6111111	5075.5
631.7058824	5077.411765
838.5227273	5082.954545
541.5	5081.25
564.8888889	5081.444444
579.4819277	5081.036145
665.8387097	5081.451613
814.5	5082.125
1027	5082.5
557.5609756	5081.97561
1022.222222	5083.444444
1126.875	5082.875
571.1578947	5084.684211
751	5084.5
845.2	5084.133333
953.25	5084
553.4193548	5084.967742
818.1923077	5085.423077
601.125	5086.875
824.125	5085.833333
1123.333333	5087.041667
449.1176471	5087.352941
574.3	5090.05
912.3846154	5090.153846
444.6190476	5091.238095
893.1111111	5091.666667
441.4615385	5094.846154
552.5	5094.875
1117.133333	5094.066667
622.2	5097
819.2857143	5097.214286
438.1333333	5098.4
937.375	5098
581.12	5099.36
739.4320988	5102.283951
433.6	5101.95
742.1923077	5105.461538
939.5	5103.1875
1092.368421	5102.508772
556.5	5104
733.9583333	5109.083333
963.6111111	5112.722222
968.4827586	5114.37931
984.875	5114.125
975.15	5114.65
351.15	5117.15
554.2857143	5117.428571
801.4166667	5117.25
993.35	5116.45
971.625	5117.6875
998.8666667	5118.4
1003.5	5118
975.1666667	5119.166667
812.875	5124.125
656.2777778	5127.5
795.8333333	5128.055556
812.4814815	5128.407407
693.2083333	5133.916667
652.7564103	5133.076923
1101.366667	5138.666667
1102.851852	5143
805.8	5147
1109.354839	5147.580645
789.3684211	5156.947368
792	5159.75
796.0392157	5160
1114	5159.5
791.5	5164.125
520.030303	5165.818182
575.6153846	5170.384615
789.2142857	5171
365.125	5174.125
840	5173.5
568.8421053	5174.631579
361.2	5175.6
846.5454545	5176.363636
567.5454545	5181.636364
972.125	5183.875
863.5	5196.5
842.2307692	5198.076923
819.1818182	5205.181818
668.1473684	5207.052632
677.4	5209.2
942.8205128	5209.128205
586.5	5212.2
585.8	5215.066667
769.9090909	5216.363636
993.9166667	5218.5
773.125	5223.7
825.5	5223.75
990.125	5223.125
773.6923077	5228.576923
828.9444444	5227.222222
820.3684211	5227
926.1875	5227.625
1107.333333	5228.75
615.875	5229.875
1113.714286	5230.642857
911.5789474	5238.394737
373.4848485	5240.121212
908.8235294	5241.058824
806.3846154	5241.538462
910.55	5247.15
1055.5	5249.2
369.3888889	5248.722222
613	5251
360.2777778	5251.388889
575.4545455	5252.272727
813.5882353	5251.470588
915.95	5252.85
867.2142857	5252.571429
870.5625	5253.375
607.1052632	5254.789474
857.6666667	5254
911.8181818	5253.090909
369.78125	5256.96875
661.3125	5255.0625
865.0454545	5256.409091
913.3157895	5257.736842
632.9148936	5259.468085
824.3076923	5261.307692
912.4545455	5261.272727
364.7058824	5264
630	5265.5
1102.766667	5265.433333
1108.166667	5265.25
570.75	5267.583333
656.0666667	5268.866667
711.5185185	5269.037037
811.5849057	5269.018868
911.7837838	5268.243243
821.6666667	5270
521.5	5271.1875
751.2	5272
272.8333333	5272.833333
857.6363636	5272.909091
671.5	5274
812.2	5277.46
864.1111111	5276.240741
433.7	5278.7
707.125	5278.875
871.3636364	5277.954545
867.2222222	5281.388889
738.0625	5283.6875
742	5284.571429
856.5333333	5283.866667
868.125	5284.5
620.7142857	5285.5
808.5	5286
815.9811321	5286.301887
746.1052632	5286.421053
826.4	5287.25
870.2	5287.833333
633.5	5293
503.5238095	5294.761905
752.2142857	5294.214286
793.9375	5295.3125
843.6363636	5294.909091
848	5295.153846
716.6470588	5296.235294
789.5	5295.5
807.3846154	5299.961538
856.9375	5300.75
735.4333333	5304.7
854.8	5304.5
937	5311.095238
826.3157895	5313.421053
679.2	5314.8
942.8095238	5315.238095
714.0769231	5316.384615
1053.888889	5317.944444
754.1071429	5319.357143
1057.571429	5320.357143
677.5	5321
1022.222222	5321.222222
750.1142857	5323.171429
1061.923077	5323.730769
827.8	5325.6
823.0769231	5326.384615
370.875	5329.125
820.7142857	5329
1036.625	5328.9375
832.5	5330
961.5714286	5330.857143
400.2	5332.3
1077.566667	5332.3
704	5333.066667
825.9090909	5331.954545
705.34375	5336.59375
713.8983051	5335.322034
969.8947368	5335.157895
1083.47619	5336.047619
401.5	5336.5
871.28	5338.64
702.0769231	5340.538462
1024.526316	5340.526316
1089.05	5341.1
867.1818182	5341.363636
480.9333333	5343.777778
711.1333333	5350.4
733.1842105	5353.868421
996.2307692	5354.153846
1079.875	5355.125
471.3097345	5352.831858
729.1621622	5359
464.4761905	5362.142857
723.3064516	5360.774194
1089.5	5363.5
723.8333333	5366.916667
729.0384615	5364.961538
461.5	5365.5
1109.076923	5367.153846
714.0357143	5367.357143
720.2857143	5371.285714
1099.933333	5371.466667
1104	5373.5
805.25	5381.1875
802.25	5381.75
463.7857143	5392.071429
366.1111111	5396
315.8	5399.866667
818.2	5401.08
815.0588235	5401.352941
849	5404.5
812.3255814	5409.883721
845.3809524	5408.904762
479.5172414	5410
631.6551724	5413.931034
480.1428571	5414.857143
722.1764706	5414.294118
744.6666667	5415.222222
812.7407407	5418.296296
395.3529412	5417.764706
594.0714286	5418.285714
392.3478261	5420.434783
474.8888889	5420.777778
566.2222222	5420.666667
748.6493506	5423.584416
465.6666667	5422
752.2727273	5422.272727
433.3846154	5422.384615
462.4166667	5424.583333
469.3181818	5424.909091
478.8823529	5428
759.1333333	5428.8
471.4418605	5429.976744
751.6153846	5430.384615
827.6923077	5431
1051	5432.409091
479.3846154	5432.961538
704	5432.545455
1056.846154	5433.538462
822.78125	5440.40625
1057.391304	5438.391304
702.8571429	5441.285714
810.3636364	5441.090909
827.25	5441.75
925.5	5443.5
719.9411765	5446.588235
718.3157895	5458.236842
817	5456.434783
810.2	5458.5
572.2	5462.4
712.5454545	5463.454545
801.1111111	5467.111111
814	5469
784.125	5472.708333
934	5475.5
940.4444444	5479.111111
845.952381	5479.571429
443.4444444	5481.333333
335.6666667	5477.388889
324.5454545	5489.772727
1006	5488.5
748	5492
1007.761905	5493
858.9090909	5492.363636
721.5294118	5494.088235
955.6363636	5495.545455
959.1176471	5498.647059
506.125	5499.875
755.8125	5503.625
963.3235294	5505.411765
1019	5512.647059
971.9130435	5512.391304
431.25	5514.875
1046.785714	5516.5
976.6363636	5522.909091
980	5523
620.4545455	5524.181818
1020.8125	5526
1024.473684	5531
1060.125	5530.625
761.12	5538
333.2142857	5539.214286
820.3333333	5540.666667
878.8333333	5539.583333
594.3125	5541.28125
765.2105263	5541.684211
759.5882353	5542.323529
327.6896552	5543.551724
845.1666667	5543.277778
848.5	5545.125
1039.294118	5545.529412
322.0714286	5547.714286
757.6212121	5547.272727
655.4181818	5546.581818
852.0645161	5548
879.7647059	5547.941176
319	5550
938.5	5550.2
335.7	5550.7
729.5238095	5550.371429
761.0555556	5551.666667
857.6060606	5552.484848
935.8461538	5553.538462
862.7857143	5556.035714
556	5555.8
683.0625	5557.0625
671.8611111	5557.388889
568.125	5559.125
832.3636364	5560.090909
860.5714286	5560.214286
867.7647059	5559.823529
561.8	5562
565.3636364	5561.636364
875.0882353	5562.529412
879.6666667	5564.444444
565.9615385	5565.538462
884.6521739	5567.173913
892.4761905	5570.142857
897.9285714	5574.107143
751	5574
630.5	5578.6875
541	5599
750.3333333	5621
340.8181818	5621.454545
761.8	5634
1023.041667	5632.666667
669.1818182	5635.181818
603.5	5636
566.4545455	5637.181818
631.875	5640.875
543.9705882	5641.352941
722.7083333	5642.958333
784.7222222	5643.777778
666	5645
621.125	5645.875
659.6206897	5645.827586
617.2631579	5647.631579
877.5	5649.5
895.2380952	5649.952381
664.5277778	5650.194444
396.5925926	5652.555556
660.4909091	5653.054545
903.0909091	5654.727273
653.6811594	5657.898551
949	5662.352941
610.5163043	5668.956522
707.6296296	5662.925926
634.1111111	5666.777778
975.72	5666.24
594.875	5669.25
616.9636364	5669.290909
582	5669.5
982.375	5670.25
423.7083333	5673.333333
603	5672.2
954.5882353	5672.470588
661.8571429	5674.857143
429.8823529	5674.411765
619.0833333	5674.708333
665.5909091	5675.772727
677.0465116	5675.348837
958.36	5677.28
672.6	5677.4
617.8372093	5678.837209
749.125	5679.125
661.5789474	5679.894737
665	5680
681.5238095	5680.190476
643.0434783	5682.826087
676.7241379	5683.448276
608.7222222	5683.583333
747.875	5684.875
746.3076923	5689.307692
356.1538462	5693.307692
352.6666667	5695.666667
708.5333333	5695.133333
806.8888889	5695.666667
723.8666667	5698.866667
482.6944444	5701.083333
476.3333333	5702.904762
460.75	5706.125
680.3888889	5705.666667
738.8	5707.5
454.8333333	5707.583333
808.4285714	5707.714286
450.2903226	5710.193548
682.8235294	5710.764706
526.2857143	5714.5
794.2	5714.7
718.0697674	5717.930233
723.6363636	5717.363636
814.46875	5722
761.5	5731.5
795.8181818	5731.545455
630.7142857	5733.5
815.8518519	5736.296296
631.125	5736.875
457.625	5741.958333
933.5555556	5743.888889
599.9615385	5745.923077
661.3571429	5744.785714
576	5751.142857
823.1666667	5753.166667
706.5833333	5756.25
827.9487179	5757.512821
692.1	5760.25
713.76	5758.84
827.3529412	5761.411765
485.6	5762.6
709.122449	5761.77551
699	5763.5
825.1818182	5764.727273
698.2325581	5769.604651
693.5	5769.5
687.1315789	5770.657895
681.6666667	5772.5
705.375	5773.4375
687.5714286	5774.771429
385.6315789	5774.736842
678.9047619	5774.095238
694.3333333	5775.151515
823.7666667	5773.466667
701.625	5775.3125
699.25	5777.95
688.4795918	5779.918367
824.4210526	5780.368421
679.2241379	5782.672414
444.6923077	5785
688.7777778	5785.388889
667	5788.833333
824.7647059	5789.058824
530	5791.857143
429.8235294	5792.117647
683.3684211	5794.684211
423.8333333	5795.333333
679.1071429	5796.285714
674.4615385	5799.461538
718.4745763	5804.423729
825.1290323	5801.032258
668.8333333	5802
823.1666667	5804.809524
881.6923077	5808
830.0952381	5809.380952
839	5812
841.4761905	5815.619048
837.4210526	5815.210526
377.5483871	5819.645161
586.5	5819.7
721.875	5822.125
684.5	5825
681.5	5829.5
466.3	5839.9
705.1176471	5842.705882
737.125	5843.875
740.4444444	5846.555556
743.8571429	5851.047619
454.3636364	5852.181818
753.4459459	5856.608108
666.9166667	5857.833333
742.1904762	5859.666667
760.98	5863.22
907.875	5864.5
766.3214286	5868.285714
636.625	5870.25
538.3125	5877.3125
533.4166667	5881
535.4411765	5883.5
529.3846154	5884.615385
834.6744186	5884.883721
806.4680851	5903.234043
430	5910.125
434.1818182	5910.454545
909.2941176	5909.117647
887.5882353	5934.470588
503	5939
755.25	5938.857143
602.8222222	5952.333333
770.125	5952.875
550	5954
773.5625	5954.9375
666	5955.5
545	5956.818182
669	5965.5
863	5967
864.9113924	5974.025316
868	5980
459.6666667	5987.555556
837.15	5990.55
452.375	5997.25
630.3636364	5998.090909
498.5	5999
802.2424242	6000.69697
738.125	6005.875
741.2	6007.1
824.4666667	6013.866667
694.125	6019.125
749.875	6021.125
836	6025.5
838.1111111	6028.666667
840.8125	6033.5
764.0909091	6045.727273
767.1333333	6051.066667
560.1666667	6052.666667
605.6666667	6057.866667
685.125	6058.125
801.7826087	6058.913043
544.68	6060.76
773.6	6064.183333
805.4	6065.2
778.6428571	6067.142857
809.1304348	6070.695652
518.5555556	6073.611111
513.1875	6075.0625
576	6076
512.875	6080.875
333	6087.5
343.5	6089.5
514.6428571	6088.642857
343.8461538	6103.589744
678.7	6104.2
340.8947368	6112.157895
681.2173913	6112.434783
339.52	6117.04
689.125	6116.125
331.1212121	6116.333333
336.3	6118.7
583.25	6118.333333
423.9464286	6163.535714
590.6363636	6166.090909
587.3	6167.4
416.2777778	6172
413.9333333	6176.133333
578.5	6232
464.3703704	6253.222222
769.5909091	6255.318182
456.5	6256.8
354.4126984	6262.571429
372.0909091	6263.363636
381.0689655	6263.068966
389	6264.230769
395.4615385	6263.615385
393.6551724	6268
389.0882353	6270.970588
716.8888889	6302.305556
553.1315789	6307.052632
364.3333333	6306.5
553.9	6312.6
358	6315
553.4814815	6323.555556
730.1111111	6326
552.1818182	6327.818182
552	6331.533333
348.875	6335.125
490.5555556	6339
709.8947368	6343.421053
493.9444444	6347.555556
702.5454545	6346.818182
501.6923077	6347.923077
510.4893617	6350.553191
703.0714286	6352.142857
493.4	6353.555556
516	6354.025641
521.826087	6355.978261
524.7	6358.7
529.48	6358
537.5084746	6364.389831
544.6133333	6364.226667
692.5	6361.5
534.1842105	6360.105263
687.5454545	6362.772727
693.8384615	6371.9
702.2241379	6367.068966
689.5666667	6367.933333
541.1538462	6369.076923
317.7111111	6369.844444
531	6371.5
683.8604651	6371.627907
544.2380952	6372.047619
308.1818182	6373.545455
322.75	6374.3125
526.125	6373.875
349	6374.8
358.3409091	6375.329545
368.6666667	6374.533333
365.1111111	6376.111111
521.4	6375.7
313.9	6376.8
337.125	6376.5
489.3461538	6377.923077
352.9076923	6380.2
685.6296296	6378.981481
304.5	6380.5
311.3157895	6379.315789
369.7297297	6379.054054
525.6956522	6379.608696
307.5833333	6380.666667
312.8235294	6384.264706
369.6666667	6383.866667
553.5	6383
329.125	6383.75
348.1052632	6381.473684
691.7857143	6385
375.9090909	6384.272727
684.7037037	6385.518519
305.5789474	6386.947368
493.5	6385.8
333.875	6386.875
353.0952381	6388.238095
373	6388.432432
366.2463768	6387.797101
378.9411765	6388.352941
677.9655172	6388.931034
312.6428571	6389.642857
342.7777778	6391.333333
684.5208333	6391.229167
364.6595745	6393.531915
314.5	6393.5
318.875	6394.125
360.1176471	6396
364.0833333	6398.333333
430	6400.333333
360.5714286	6401.380952
436.125	6401.875
369.125	6408.125
447.7727273	6412.363636
524	6412
314.4	6447.866667
312.3636364	6451.636364
578.8	6464.65
579.1	6468.8
559.0555556	6487.611111
566.6666667	6487.666667
345.8888889	6499.444444
569.6111111	6502.777778
344.5714286	6505.071429
525.7777778	6507.611111
566.4117647	6509.058824
336.7142857	6524.142857
331.5	6530.5
413.7142857	6538
377.5	6553
320	6555
463.8333333	6558.888889
367.875	6642.125
400.5	6654.5
