X	Y
0	0
0	6857
6857	0
6857	6857
611.8888889	278.2777778
702.1176471	284.4117647
793.25	299.25
661.1538462	300.6153846
832.3870968	304.4516129
827.9	306.05
830.5116279	310.7209302
821.6444444	311.5666667
812.9438202	316.011236
811.3269231	320.6538462
744.4615385	320.2307692
797.9305556	320.6805556
791.2083333	324.0833333
783.6289308	332.8238994
803.3559322	324.3050847
796.4042553	329
728.1363636	328.0454545
786.483871	335.2096774
725.3888889	330.0555556
572.1818182	330.9393939
779.483871	330.6129032
775.0625	333.46875
771.1818182	334
767.6326531	336
574	336
762.775	337.875
757.2711864	340.2881356
773.9047619	341.2857143
771.3518519	344.3518519
749.755814	342.3488372
764.25	345.4375
767.5769231	349.7307692
756.2929293	349.7676768
777.6153846	350.6153846
764.7222222	353.6111111
752.3928571	355.75
757.9090909	355.9090909
699.8947368	444.8947368
713.1428571	498.8571429
713.5789474	507.5789474
612.6666667	509.1111111
894.25	541.4166667
710.6666667	554.2777778
704.5135135	556.2162162
708.9375	558.125
507.95	596.75
621.7	600.3
740.5	600.5
434.3333333	612.3333333
610.5909091	613.8181818
597	630.55
602.8461538	632
544	632.5
494.3333333	661.2777778
496.6666667	663.2222222
501.1428571	663.0714286
489.2	691
598.1666667	699.9583333
562.05	711.25
690.8823529	715.4705882
390	726.8
380.5	749.2857143
410	754.8
412.0625	758.25
487.2105263	759.5789474
415.4285714	762.9642857
375.6666667	764.4
661.625	768.75
558.25	778.4
618.6666667	779.9333333
987	784.5
603.6842105	790.3157895
372.6521739	791.826087
935.4166667	809.75
548.7	843.3
726.375	843.3125
548.5789474	852.1052632
547.8787879	857
545.6153846	865.5384615
544.7692308	870.4615385
539.8181818	871.5454545
545	879
355.5	882.5
1040.181818	883.2727273
618	894.1071429
821.6	895.6
932.7631579	895.1315789
620.4285714	898.0714286
930.3235294	897.7352941
620.65	903.55
585.2142857	913
826.125	913.4375
667.0967742	916.2580645
406	919.8888889
409.7272727	922.8181818
675.3636364	928.0909091
568.1012658	929.8607595
413.6037736	932.5471698
572.3333333	936.9333333
414.2666667	938.8
414.8	943.56
416.6923077	947.9230769
480.0833333	947.8333333
331.5357143	950.8214286
326.7692308	952.7692308
418	955.5
419.1851852	959.1851852
422.1081081	963.8918919
341.5555556	965.7777778
422.1875	968.0625
614	966.5
636.6666667	965.8888889
427.0526316	971.4210526
423.4583333	972.0833333
617.125	972.875
846.1176471	987
802	1042.666667
781.1818182	1049.545455
967.875	1056.125
892.875	1056.875
296.0909091	1064.363636
291.0909091	1066.636364
1053.333333	1068.266667
564.625	1077
803.3636364	1080.181818
802.6875	1085.0625
367.2857143	1086.642857
546.8636364	1089.977273
800.4375	1088.5625
723.5652174	1091.73913
729.5	1091.5
549.6875	1096.03125
545	1098.153846
800.5	1100.5
513	1102.5
549	1103.04878
546.1428571	1106.464286
930.4705882	1106.411765
551.3333333	1107.777778
545.9259259	1111.111111
551.2647059	1112.735294
545.9473684	1117.473684
515.9090909	1114.636364
516	1118.2
665.625	1117.75
550.1166667	1122.733333
664.4666667	1121.733333
759.1111111	1128.666667
757.8461538	1134.769231
285.5714286	1141.142857
714.1428571	1144.190476
401.8	1146.133333
890	1149.5
527.6	1150.933333
415.3333333	1153.888889
533.875	1159.125
286.8888889	1161.333333
467.9285714	1163.142857
286.6428571	1165.714286
468.0909091	1167.363636
285.3636364	1170.5
284	1176.6
761.48	1180.16
487.6875	1182.8125
283.3125	1183.1875
312.8421053	1185.842105
281.1538462	1188.807692
813.125	1194.75
831.1333333	1195.066667
279	1195.333333
275.8636364	1199
272.25	1203.321429
269.4090909	1210.045455
548.9710145	1216.536232
811.6190476	1217.761905
541.8095238	1220.933333
547.2941176	1224.117647
617.6363636	1240.909091
253.5555556	1256.777778
792.0666667	1263.4
254.6	1264.066667
618.3846154	1272.307692
698	1278
760	1280
834.6363636	1280.090909
468.1428571	1281.821429
648.75	1283
472.8378378	1283.783784
347.1707317	1284.926829
789.6086957	1286.086957
527.4166667	1287.25
258.0909091	1288.363636
530.3	1289.7
407.0833333	1290.75
655.8235294	1291.058824
659.0769231	1292.769231
838.7567568	1292.351351
278.9423077	1295.173077
843.72	1293.24
922.1176471	1293.411765
407.7096774	1295.709677
833.56	1294.6
283.1777778	1297.866667
412.5	1296.2
245.3611111	1294.222222
344.5	1297.125
663.7419355	1299.645161
745.1025641	1298.179487
250.2959184	1302.897959
599.8888889	1299.666667
254.9230769	1302.076923
849.0588235	1301.764706
403.6363636	1302.909091
738.9285714	1302.571429
479.6666667	1304.266667
350.4027778	1303.027778
257.56	1306.88
870.5909091	1307.636364
478.2647059	1309.264706
483.92	1312.16
669.6774194	1313.806452
416.8888889	1317.333333
433.5555556	1317.333333
665.6666667	1317.111111
456.8214286	1320.142857
461.6	1323.8
459.8076923	1331.730769
265.125	1331.875
267.6153846	1340.384615
271.6666667	1340.083333
494.3333333	1340.888889
466.125	1347.125
1089.875	1347.875
269.2068966	1348.793103
1085.5	1352.361111
270.1666667	1355.694444
831.8888889	1357.111111
508.6666667	1358.416667
685.6875	1360.625
270	1362
679.0434783	1374.304348
790.2	1374.9
476.0526316	1376.210526
681.7096774	1379.483871
792.625	1384.541667
685.6363636	1384.5
695.137931	1390.310345
285.8787879	1388.515152
571.5957447	1389
289.4074074	1394.814815
680.4545455	1392.363636
700.4594595	1398.027027
687.9444444	1400.398148
696.0952381	1401.285714
291.5454545	1400.69697
692.8333333	1404.833333
976.8	1402
295.6363636	1406.484848
694.4615385	1407.615385
298.7777778	1410.722222
1083.166667	1413.333333
300.9047619	1416.380952
1080.962963	1420.814815
310.7142857	1428.238095
1077.166667	1438.333333
1022.411765	1444.941176
762.2857143	1446.785714
1021.875	1448.875
603.875	1456.125
1073	1457.5
1043.421053	1461.473684
1078.916667	1464.083333
1012.5	1466
362.0384615	1470.807692
1075.3	1472.6
989.5	1474.5
985.4615385	1478.153846
371.8055556	1480.611111
1080.875	1481.125
467.125	1493.125
470.9375	1492.6875
418	1503.5
688.5	1508
532.875	1512.875
963.3939394	1524.484848
465.5	1537.5
338.4117647	1540.294118
923.6511628	1540.906977
950.8846154	1540.076923
914	1542.5
360.9655172	1542.896552
919.2142857	1543.357143
344.2	1546.7
352.9333333	1546.4
918.3846154	1547.384615
761.704918	1552.803279
755.5813953	1556.860465
762.3636364	1559.472727
756.8461538	1561.923077
415.3846154	1570.384615
426.9041096	1570.09589
784.0540541	1576.216216
427.3684211	1573.526316
441.5384615	1576.230769
567.2686567	1576.940299
870.6190476	1594.761905
919.3846154	1594.615385
896.3846154	1626.461538
824.7692308	1630.384615
895.3846154	1632.846154
448.6363636	1634.909091
454.12	1636.8
459.5813953	1639.44186
988.4736842	1640.842105
516	1642
369.875	1648.125
478.6666667	1651.555556
1067.5	1655
433.2727273	1671.848485
278.0625	1678.125
859.0227273	1706.340909
251	1712.5
250.2777778	1718.444444
845	1736.5
297.5454545	1737.181818
489.3333333	1749.111111
484.2857143	1761.214286
536.9444444	1778.111111
878.3	1779.3
212.4166667	1779.208333
275	1785
413	1798
709.8275862	1800.896552
704	1810.346154
711.1111111	1811.722222
703.125	1814.875
427.2105263	1824.315789
431.8823529	1828.941176
258	1831
220.8181818	1835.136364
388.7	1842.7
453.1111111	1851.666667
536.1666667	1853.583333
930.6315789	1861.315789
227	1865.259259
935	1866
232.1538462	1868.538462
939.5384615	1875.692308
359.8	1879
265.6666667	1883.888889
271.2	1885.266667
943.9615385	1884.961538
362.6666667	1884.866667
276.0769231	1888.615385
192.4545455	1889.363636
1004.875	1890.125
193.75	1892.583333
279.875	1894.5
412.6666667	1917.111111
646.3333333	1924.789474
655.3018868	1926.037736
650.7037037	1929.12963
488.5454545	1930.818182
655.2058824	1935.852941
330.5	1932.714286
485.5	1933
646.7692308	1934.128205
652.25	1934.916667
641.62	1934.04
645.9545455	1941.931818
651.2571429	1939.942857
641.6190476	1943.333333
655.7916667	1944.520833
643.375	1946.5
650.7619048	1946.761905
653.4545455	1951.575758
640.625	1950.75
646.6341463	1949.95122
648.5238095	1956.380952
644.0408163	1957.265306
644.6538462	1963.961538
429	1967.136364
647.12	1968.12
421.3888889	1969.277778
1066	1991.111111
794.75	2014.4375
724.1333333	2024.6
575.4	2026.05
404.3571429	2029
502.8461538	2029.538462
572.3333333	2029.666667
584.875	2029.875
719.0625	2029.8125
578.8	2030.327273
504.6923077	2033
728.8421053	2033.526316
823.7727273	2034.590909
722.1818182	2033.927273
717.8	2037.2
469.78125	2038.0625
531.125	2039.875
820.375	2040.675
579.5	2040.722222
819.875	2046.125
1075.75	2052.125
251	2053.642857
1070.166667	2055.888889
526.4166667	2061.416667
1032.111111	2061.333333
561	2072.5
342.52	2074.32
345.3157895	2079.736842
288.3846154	2080.538462
840.6363636	2081.454545
706.5	2090
404.5555556	2092.888889
408.6	2093.5
1056.333333	2099.25
1051.04	2100.44
209.1176471	2111.411765
990.05	2126.9
317.0909091	2132.363636
952.5	2141.5
1053.5	2144.5
883.3	2145.7
886.6296296	2149.703704
297.6666667	2151.25
641.125	2155.125
887.1428571	2156.071429
883.8	2156.8
1113.117647	2175.705882
1108.6875	2176.375
211.1904762	2176.714286
458.5789474	2176.684211
565.1538462	2179.230769
1106.166667	2179.583333
253.6666667	2182.333333
562.4482759	2182.655172
557.6041667	2184.666667
568.71875	2183.5
551.7878788	2185.757576
460.2105263	2192.157895
1027.148148	2218.37037
919.1111111	2221.333333
1029.7	2221.7
953.0909091	2223.636364
674.1333333	2228.333333
743.3255814	2230.72093
309.75	2232.375
741.4285714	2235.571429
1095.529412	2238.176471
225.2666667	2242.2
259.3636364	2250.090909
831.6363636	2276.909091
540.0909091	2278.636364
571.0769231	2278.692308
241.4	2281.3
244.3846154	2280.615385
893.8461538	2288.538462
302.875	2291.125
891.6315789	2294.421053
892.7692308	2297.615385
1007.916667	2300.666667
363.6875	2309.4375
572.6666667	2310
433	2313
570	2313
980	2320.5
275.6734694	2323.326531
1004.588235	2323.352941
723.375	2327.25
659.8333333	2331.625
718	2332
1021	2332.2
934.125	2334.875
532.5	2338
1035.125	2339.125
580.4347826	2342.086957
1034.5	2345
569.8888889	2352.666667
924.6363636	2355.909091
564	2359
724.9166667	2358.583333
698.7058824	2364.411765
216.5	2364.611111
564.0232558	2365.093023
582.3636364	2371.272727
561.125	2371.625
579.3	2373.35
705.875	2372.875
710.625	2373.75
556.3333333	2373.761905
697.2173913	2375
348.125	2376.125
551.4782609	2377.695652
557.0666667	2378.4
346.1666667	2379.25
556.6190476	2383.142857
545.2857143	2383.5
375.9166667	2385.25
380.5555556	2385.333333
690.6923077	2387.692308
703.1538462	2387.461538
279.25	2389.25
289.875	2391.125
705	2392
711.3392857	2394.017857
700.3846154	2395.615385
772	2399.333333
779.057971	2401.492754
708.25	2404.416667
1159.090909	2404.090909
186.5	2405
1154.363636	2407.181818
1145.782609	2407.913043
937.9090909	2417.636364
689.3636364	2420.090909
986.6666667	2430.888889
1108.916667	2445.916667
331.6	2448.9
490.3333333	2451.888889
213.25	2453.5
489.6111111	2455.166667
267.3333333	2476.111111
556.25	2478.166667
835.2280702	2482.596491
775.5555556	2487.111111
828.1363636	2488.127273
460.875	2488.125
836.6666667	2488.8
411.125	2491.125
821.9714286	2492.485714
561.6111111	2494.277778
223.5	2496
422.6363636	2495.909091
520	2496
359.5	2498.5
517.625	2498.25
594.6470588	2509.058824
596.3125	2516.0625
779.7	2514.7
783	2516.904762
493	2518
692	2520.5
595.6666667	2522.566667
775.5	2540.5
895	2550
779.0909091	2553.272727
569.6666667	2564.777778
1100.3125	2565.125
257.25	2569.125
433.875	2568.875
1094.555556	2568.666667
493.3333333	2576.111111
141.5	2581
638.8181818	2583.181818
377.3333333	2589.111111
530.972973	2589.648649
719.875	2589.875
248.5	2592.5
253	2592.5
729.5714286	2592.571429
806.8181818	2602.818182
134	2604
761.2666667	2603.933333
789.0714286	2606.428571
785.2	2608
558.3	2612.2
231.2307692	2614.576923
554	2614.5
560.3333333	2614.888889
567.7857143	2614.642857
262.9310345	2617.655172
664.75	2617.035714
274.3958333	2618.916667
281.5	2618.5
632.3636364	2618.30303
257.0952381	2619.761905
268.76	2620.12
252.7857143	2621.428571
264.05	2621.3
277.9230769	2622.692308
634.8095238	2623.571429
663.1875	2622.6875
469.7837838	2624.648649
281.3125	2625.3125
418.5454545	2624.818182
524.6923077	2626.461538
1189.375	2625.75
632	2626.8
517.76	2629.24
677.125	2629.875
520.375	2632.375
111.9090909	2634.363636
285.5	2634.714286
343.7647059	2637.176471
165.6666667	2638.111111
450.4444444	2639.148148
546.875	2638.125
596.7777778	2639.148148
456.5416667	2642.583333
541.3636364	2644.181818
517	2645
564	2646.5
751.6666667	2646.074074
821.975	2645.7
544	2646.931034
538.375	2648.25
903.5652174	2656.217391
459	2657.25
153.375	2667.4375
411.4193548	2667.580645
524.3333333	2667.666667
419.8181818	2668.863636
551.3703704	2669.518519
422.5416667	2672.458333
418	2673.733333
334.6666667	2673.888889
414.7037037	2676.592593
453.9285714	2676.321429
417.3968254	2680.142857
470.2857143	2683.742857
411.4571429	2687.085714
208.0810811	2688.783784
414.7123288	2693.410959
501	2694
320.3	2698.3
234.3333333	2699
408.3714286	2699.685714
759.6153846	2700.461538
408.7037037	2704.703704
423	2703.888889
404.1538462	2705.192308
501.5604396	2714.197802
322.3	2715.7
474.9090909	2716.045455
309.8214286	2719.214286
313.875	2718.4375
317.7222222	2719.111111
324.4418605	2720.186047
331.4571429	2721.342857
339.2142857	2723.428571
821.6	2722.8
482.5833333	2727.25
752.3636364	2732.090909
752.875	2734.875
751.5	2741
373.5617978	2745.94382
376.32	2747.8
757.4	2745.866667
534.55	2747.35
341.6363636	2748.090909
372	2754.866667
491.7272727	2759.318182
495.8461538	2760.230769
615.3333333	2761
187.5	2762
875.3333333	2793.888889
429.0666667	2802.733333
425.0625	2805.8125
264.125	2808.875
899	2810.5
296.7222222	2811.166667
888.8461538	2813.461538
879.3333333	2815.333333
918	2825
881	2827
397	2828.333333
503.8888889	2832.333333
299.5	2833.8
429	2843.32
876.6111111	2843.666667
873.8873239	2850.478873
374.3333333	2846.555556
880.6521739	2846.130435
884.2777778	2850
880.265625	2857.75
880.4444444	2851.148148
378.5882353	2853.882353
1025	2853.111111
482.7777778	2854.833333
884.2	2856.36
1021.272727	2855.818182
724	2857.333333
493.2121212	2857.848485
380.3333333	2858.333333
754	2859
383.1666667	2861.333333
464.4444444	2861.222222
1156.133333	2867.266667
1016.583333	2869.791667
384.7142857	2871.142857
1149.761905	2870.666667
719.6666667	2872.111111
1154.4375	2871.34375
703.7142857	2874.142857
720.9166667	2875.916667
1014.965517	2877.551724
356.5	2877.8
867	2880.2
377.6111111	2881.722222
187.5833333	2883.083333
1013.875	2883.791667
195.2	2887.266667
200.4	2888.15
319	2888
1013	2888.5
942.8888889	2890
319.3333333	2890.888889
1010.703704	2900.37037
315.5	2905.5
849.5294118	2911
505.6818182	2914.954545
859.3571429	2915.142857
1008.1	2915.25
847.0666667	2917.066667
857.6190476	2919.238095
852.25	2919
852.65625	2925.03125
381	2927.071429
955.2941176	2931.294118
416.05	2932
423.5833333	2936.75
401.3333333	2938.083333
343.5	2941.333333
412.5	2944.590909
421.8571429	2944.714286
850.0769231	2944.769231
857	2946.183673
460	2958
578.5	2961
1042.882353	2961.117647
1049.181818	2964.545455
942.6428571	2975
251.8	2978
255.3636364	2978.090909
520.8235294	2977.470588
565.75	2977.625
1132.461538	2977.846154
992.9166667	2978.583333
382.6666667	2979.666667
255.2307692	2981.153846
986.1481481	2985
988.1666667	2989.083333
992.7142857	2990.5
511.125	2995.875
717.6	3000.04
545.0422535	3002.492958
960.4220183	3003.293578
482.6666667	3002.944444
799.4	3004.2
545.2608696	3007.108696
383.2105263	3007.157895
388.6029412	3007.602941
802.25	3011.25
392.6	3011.3
496.2941176	3011.941176
155.6764706	3013.088235
388.2857143	3013.607143
249.2777778	3017.611111
918.1111111	3017.333333
698.125	3017.875
451.5714286	3024.142857
800.5238095	3023.880952
380.125	3025.875
414.1666667	3027.083333
355.6	3027.76
365.6304348	3027.652174
371.875	3028.4375
602.7692308	3027.769231
447	3028.636364
796.0588235	3029.705882
195.28	3029.92
801.5098039	3030.215686
192.5185185	3032.851852
356	3033.095238
366.8	3033.52
352.25	3034.75
651.0714286	3034.142857
102.7	3038.6
125.0526316	3039.947368
389.75	3039.821429
393.9090909	3041.363636
120.2	3042.52
418.3142857	3043.371429
110.7619048	3043.904762
115.6666667	3044.533333
388.1764706	3044.823529
416.8181818	3046.545455
815.7368421	3044.473684
840.75	3045.583333
120.9047619	3046.238095
125.4	3047.6
837.2105263	3047.526316
239.4	3048.65
841.6363636	3048.636364
731.25	3050.333333
781.075	3050.2
260.75	3052.05
370.5333333	3051.333333
504.3571429	3051.642857
831.5	3053
48.95238095	3058.809524
330.5	3062.5
473.5	3073
614.3	3074.8
47.10526316	3076.052632
145.8666667	3076.6
141.8181818	3078.545455
1010	3080.5
240.8823529	3082.764706
539.12	3084.44
360.25	3084.666667
542.875	3085.125
709.3	3084.5
639.5882353	3086.264706
1032.636364	3085.909091
1037.125	3089.125
94.78571429	3091.714286
1137.5	3094.5
301.7142857	3094.5
355.4166667	3095.25
309.6666667	3096.666667
1141.285714	3096.642857
1138.357143	3099.285714
136.6363636	3100.454545
309.8888889	3100.333333
727	3109
607	3123
40.17391304	3125.304348
283.4130435	3125.434783
292.5	3126.5
289.9375	3130.25
569.3333333	3131.5
723.5	3133.5
56	3135
566.5	3135
194.6363636	3140.545455
355.5	3143.5
1051.909091	3157.363636
608.1818182	3159.545455
1075.090909	3161.636364
879.4545455	3170.363636
883.3636364	3171.545455
887	3174.181818
681.2631579	3174.842105
19.1875	3177.1875
950.5384615	3177
945.6595745	3179.914894
324.8	3184
811.4358974	3188.512821
156.25	3190.6
410.5	3192.8
471.925	3194.85
1116.578947	3198.315789
468.7142857	3200.642857
799.7894737	3204.078947
874.3846154	3210.615385
20.77777778	3212.888889
184.7916667	3213.791667
15.69230769	3215.307692
55	3216
1186.5	3217.5
122.7692308	3219.923077
1177.5	3222
44.15	3228.95
979.3846154	3229.384615
604.5813953	3228.744186
54	3230.769231
912.56	3231.2
404.6470588	3233
599.6222222	3232.533333
1013.875	3233.125
14.06666667	3235.8
459.125	3235
911.875	3234.875
907.5	3237
1007.090909	3238.636364
1193	3239.5
16	3240
199.2727273	3240.272727
347.2666667	3240.666667
679.25	3243.583333
897.9130435	3242.608696
12.5	3243.666667
16	3245.5
98.38461538	3247.615385
902.4230769	3247.192308
13.15789474	3249.263158
870.3846154	3249.384615
888.4	3248.6
877.5862069	3250.137931
910.8	3251.5
153.875	3251.875
852.8947368	3252.368421
13	3253.5
720.875	3252.875
1147.952381	3252.761905
40.83333333	3254.25
1066.875	3255.875
1063	3257.5
11.52	3258.16
11.29166667	3270.583333
426.55	3271.75
663	3274.833333
151.6842105	3276.368421
211.8333333	3278.083333
227.7857143	3278
676	3275.631579
672.53125	3281.59375
12.96153846	3281.076923
57.59259259	3281.444444
93.3	3282.25
795	3281.8
1062	3282.5
383.25	3285.166667
1062.125	3289.875
1052.433333	3293.8
300	3295
1047.1875	3298.1875
1181.730769	3300.846154
1107.294118	3305.294118
158.8	3308
202	3313.5
698.4553571	3319.125
418.952381	3318.190476
1030.2	3322.5
700.96	3325.82
88	3326.2
384.9	3326.633333
390.125	3327.875
694.3421053	3329.631579
39.5	3329.714286
700.5416667	3332.5
31.125	3331.125
385.6153846	3331.807692
199.6666667	3332.888889
148.9	3336.5
958.5	3337
894.7142857	3338.5
348.3636364	3341.545455
407.6363636	3342.090909
974.7	3351.1
1012.5	3352
66.45454545	3353.454545
408.6363636	3353.090909
823.5	3357.5
932.7692308	3358.153846
1032.333333	3358.444444
928.5	3359
828.5	3360
1007.265823	3358.924051
357.875	3360.875
1033.5	3362.5
987.1538462	3363.923077
1018.666667	3363.8
408.9310345	3364.241379
980.25	3365.333333
991.7142857	3366.5
986.125	3366.875
443.7	3368.5
556.4074074	3369.407407
1023.891304	3368.913043
1167.818182	3367.636364
407.8	3368.7
815.9166667	3369.333333
980.125	3369.75
407.9090909	3373.227273
989.2307692	3374.153846
1034.944444	3372.833333
1046.923077	3373.846154
147.7272727	3375.5
216.4166667	3376.25
230.3333333	3377.055556
1166	3377.5
407.9069767	3379.302326
1168.833333	3381.111111
408.8135593	3389.084746
996.5	3384.5
101.4090909	3384.909091
445	3385
1010.878049	3385.682927
1005.95122	3385.463415
907.7391304	3387.913043
1018.75	3388.25
1005.392857	3391.285714
1014.166667	3390.583333
749.8888889	3392.666667
996.2702703	3391.837838
981.5	3392.5
1011.411765	3392.529412
259.4166667	3393.75
578.5454545	3393.272727
942.5041322	3397.92562
976.2580645	3394.387097
890.6190476	3396.619048
992.2272727	3396
404.5909091	3399.181818
597.5555556	3398.333333
976.5681818	3399.318182
1013	3397.5
218.5555556	3398.666667
998.875	3400.660714
270.7741935	3401.580645
279	3402
256.0625	3403.3125
261.6111111	3403.888889
998.05	3405.3
1008.363636	3402.272727
1018.289855	3401.536232
130.9375	3405.3125
400.5294118	3407.117647
748.6363636	3404.909091
117.5294118	3406
949	3406
1011.5	3405.875
1016.75	3407.78125
512.125	3407.875
684.2857143	3407.642857
744.3333333	3407.916667
946.0666667	3408.266667
517.5	3409
588.8666667	3411.066667
1011	3410.272727
579.4	3410.8
753.25	3410.294118
1003.714286	3411.142857
684	3411.909091
744.0416667	3412.125
1063.347826	3411.608696
399.1851852	3412.851852
748.5806452	3412.709677
684.6923077	3415.615385
990.1111111	3414.222222
1002.5	3414.5
757.2608696	3416.26087
645.6842105	3416.578947
751.55	3418.15
109.6666667	3420.888889
737.3636364	3420.909091
756.5	3422.5
676.9090909	3424.636364
1004	3424.666667
229.9333333	3425.733333
1131.5	3426.166667
1044.2	3429.1
964.62	3431.44
958.8928571	3431.821429
973.3703704	3434.62963
715.2222222	3435.333333
970.2105263	3436.052632
559.3846154	3436.384615
1053.9	3438.2
712.48	3438.96
976.4166667	3439.277778
982.4857143	3440.485714
989.8387097	3441.354839
986.8823529	3443.411765
1036.125	3442.875
1044.933333	3442.466667
990.4615385	3445.846154
1003.166667	3446.111111
1011.358491	3445.943396
1082.466667	3445.866667
521.8333333	3447.583333
996.8333333	3446.238095
633.6153846	3449.615385
637.5	3450
557.5454545	3452.363636
1009.318182	3450.727273
1009.45	3455.75
588.5588235	3453.852941
238.6153846	3456.538462
241.7	3457.4
172.8	3458
350.76	3457.92
1047.5	3464
1021.861111	3464.666667
1042.846154	3465.153846
1035.088235	3465.882353
579	3469.238095
510.4615385	3471.153846
1069.875	3470.25
1064.075	3471.875
412.4375	3473.75
386.1111111	3474.666667
695.5	3476.863636
300.5	3486.5
719.6617647	3487.029412
224.9	3494.05
356.875	3495.125
679.5	3497.75
157.4444444	3500.333333
735.7058824	3503.411765
1178.15	3508.05
190.875	3520.125
1141.909091	3522.363636
991.4615385	3532.615385
987.3333333	3535.111111
1005.833333	3536.611111
1070	3536
711.2	3538.2
229.4210526	3539.789474
707.2272727	3540.409091
1023.217391	3540.043478
674	3546.628571
1020.703704	3546.740741
399.1666667	3549.916667
460.952381	3551.571429
1193.5	3550.5
513.08	3553.08
685	3553
1026.117647	3552.117647
1196.111111	3553.666667
266.4090909	3555.136364
517.0555556	3556.055556
513.6	3563.4
207.5	3563.5
533.12	3564.92
828.0588235	3563.764706
319.875	3566.875
1178.055556	3566.888889
699.3478261	3567.347826
146.2391304	3571.586957
536.2307692	3572.846154
294.7659574	3575.042553
795.4545455	3577.818182
1057.5	3578.5
152.125	3578.875
210.1818182	3579.227273
330.4117647	3580.058824
535.125	3583.125
804.7647059	3583
981.8648649	3582.648649
542.5172414	3585.241379
882.3846154	3585.615385
596.25	3587.4375
1014.869565	3587.26087
847.8181818	3587.454545
683.9259259	3590.592593
1010.769231	3591.230769
561.125	3591.875
565.9047619	3591.428571
271.7727273	3594.863636
276.8	3594.666667
284.15	3597.1
967.04	3597.6
718.35	3598.7
1087.26087	3601.347826
660.6666667	3602.888889
1105.8	3604
1012	3605
385	3605.666667
951.875	3606.125
995.4375	3607.625
1127.727273	3610.090909
295.375	3611.875
440.6153846	3611.615385
713.1111111	3612.666667
663.9166667	3614.666667
159.1153846	3616.538462
153.125	3617.125
225.9166667	3619.055556
984.375	3619.5625
671.5238095	3620.380952
671.3181818	3624.227273
415.3846154	3624.615385
1181.5	3625
661.375	3626.125
258.64	3632.68
664.3	3634.7
736.8125	3635.5
835.9	3637.05
360	3638
751.4117647	3649.882353
409.15	3657.95
539.2142857	3661.357143
495.125	3668.875
558.7368421	3670.157895
555.030303	3673.181818
1238.285714	3680.357143
453.125	3684.5
1242	3689.761905
1173.0625	3692.6875
667	3699.235294
1010.133333	3703.533333
432.2666667	3708.933333
425	3711
636.8888889	3717.111111
883.6	3720.866667
984.3333333	3722.888889
880.65	3724.8
557.3392857	3726.339286
862.875	3729.125
792.875	3734.125
1072.857143	3738.357143
991.2666667	3742.933333
1070.208333	3746.333333
908.5882353	3749.352941
1029.666667	3750.466667
1049.56	3751.8
903.0192308	3758.480769
172.5833333	3758.75
177	3760.346154
1207.111111	3761.333333
219.03125	3761.90625
174	3763
539.5	3765.5
903.7142857	3764.5
579.0681818	3766.954545
676.3636364	3767.090909
761.9448819	3769.858268
173.4736842	3767.368421
183.6153846	3768.846154
1220.384615	3768.461538
960.125	3770.875
1235.764706	3771.647059
1112.833333	3773.958333
1241	3773.578947
902.4666667	3777.433333
1129.875	3779.125
773.6666667	3781.888889
525.7142857	3784.428571
929.125	3785.125
433.6363636	3790.909091
566.6666667	3792.75
331.875	3794.125
567.2857143	3796.5
512.9166667	3799.833333
147.5833333	3801.25
196.5	3801
1175.266667	3800.933333
1211.125	3802.125
241.5333333	3804.333333
830	3805
198.2727273	3805.909091
182.5	3807.5
1011.357143	3812.285714
113.1111111	3812.666667
412.5263158	3818.157895
912.5	3823.714286
836.2	3826
561.875	3830.125
449.2	3844
516.9375	3847.75
1097.083333	3849.666667
1082.272727	3852.545455
202.6363636	3855.090909
300	3858
150	3863.5625
589.5	3864
204.875	3868.125
326.4074074	3872.925926
1135.285714	3881.928571
1128.347826	3884.956522
1078.238095	3886.52381
1121.307692	3885.846154
939.58	3889.22
1038.592593	3889.962963
319.6428571	3894.214286
524.3636364	3897.090909
1076.578947	3898.157895
923	3900
439.875	3900.875
1042.666667	3903.333333
1198	3906.5
987.0769231	3907.692308
1130.842105	3912.157895
1045.933333	3914.4
949.1612903	3914.741935
1041.615385	3914.384615
748.091954	3919.16092
948.2352941	3918.705882
741	3920
792.0666667	3920.266667
944.7272727	3920.590909
433.8	3921.333333
869.1333333	3922.466667
927.875	3923.875
944.3617021	3927.489362
995.4	3926.72
1070.5	3930.5
948.6285714	3930.114286
848.3900709	3937.574468
783.125	3935.875
565.5	3937
1089.382353	3938.882353
431	3939.2
615.125	3938.875
1082.888889	3936.444444
997.3243243	3940.135135
772.0833333	3941.75
987.8	3942.1
941.3333333	3944.066667
1000	3945.625
995.0204082	3945.306122
1121.166667	3945.916667
988.1891892	3947.162162
794.6666667	3949.111111
851.6666667	3949.083333
578.5	3950.6
804.4545455	3950.818182
1001.304348	3951.934783
1031.714286	3955.890756
968.6153846	3955.384615
383.3157895	3956.578947
1006.653846	3958.884615
548.3	3961.65
214.625	3963.625
1015.384615	3962.615385
584	3964.5
587.3888889	3963.555556
487.875	3964.6875
554.7142857	3964.5
238.9473684	3966.157895
579.0714286	3966.464286
1010.104167	3965.895833
592.1052632	3966.105263
945.90625	3966.96875
651.0909091	3970.636364
806.6956522	3970.130435
947.8181818	3970.818182
556.75	3974.375
800.9915966	3978.638655
807.6170213	3975.957447
285.2	3981
809.5227273	3982.931818
984.8387097	3983.580645
259.3636364	3982.909091
487.0833333	3982.666667
288.5	3984
592.7	3984.8
401.8823529	3985.470588
852.4117647	3984.882353
563.2105263	3986.157895
568.9069767	3988.767442
803.0714286	3988.321429
987.6470588	3989.411765
564.1818182	3990.181818
808.5945946	3990.594595
1022.666667	3990.25
426.8888889	3991.111111
392.25	3992.333333
431	3993
418.8888889	3995.611111
455.9130435	3996.608696
535.8674699	3996.73494
1030.466667	3997.333333
441.6666667	3998.111111
547.125	3999.875
857.7368421	4000.421053
415.875	4001.2
577.5	4000.714286
362.875	4001.875
988.25	4005.5625
993.75	4007.977273
373.8571429	4007.928571
406.685	4009.515
582.7692308	4008.230769
585.8888889	4008.333333
391.6818182	4009.454545
415.8823529	4009.411765
981.7272727	4009.909091
482	4011
536.6363636	4010.545455
441.5	4011.8
568.5	4012
395.1935484	4012.258065
399.3888889	4014.611111
992.75	4013.444444
230	4015.5
414.2	4021
610.4705882	4022.529412
390	4024.5
394.5	4024.636364
399.5384615	4024.384615
340.2580645	4029.483871
319.4666667	4030.666667
469.4705882	4042.352941
450.0714286	4043.285714
323.8695652	4043.73913
236.3636364	4045.454545
367.5	4045
460.6666667	4045.777778
468.1538462	4045.461538
475.2352941	4044.823529
239	4047.5
457.2105263	4048.5
241.6363636	4049.545455
256.5	4048.125
256.9090909	4051.363636
228.3	4052.3
286.2857143	4051.5
326.2352941	4053.058824
321.8	4054
330.1538462	4054
476.1176471	4058.588235
456.7419355	4058.548387
431.7692308	4061.076923
222.8666667	4062.133333
427.1428571	4061.928571
454.3	4063.3
660.875	4064.125
659	4067
662.9	4066.6
438.1428571	4069
409.9230769	4071.230769
259.5263158	4074.842105
448.7012987	4071.012987
266.3488372	4078.697674
448.7272727	4078.818182
253.9310345	4079.344828
443.5	4080
1222.818182	4089.454545
1191.125	4095.125
1002.555556	4097.777778
1000.6875	4101.75
621	4103.307692
1000.461538	4106.384615
1018.384615	4108.423077
454.25	4107.95
751.4782609	4107.869565
897.4117647	4109.294118
252	4113.631579
1016.411765	4112.588235
752.754386	4114.929825
323.5	4115.5
1014.71875	4118.5
248.3888889	4117.972222
544.1363636	4119.590909
1014.35	4124.75
246	4123
748.7272727	4124.727273
746	4126
926.8636364	4128.818182
997	4130
397.125	4131.125
931.8461538	4132.538462
994.5	4134
606.5	4136
937.3	4138.7
992.5	4142
701.125	4156.875
1024.733333	4157
947.0714286	4157.785714
512.4571429	4158.085714
698.6666667	4159.166667
915.375	4159.125
446.3636364	4163.181818
652.4571429	4163.542857
311.3076923	4164.307692
314.0666667	4165.2
575.1071429	4167.964286
916.8888889	4170.333333
1193.7	4171.7
637.9545455	4175.727273
996.5	4176.5
537.3333333	4178.888889
605	4179.5
323.1111111	4186.333333
319.1	4191.2
317.25	4195
313.4	4200.766667
377.25	4201.375
545.1904762	4202.571429
372.7	4204.05
480.2666667	4203.933333
233.1	4209
364.1470588	4209.617647
684.95	4211.25
355.875	4214.875
352.875	4216.875
337.3076923	4225
863.875	4235.125
869.5	4237
948.5	4238.285714
864.875	4241.875
1125.9	4245.8
780.1071429	4248.107143
613.15625	4250.375
839.125	4254.125
578.1363636	4263.727273
631.3846154	4273.384615
697.0833333	4273.333333
623.875	4277.875
511.875	4280.875
1100.157895	4284.684211
1114.5	4288
1054.941176	4290.764706
438.125	4296.125
503.8571429	4298.285714
529.7368421	4300.421053
894.1111111	4307.277778
582.9	4306.95
903.969697	4309.30303
579.9166667	4312.25
932.04	4318.24
856.3529412	4322
881.6153846	4321.615385
957.3	4322.7
943.7894737	4326.631579
1054.857143	4328.238095
1051.875	4330.875
1248.833333	4330.166667
1243	4334
843.8888889	4335.055556
1051.888889	4334.555556
908.5454545	4336.818182
997	4339
731.2727273	4339.090909
1036.181818	4339.818182
934.8	4340.95
922.15	4343.325
948.3809524	4342.619048
1038.875	4344.125
608.1428571	4345
621.6153846	4344.461538
729.1521739	4343.826087
730.4275862	4351.386207
930.2272727	4346.818182
441.875	4347.875
598	4348
624.7307692	4348.615385
918.1428571	4348.928571
928	4350.333333
1049.5	4351.681818
430.7222222	4355.111111
721	4359
341.6842105	4360.315789
426	4359.272727
336.7142857	4361.285714
1016	4364.259259
941.2093023	4364.139535
880.3846154	4366.538462
340	4367.363636
1010.764706	4368.176471
599.3095238	4370.619048
951.9090909	4370.636364
501.2777778	4372.388889
604.375	4371.75
931	4373
941	4373.5
481.6153846	4380.692308
599.3829787	4381.893617
978.9411765	4384.411765
466.4666667	4386.4
601.4615385	4387.615385
800.9285714	4386.214286
461.5882353	4388.588235
598	4388.5
457.1875	4390.375
403.6	4392.6
922.875	4392.125
448.5833333	4393.25
955.5	4393.5
576.4090909	4394.181818
920.2222222	4393.666667
444.1111111	4395.444444
898.9285714	4394.892857
657.125	4396.125
330.5	4397
438.6296296	4397.62963
603	4397
903.5588235	4398.411765
1023.7	4398.3
1075.066667	4399.4
324.6923077	4400
777.9370079	4402.787402
620.8181818	4400.545455
629.4065934	4401.461538
784.9047619	4406.166667
388.4545455	4410.181818
871.2142857	4409.571429
781.7741935	4411.225806
866.85	4412.3
776.8507463	4415.119403
1028.2	4412.6
1031.882353	4414.411765
787.3287671	4417.356164
1011.5	4415.2
774.5	4419.75
784.4830508	4430.661017
775.037037	4425.555556
644	4422.842105
770.8	4424.76
924.875	4426.875
1041.714286	4426.571429
646.3846154	4427.615385
710.875	4430.375
657.5	4436
784.2333333	4443.266667
284.875	4444.125
700.4761905	4452.380952
671.3636364	4457.909091
355.0625	4479.3125
351.625	4482.8125
1094.761905	4502.52381
1099.695652	4503.521739
1219.485714	4505.771429
292.3636364	4507.909091
669.4457831	4518.26506
1229.04	4510.72
676.1777778	4513.377778
1236.717391	4514.304348
295.6153846	4513.384615
1244.578947	4512.684211
1237.138889	4521.222222
885.1875	4520.15625
895.6363636	4522.909091
828.8181818	4525.454545
859.7575758	4525.787879
870.2857143	4526.190476
892.2727273	4528.090909
858.5454545	4530.363636
872.0666667	4529.733333
662.2380952	4533.095238
862.9583333	4535
872.15	4539.55
404.6666667	4540.5
401.3333333	4541.555556
411.5531915	4542.702128
634.5	4555.5
1104.125	4555.125
341.2272727	4561.545455
1211.931818	4561.318182
336.1333333	4563.533333
562.125	4564.125
1217.5	4566
468.1666667	4566.277778
958	4566.666667
627.8181818	4568.545455
811.4615385	4569.384615
467.8888889	4570.333333
833.1111111	4572.944444
892.28	4573.9
863.0526316	4574.631579
856.1076923	4577.430769
861.5588235	4579.088235
854.8222222	4583.933333
871.1842105	4580.815789
971.3	4579.7
345.875	4581.875
879.7954545	4583
885.1818182	4582.545455
892.8181818	4582.636364
990.3888889	4583.777778
340.7083333	4583.5
848.5238095	4585.047619
825.7954545	4583.090909
332.7222222	4586.055556
844.2692308	4585.923077
872.6097561	4586.146341
525.875	4586.5
1075	4587
326	4588.5
852.75	4588.166667
902.3181818	4588.681818
858.3913043	4589.26087
880.0576923	4590.711538
865.3548387	4589.419355
885.3548387	4590.612903
848.6315789	4591
329.1764706	4591.882353
703.3846154	4592
896	4593
865.75	4594.125
907.875	4594.875
622.5	4596.5
933.875	4595.875
407.7027027	4596.837838
1181.125	4598.625
379.1111111	4600.777778
857.8823529	4601.411765
870.875	4601
370.8	4603.266667
862.3333333	4602.888889
879.1111111	4603.666667
859.8	4605.65
857.8181818	4608.818182
871.6923077	4612
859.375	4612.95
863.962963	4617.555556
911.6153846	4617.230769
888.5	4619
319.8125	4620.375
907.6842105	4619.315789
920.2727273	4620.272727
314.2307692	4623.653846
603.9333333	4623.333333
866	4625.846154
528.2777778	4628.666667
855.5	4630
906.125	4630.125
384.5833333	4633.25
907.2	4633
644.24	4636.88
579.36	4637.68
881.4761905	4638.428571
905.7777778	4640.611111
646.0666667	4642.266667
903.6666667	4644.066667
687.25	4647.95
597.0909091	4650.363636
1229.5	4655.5
567.9333333	4657.6
581.2857143	4657.214286
949.2083333	4659.166667
645.8857143	4661.285714
943.3333333	4661.083333
1226	4660.5
953.6	4662.6
922.5769231	4671.653846
868.6363636	4673.545455
930.4347826	4675.826087
868.9230769	4677.692308
929.75	4681.125
1228.071429	4683.142857
929.6315789	4685.947368
928.96	4691.92
860.2957746	4696.366197
869.3846154	4696.615385
982.25	4696.416667
1074.785714	4698.357143
865.4583333	4698.791667
926.3703704	4698.407407
507.9	4702.8
641.3125	4703.0625
870.7297297	4705.081081
915.5	4705.333333
509.875	4706.125
925.1935484	4707.096774
641.9166667	4708.333333
759.8888889	4708.333333
819.4878049	4712.243902
821.9285714	4715.428571
822.9795918	4719.326531
822.0714286	4723.214286
892.0666667	4720.733333
654.5882353	4726.882353
918.4545455	4729.090909
922.8571429	4729.857143
652.875	4732.125
959.8571429	4732.642857
457.375	4734.25
634.4255319	4733.297872
454.8333333	4736.555556
621.1428571	4741.071429
653	4743.5
618.9	4743.8
432.15	4748.4
777.7	4753.7
459.4444444	4759.111111
462.75	4761.666667
978	4766
1059.090909	4766.363636
1062.2	4767
411	4767.5
1183.571429	4767.714286
1065.571429	4768.785714
671	4769.277778
1188.5	4771.5
340.6	4772.666667
402.8	4773.5
669.94	4774.12
993.5	4774.5
337.4545455	4775.181818
454.9032258	4778.451613
851.125	4779.125
900.6875	4780.3125
1212	4779.5
1211.769231	4783.230769
447.6346154	4784.346154
899.2666667	4783.666667
555.8823529	4787.411765
1212	4789.142857
599.2972973	4797.432432
560.3333333	4797.4
567.313253	4802.879518
888.3461538	4799.230769
1213.444444	4799.148148
595.0217391	4803.543478
360.1764706	4803.176471
916	4807.777778
495.75	4809.333333
492.6666667	4811.388889
328.8	4825
568.125	4824.5
648.3103448	4825.241379
572.8421053	4827.157895
320.0588235	4827.823529
316	4829
1076.888889	4829.333333
522.5	4830
569.71875	4830.78125
567.4666667	4834.866667
561.0909091	4836.363636
804.0769231	4843.615385
855.3	4853.9
860.9583333	4853.333333
859.7777778	4857.611111
319.1578947	4862.052632
326.3076923	4862.884615
317.6	4866.1
520.3684211	4878.473684
1131.5	4888.5
448.7142857	4890.5
326.2	4905.6
762.5454545	4911.818182
1136.5	4911.5
750.7142857	4912.5
759.125	4913.125
758.5806452	4918.258065
763.5	4917.8
353.375	4924.083333
347.3	4929.25
763	4933
1044.763158	4933.184211
1130.642857	4933.392857
764.4	4935.7
734	4941.5
749.1176471	4944.411765
907.7272727	4945.181818
1126	4946
904.4545455	4947.181818
582.7058824	4949.294118
588	4949
496.3090909	4953.381818
497	4957.444444
374.3	4963.75
825.2285714	4967.942857
823.4642857	4976.017857
607.1538462	4977.538462
819.4090909	4981.113636
824.4705882	4981.647059
540.875	4982.875
572.0588235	4991.235294
1013.636364	4993.909091
1127.125	5005.5
567.125	5004.75
833.1111111	5006.666667
1048.285714	5008.5
566.1764706	5010
610.5	5010
602.875	5012.875
375.125	5014.5
569.6666667	5015.111111
372.6153846	5017.846154
774.8888889	5018.666667
458.6875	5023.875
514.6153846	5033.384615
444.95	5034.9
538.6818182	5034.954545
460.3636364	5036.090909
363.45	5049.15
532.1875	5058.625
540.6071429	5060.392857
523	5064
597.3636364	5066.454545
439.5	5071.714286
711.2941176	5080.470588
712.4473684	5085.263158
526.4736842	5088.263158
943.125	5087.875
949.3636364	5089.545455
712.875	5089.875
507.5882353	5093.176471
528.875	5093.75
825.5	5096.125
786	5097
1053.692308	5099.384615
965.875	5104.125
1060.125	5105.125
468.5714286	5113.333333
723.6363636	5112.545455
787.3650794	5114.190476
1013.333333	5116.083333
344.3783784	5118.756757
1027.2	5119
671.5673077	5120.615385
789.5	5121
439.7058824	5122.294118
1023.105263	5121.842105
444.1923077	5126.346154
1035.6	5129.666667
490.8823529	5131.588235
344.6666667	5131.916667
429.875	5132.875
340.0526316	5137.368421
904	5138.138889
337.7	5141.2
599.9090909	5141.363636
941.8421053	5143.842105
336	5144.692308
777.25	5145.625
756.2	5147
586.7692308	5149.230769
567.5185185	5150.407407
785.2363636	5153.054545
1018.5	5153.5
747.3846154	5157.461538
363.4545455	5160.636364
556.3571429	5164.142857
719.6153846	5164.615385
783.3157895	5166.684211
787.3684211	5168.052632
791.75	5168.3
789.4375	5171.625
898.6086957	5170.913043
688	5172.2
750.0512821	5171.538462
773.9830508	5172.033898
745.1666667	5173.833333
685.3846154	5174.615385
858.2857143	5176.785714
901.125	5176.875
772.5636364	5177.454545
903.875	5178.125
780.9130435	5179.043478
778.25	5181.375
565.7	5183.7
744.625	5186.875
572.1	5187.65
668.6914894	5198.276596
747.6428571	5190.214286
780.2857143	5190.380952
935.125	5191.03125
645.16	5190.92
662.6461538	5197.169231
897.4117647	5191.117647
869	5191.5
677.4166667	5196.25
943	5197
495.5652174	5199.086957
669.3773585	5212.283019
557	5210
995.5	5211.5
667.2772277	5219.376238
752.3043478	5221.913043
728	5226.675
719.2666667	5230.933333
992.125	5237.125
1006.181818	5240.545455
1009.384615	5243.384615
696.125	5245.0625
435.1	5249.8
607.5	5250
463.8888889	5251.777778
469.08	5252.44
473.5	5256
479.1724138	5255.551724
445	5257
375.7272727	5258.863636
600.6363636	5260.090909
476.4545455	5261
577.5	5264
961	5283
1002.902439	5286.146341
1006.8	5290.8
1009.615385	5293.615385
835.9090909	5295.636364
1011.090909	5297.363636
838.4285714	5298.571429
1013.923077	5299.692308
840.7142857	5303.095238
828.5	5319
583.3125	5319.8125
652.312	5318.776
392	5325.125
484.8	5326.266667
653.9090909	5327.045455
649.4878049	5330.585366
655.6896552	5331.344828
713	5328.857143
655.1818182	5335.636364
649.6904762	5338.666667
654.125	5338.375
655.75	5342.15625
650.4666667	5344.833333
655.7222222	5350.148148
774.9090909	5345.363636
652.5	5348.5
700.0909091	5351.636364
655.3333333	5356.066667
693.3684211	5354.947368
657.7058824	5359.117647
592	5358.8
406.4615385	5360.846154
400.9583333	5362.375
395.8333333	5367.166667
645.5	5369.5
663.875	5371.125
986.5454545	5373.181818
617.0909091	5382.636364
403.75	5393.15
1045.333333	5392.4
646.2307692	5396.576923
760.125	5403.125
663.6458333	5428.708333
670.6153846	5431.384615
782.3333333	5459.666667
958.8	5461.866667
658.75	5515.25
856.875	5516.125
863.2962963	5521.518519
722.3541667	5523.666667
976.35	5526
1014.371429	5527
759.9166667	5529.833333
1011.765957	5531.404255
973.2083333	5529.916667
755.375	5535.1875
976.3809524	5535.095238
674.625	5538.708333
740.375	5539.1875
749.5	5538.5
550.1333333	5543.2
915.5789474	5543.526316
726.9090909	5542.727273
742.8571429	5544.071429
728.5	5546
1009.466667	5551.133333
923	5552
744.7777778	5553.888889
545.3571429	5555.642857
789.8837209	5556.255814
688	5557.730769
929	5557.421053
1009.222222	5560.555556
543.125	5562.75
1009.960784	5566.156863
486.5	5572.5
813	5571.5
1003.941176	5572.235294
498.2903226	5572.935484
691.7407407	5573.907407
863.8888889	5573.333333
597.4482759	5574.655172
645.1111111	5580.888889
862.5	5581.5
1001.384615	5582.615385
642	5585.117647
611.3846154	5588.384615
996.8	5590.5
638.375	5590.875
574.5	5596
835.0952381	5597
838.6363636	5598.545455
645.2142857	5600.5
664.4545455	5602.636364
994	5605
990	5609.5
615.828125	5612.84375
506.875	5612.875
603	5615.125
500.9230769	5615.192308
618	5616.565217
430.4117647	5616.647059
434.2307692	5616.846154
486.875	5616.875
666.5	5617.285714
688.4	5617.3
493.4705882	5617.411765
568.875	5618.875
721.875	5619.125
751.1666667	5620.291667
890	5620
894	5620.846154
622.5762712	5621.881356
693.3333333	5622.555556
673.8888889	5622.666667
981	5623.25
687.4705882	5624.352941
704.875	5624.125
745	5624
754	5624
774.4444444	5623.777778
650	5624.857143
656.2	5625.5
978.8181818	5626.181818
702.4	5626.6
586.3846154	5629.615385
582.9375	5631.4375
642.5	5631
682.5238095	5635.095238
643.375	5635.625
584.2444444	5636.955556
758.2941176	5636.823529
823.8333333	5638.583333
730.8461538	5640.615385
448.5	5647.5
611.5166667	5654.733333
613.2769231	5661.876923
609.8275862	5667.465517
594.2285714	5668.885714
616.2222222	5669.805556
611.2307692	5672.153846
607.9090909	5674.909091
611.4705882	5677.470588
533.75	5678.416667
604.3636364	5678.409091
665.3809524	5680.714286
697.0714286	5680.142857
692.6153846	5686.615385
699	5693
736.5	5694.5
613.875	5710.875
915.6296296	5728.296296
629.8421053	5732.842105
821.4545455	5739.363636
647	5740.5
468.5882353	5744.117647
552.5	5746
586.65	5745.95
592	5746
616	5748
598.2291667	5748.479167
584.125	5751.125
810.1111111	5752
858.9285714	5756.857143
591.3636364	5758.545455
812.9	5757.95
577.76	5764.36
582.4	5764.6
606.2	5767.5
817.9047619	5766.333333
573	5769.607143
606.3333333	5771.333333
571.2195122	5775.609756
573.515625	5782.359375
425.6666667	5782.888889
904.8	5785.5
543.3	5790.35
578.7692308	5790.884615
613.4375	5792.625
513.1052632	5793.421053
575.825	5800
614.8823529	5802.235294
545.8064516	5803.806452
575.1428571	5807.982143
579.1578947	5810.473684
555.8888889	5819.444444
482.0714286	5823.785714
552.875	5824.875
863.65	5827.75
561.1538462	5832.230769
866.9230769	5832.076923
553.875	5838.875
557.8378378	5842.594595
571.5	5848.5
536	5859.5625
540.1	5860.2
865.25	5861.333333
526.4333333	5862.166667
539.2	5863
519.5	5864.5
524	5867.416667
561.5	5867.714286
531.125	5868.833333
523.3333333	5870.888889
537.6714286	5873.257143
595.6428571	5881.785714
600.3529412	5882.529412
593.8	5885.333333
599.4545455	5886.318182
589.3636364	5888.909091
590	5899
432.1851852	5910.296296
521.8	5911
514.875	5916.25
467.8888889	5925.666667
537.3225806	5946.387097
483.8571429	5950.928571
550.3076923	5953
547.4117647	5955.647059
532.7619048	5955.714286
530.4615385	5958.846154
542.75	5958.958333
546.4210526	5960.736842
631.9285714	5964.428571
526.0769231	5964.307692
438.4	5994.3
684.5333333	6007.133333
743.5652174	6020.391304
717.125	6034.875
694	6072.5
661.9090909	6145.636364
663.3846154	6154.384615
583.2	6182.6
588.7727273	6183.590909
532.8571429	6202.357143
531.8461538	6206.076923
535.25	6218.625
463.5	6258.714286
534.5	6270.125
532.4	6273.866667
523	6296
505.8571429	6309.607143
419.4761905	6312
544.6666667	6324.75
548.1	6325.2
529.7222222	6332.777778
518.125	6344.125
520.8	6352.5
513.6086957	6362.73913
434	6403
448.3333333	6406.666667
452.5	6406.714286
434.5	6406.75
444.5769231	6407.461538
439.775	6409.425
435.4482759	6412.034483
