X	Y
0	0
0	6857
6857	0
6857	6857
757.4166667	141.5833333
727	165.8
755.3222222	202.0666667
676.8	205.7333333
756.9545455	210.7272727
824.8333333	221.6666667
821.1818182	223.8181818
685.53125	233.0625
688.125	240.5625
688.2058824	258.3529412
768.6111111	261.2777778
770.2121212	266.7878788
769.6363636	273.2727273
766.7857143	275.3571429
767.5	279.5
859.6774194	289.5806452
849.75	292.5
854.5714286	293.1428571
763.9268293	301.3414634
767.3913043	309.0434783
646.375	314.875
652.6666667	322
768.3913043	323.7391304
671.6666667	327.1111111
680	329.6428571
685.7	331.9
770.2586207	330.2413793
717.7272727	347.8181818
719	352
815.0588235	363.2352941
917.625	385.25
630	410.5
630.6666667	414.3333333
691.7115385	423.8653846
811.1418919	439.7364865
820.3095238	426.8571429
824.75	428.25
694.9333333	429.7
817.65625	432.5625
821.0903226	441.5096774
691.5	431.5
692.875	436.125
695.875	437.125
810.6041667	451.7708333
821.7692308	447.2307692
882	449.5
694.0384615	462.1923077
700.3	463.15
602.1428571	492.7857143
596	494.5
614.6	503.4333333
618.6538462	506.9615385
929.8888889	507.6666667
940.2	509
623.1967213	513.0327869
645.5	515
676.5	515.6666667
669.7368421	526.7894737
784.2666667	530.9333333
668.5263158	538.4473684
957.0263158	550.8157895
960.14	560.04
746.625	562.25
701.125	566.125
876.9642857	570.4017857
882.8	567.1
886.3389831	565.4576271
963.2073171	570.4756098
885.7619048	575.5714286
889.4137931	573.137931
882.5384615	578.5897436
869.2631579	578.4210526
877.1803279	580.1147541
647.7692308	592.7692308
746	594.5
657.5862069	594.9310345
652.6818182	599.3636364
657.7407407	600.7777778
880.9090909	601.0454545
811	603.5
578.9	604.3
806.125	605.875
795.2975207	615.0991736
802.2884615	614.7307692
597.5	613.3333333
587.5	613.8
606.8181818	614.25
692.4444444	614.7222222
838.480916	618.5725191
741.3076923	618.9230769
731.5416667	621.7916667
738	620.5625
747.25	620.6666667
741.4285714	622.4285714
639.2	624.5
744.5	624.2222222
827.0833333	624.4166667
683.7391304	626.4782609
722.875	627.125
796.7333333	627.3333333
842.5	626.8
833.8148148	626.6296296
797.875	630.875
826.84	630.76
788.1153846	634.6538462
829.0714286	637.8571429
696.483871	638.7580645
734.4210526	640.1578947
799.0833333	643.4166667
929.6666667	644.25
987.9090909	645.3636364
831.9166667	648.4166667
796.5	648.5
921.4375	651.25
829.9285714	654.2142857
617.1111111	652.8888889
832.2857143	656.2380952
662.0727273	658.1272727
835.2	657.7
1033.8125	659.1875
831.8421053	660.4210526
672.1923077	662.1153846
801.2	662
654	664.5
799.6363636	665.0909091
841.125	664.875
677.56	668.2
580.3076923	673.6538462
684.8181818	671.9090909
837.3333333	672.4666667
688.1111111	672.6666667
724.5625	678.6875
795.09375	679.90625
725.9166667	682.25
729.2777778	683.9444444
794.45	685
691	689.5
757.5	692.5
681.4	695.6666667
689.0833333	713
691	715.8823529
666.2857143	718.7857143
666.6666667	723.0952381
817.0416667	745.0416667
724.8888889	747.3333333
728.375	748.75
679.1111111	751.6666667
726.0333333	753.0333333
510.3225806	755.5483871
515.1142857	759.5428571
891	769
894.7368421	769.3684211
894.6	773.2
785.4545455	784.0606061
855.3703704	789.2592593
657.7777778	797.5
694	806.0384615
726.875	807.125
511.2727273	808.9090909
515.3333333	810.8666667
729.9333333	815.6
524.05	817.3
602.8666667	827.4
605.7586207	831.4137931
610.1	836.225
567.5	840.2
684.8684211	843.2631579
581.1489362	845.2765957
625.6567164	851.4328358
766.9090909	867.6363636
850.9090909	877.7878788
709.5384615	877.8846154
608.2	900.3666667
611	904
730.9583333	913.25
729.5384615	916.6153846
946.1111111	915.8888889
576	920.5
575.5	924
754	924
943.9019608	925.5686275
584	927
851.6666667	927.4666667
589.5789474	929.5789474
945.9090909	929.6363636
812	931
944.625	932.25
813.0909091	935.3636364
939.8411215	938.7009346
451.5	940.0666667
740.8	938
991.8358209	942.4402985
738.25	940.5833333
764.6888889	941.4444444
546.875	942.125
552.125	943.875
934.3	947.1833333
763.1875	948.8125
669.875	948.875
819.5454545	950.8181818
929.877193	953.4035088
672.2777778	956.1666667
694.5	957.5
787.4	957.8
927.8181818	961.1363636
922.2	965.5444444
694.7	961.5
694.1578947	966
923.25	972.1666667
694.3636364	970.8181818
719.4444444	970.6666667
722.8148148	969.1851852
696.2608696	980.6956522
854.8888889	983.2222222
663.5	992.9
853.65	994.1
820.6	996.0666667
570.7333333	999.0666667
663.0869565	998.5217391
752.5	1002.5
661.6885246	1009.647541
820.9411765	1012.588235
691.5454545	1014.636364
662.2153846	1019.523077
620	1019.5
661.3269231	1027.384615
782.3333333	1027
826.9285714	1026.857143
662.4166667	1033.291667
816.85	1032.4
660.4642857	1037.464286
463	1040.8
662.0909091	1047.454545
952.36	1057.56
657.6979167	1060.3125
1062.125	1063.875
1064.909091	1063.636364
955	1064.647059
957.8181818	1066.545455
658.8666667	1068.066667
807.9230769	1071.153846
438.4130435	1077.391304
513.2727273	1079.272727
897.1923077	1082.730769
901.1929825	1088.45614
512.8928571	1088.464286
656.2241379	1091.37931
789.3636364	1089.454545
510.75	1092.8
600.125	1092.125
787.5263158	1095
726.6666667	1102.895833
838.875	1115.125
834.5	1117
578	1122.5
1022.25	1122.25
1017.666667	1122.888889
848.8	1124
857.1333333	1126.711111
1005.111111	1126.888889
659.2222222	1128.822222
865.4767442	1130.860465
974.44	1129.92
859.3333333	1137.11828
981.7111111	1133.933333
867.44	1139.52
664.6	1137.933333
980.5	1140.25
397.0357143	1144.071429
402.1794872	1143.25641
408.5	1144.85
419.2962963	1149.296296
417.3076923	1152.076923
793.744186	1158.348837
988.2903226	1158.451613
564.7027027	1160.027027
1160.590909	1158.772727
792	1162.166667
515.6428571	1176.285714
559	1177.5
1093.217391	1179.434783
456.875	1180.125
459	1182.8
514.125	1182.125
1080.882353	1186.588235
459.9354839	1188.193548
1076.285714	1189.238095
1070.619048	1192
654.1538462	1193.538462
399.3636364	1201.818182
433.3225806	1201.096774
440.5294118	1202.235294
443.7	1204.7
768.125	1203.875
424.2777778	1203.833333
436.6363636	1205.545455
757.4	1205.55
755.2	1208.4
763.4	1208.4
759.6842105	1209.631579
753.0833333	1210.666667
1034	1213.391304
427.9454545	1211.945455
469.6470588	1220.441176
945.2	1222.84
592.5	1227.5
916.125	1231.875
878	1233.837209
594.5555556	1235.777778
649.1111111	1240.018519
911.875	1238.875
644.0886076	1248.227848
631.6666667	1246.888889
648.675	1248.85
622.2941176	1248.294118
554	1250.5
675.2352941	1250.294118
678.56	1253.08
673.1333333	1256.466667
678.5	1257.375
682.5833333	1258.75
641.8	1262.2
437.6153846	1269.923077
641	1268.75
684.35	1271.6
817.5172414	1271.103448
944.1034483	1280.758621
941.5454545	1285.227273
481.0344828	1287.741379
977.5531915	1287.085106
844.0909091	1289.636364
575.1428571	1290.685714
896.125	1289.875
891.3333333	1291.555556
937.2777778	1292.277778
846.0526316	1294.473684
625.1666667	1298.888889
638.1428571	1299.071429
795.2837838	1302.878378
788.3617021	1302.531915
1030.517241	1307.37931
746.6923077	1307.884615
856.8181818	1307.363636
899.375	1308.25
790.1578947	1308.947368
881.5	1309.5
1012.939394	1312.939394
610.6521739	1313.913043
974.25	1314.5625
902.6875	1321.625
913.9310345	1319.586207
917.4117647	1320.058824
604.6666667	1322
845.56	1323.08
973.9259259	1324.259259
576.8571429	1327.857143
683.6	1328.057143
725.5909091	1328.977273
605.7857143	1328.857143
576.5	1332
681	1332.5
420.2857143	1333.285714
603.5	1334
677.2758621	1333.862069
573.8095238	1336.619048
682.3571429	1336.071429
895.3846154	1337.615385
1079.941176	1342.852941
440.4166667	1345.708333
920.8181818	1346.181818
1158	1346.5
624.6666667	1347.666667
542.875	1349.875
440.4615385	1351.384615
1152.5	1350.5
541.4545455	1352.818182
918.975	1352.525
622.6470588	1354.352941
915.2857143	1355.571429
621.2857143	1358.928571
897.75	1357.4375
827.03125	1360.0625
898.0909091	1361.363636
886.5	1364
623	1365.846154
946.6	1367.1
878.1724138	1369.931034
879.6666667	1372.75
925.6296296	1370.777778
592.1111111	1388.277778
651.9	1389.9
925	1392
496.0384615	1396.269231
796.3333333	1397.25
510.3076923	1401
581.9310345	1400.103448
516.1	1401.8
870.7777778	1402.888889
896.7	1408.7
574.2380952	1411.571429
730.6666667	1417.111111
775.7708333	1421.1875
873.440678	1425.694915
472.6	1427.1
724.5	1428.5
1073.5	1428.722222
476.2727273	1429.909091
870.4	1445.1
512.6122449	1445.755102
407.8125	1455.1875
412.7142857	1455.357143
449.65	1456.3
395.5555556	1457.444444
402.6590909	1458.795455
1153.666667	1458.388889
423.3209877	1461.148148
497.3846154	1468.615385
433.8888889	1468.666667
449.6666667	1469.6
501.625	1468.5625
895.0555556	1471.833333
1045.454545	1470.636364
758.4666667	1477.933333
1050.625	1478.75
809.9361277	1498.371257
839.2857143	1483.5
619.1111111	1485.851852
641.8888889	1487.333333
865.2631579	1487.631579
758.125	1488.875
819.0454545	1493.659091
625	1491.5
803.64	1499.08
841.5	1495
350.1538462	1503.230769
641.8888889	1505.444444
865.8888889	1506.666667
1147.8	1514.9
1144.333333	1516.333333
929.5	1523.107143
932.8	1527
459.7142857	1533.785714
710.0909091	1535.363636
461.125	1536.875
512.7	1537.1
514.1578947	1544.368421
567.0909091	1544.204545
393	1545
600.75	1550.583333
572.875	1554.375
576.2894737	1552.473684
600.2857143	1554.642857
359.3333333	1556.466667
364.875	1556.375
354.9333333	1557.8
349.4545455	1559.977273
688.96	1560.24
601.375	1561.75
1114.636364	1563.090909
634.5882353	1565.647059
688.75	1566.125
689.6	1570.133333
610	1576.5
607.6666667	1579.266667
366.5	1599
325.8888889	1600.666667
629	1602
877.1818182	1605.818182
526.3684211	1608.596491
518.6944444	1608.5
520.1	1613.05
523.5	1614
925.1111111	1612.888889
437.8	1623.7
620.875	1626.125
923.25	1625.75
361.4347826	1626.826087
366.3636364	1626.545455
438.5	1627.2
1084.8	1629.9
438.8863636	1634.159091
441.3703704	1638.259259
444.9285714	1638.857143
1024	1646.2
433.0232558	1649.604651
441.1052632	1649.526316
520.125	1650.875
971.5	1655.5
569.4705882	1665.235294
843.6428571	1666.071429
1090.714286	1668.5
904.2	1670.9
536.8461538	1672.923077
1075.833333	1678.75
526.8	1693.766667
1036	1696
890.8	1697
578.5333333	1701.866667
583.2083333	1702.791667
760.3846154	1703.384615
687.6	1705.733333
583.1764706	1707.294118
579.8636364	1707.727273
689.625	1709.375
692.8333333	1711.833333
581.5952381	1713.52381
443	1716.96
844.25	1716.333333
495.125	1717.125
569.3125	1718.5
688.8181818	1718.181818
452.0909091	1719.363636
458.4615385	1719.384615
554.1818182	1719.181818
396.875	1719.875
492.9090909	1719.636364
982.0909091	1720.090909
334.9090909	1720.636364
387.2666667	1721.933333
578.1333333	1722
570.5	1723.5
489.5	1724
537.5294118	1724.588235
710.5384615	1724.307692
714	1725
485.48	1726.28
575.9047619	1725.619048
541.2727273	1727.227273
709.3461538	1728.5
713.6666667	1729.380952
510.6363636	1730.909091
562.875	1731.666667
685.8947368	1732
620.2222222	1735.666667
720.6875	1735.9375
377.1428571	1739.142857
374.3636364	1741.636364
869.880597	1741.179104
1061.066667	1741.2
873.620915	1751.235294
879	1745.2
1019.5	1746
666.6315789	1747.526316
1156.733333	1747.933333
788.3636364	1751.090909
655.5	1752.5
670.6862745	1751.176471
1155.5	1754.8
591.6990291	1759.349515
585.7096774	1755.645161
586	1759.666667
873.5833333	1760.5
325.5	1761.5
354.25	1769.25
1175.555556	1770.777778
1000.4	1776.266667
942.6190476	1779.571429
947.8	1780.266667
571.6829268	1786.682927
1038.416667	1786.416667
430.3157895	1788.263158
569.6666667	1790.388889
1010.636364	1796.363636
1102.666667	1798.333333
348.875	1800.125
351.4166667	1802.083333
550.1875	1804.8125
998.3636364	1803.909091
995	1805.583333
991.6666667	1808.666667
544.2083333	1812
404.09375	1825.375
927.875	1828.875
426.952381	1836.47619
1181.777778	1837.333333
805	1841.5
1143.241379	1843.793103
920.2	1846.5
1137.28125	1846.8125
416.3636364	1848.318182
1025.904762	1849.619048
1011.666667	1857.933333
350.0806452	1857.548387
877.5925926	1865.666667
940.016129	1866.258065
1003.736842	1867.842105
492.375	1869.75
1175.954545	1871.863636
955.875	1878.875
563.625	1882.5625
521.4594595	1883.216216
676.2702703	1883.459459
560.7857143	1885.428571
334	1888.157895
339	1889.5
562.1333333	1888.866667
872.8076923	1890.923077
998.15	1891.2
370.4615385	1895.384615
374.5	1896
730.6351351	1901.5
1153.875	1899.25
635.9583333	1898.875
639.0694444	1902.763889
1150.5	1901
735.3157895	1901.894737
737.7272727	1904.363636
577.1111111	1905.055556
1054.869565	1904.73913
632	1906
916.8974359	1907.410256
582.0666667	1908.266667
761.15	1910.7
787.6	1909.933333
581	1912.166667
1040.611111	1912.333333
584	1913.833333
418.4642857	1916.107143
582.875	1916.875
423.875	1918.958333
1104.705882	1918.529412
424	1921.5
585.8529412	1920.676471
883.8888889	1923.333333
423	1928.8
421.4	1931.5
915.125	1935.666667
623	1940.625
385.3846154	1943.384615
330.9310345	1946.37931
1136.885714	1946.4
340.625	1960.8125
803.8461538	1970.538462
956.0909091	1978.636364
470.7	1981.3
524.95	1983.1
393.9285714	1985.214286
618.35	1987.55
399.4210526	1989.421053
402.3888889	1993.722222
405.1764706	1997.235294
735.96	2009.170909
743.5985401	2004.89781
401.4	2001.4
889.875	2001.3125
397.2	2002.333333
1114.684211	2003.631579
1069	2003.5
1119.473684	2005.157895
516.4117647	2005.352941
1071.363636	2008.818182
1110	2010.111111
540.0294118	2011.205882
399.3636364	2013.545455
972.85	2013
404.1428571	2017.52381
310.25	2022.575
305.5384615	2025.153846
301.2083333	2027.583333
315.1818182	2026.272727
687.95	2028.75
1005.121951	2030.365854
818.3793103	2030.241379
525.25	2033.875
465	2038.5
661.0952381	2038.031746
353.9230769	2040.576923
659.3684211	2046.578947
606.76	2048.52
660.2285714	2051.714286
992.3846154	2052.384615
407.9512195	2053.804878
448.5	2055.5
315.875	2061
560.2142857	2060.714286
452.3333333	2065
1031.625	2072.84375
767.9230769	2075.615385
781.2	2076.5
280.6	2077.1
574.7	2079.3
1121.058824	2085.647059
1085.666667	2093.25
1095.153846	2096.384615
323.4	2096.8
395.1818182	2097.954545
387.8235294	2099.588235
628.5	2101.5
1012.666667	2101.333333
332.5833333	2104.666667
339	2106
548.2173913	2106.304348
768.7	2107.7
345.5294118	2107.882353
733.95	2108.15
1013.074074	2107.462963
628.1764706	2110.529412
1014.736842	2112.578947
929.5	2112.714286
839.0833333	2114.166667
630.6969697	2115.212121
625.6363636	2116.272727
928.5263158	2116.789474
552.1428571	2117.952381
557.9444444	2118.777778
623.9166667	2118.416667
751.9444444	2118.5
424.8888889	2119.666667
353.6511628	2120.674419
424.9090909	2123.636364
715.3636364	2125.545455
1013.125	2124.875
426.3846154	2127.384615
788	2126.818182
305.9166667	2130.083333
402.5789474	2132.315789
609.3636364	2132.454545
465.0769231	2135.153846
903.2580645	2135.903226
519.2857143	2137.428571
626.3142857	2137.685714
905.4444444	2138.444444
321.76	2139.52
977.0555556	2140.277778
1160.212766	2140.340426
725.3181818	2141.363636
419.125	2141.875
869.3333333	2146
640.175	2147.525
644.2631579	2149.789474
647.4090909	2153.318182
866.826087	2160
491.3333333	2161.833333
879.8148148	2161.074074
625.8888889	2162.666667
525.9666667	2166.6
1143.882353	2166.588235
378.1515152	2165.136364
488.5833333	2168
1130.875	2167.875
1140.166667	2168.5
308.6428571	2169.285714
622.0909091	2168.636364
1149.688889	2170.711111
610.5	2170.5
524.9333333	2171.866667
640.6666667	2173.888889
486.3529412	2174.882353
523.1176471	2175
1080.625	2175.875
1157	2174.521739
1161.65	2176.8
1164.555556	2176.666667
1168.25	2177.571429
1173.2	2178
488.8823529	2179.911765
521.1346154	2181.865385
489.6470588	2185.705882
606.3448276	2191.034483
489.6363636	2192.772727
521.175	2192.35
398.1111111	2196.666667
433.3333333	2197.266667
599.3809524	2203.52381
996.5	2207
376.875	2209.125
600.4583333	2208.416667
827.0909091	2209.636364
597.7	2212.25
362	2211.8
373.9166667	2212.333333
592.8113208	2214.415094
251.9333333	2219.6
259.2105263	2223.473684
312.25	2223.375
316.5	2223
592.45	2222.2
1188.428571	2224.190476
319.8461538	2224.846154
590.5454545	2226.636364
258.2666667	2228.533333
1165.9	2228.2
1161.666667	2229.296296
980.8571429	2232.071429
949.7333333	2232.8
270.7777778	2236.333333
272.4	2239.866667
356.7272727	2238.863636
649.7826087	2241.565217
361.88	2241.44
562.0638298	2241.340426
624.7142857	2241.5
367.9722222	2242.555556
624	2244.666667
623.0588235	2252.882353
723.5	2254.5
718.1538462	2257.538462
969.1111111	2262.333333
1097.136986	2264.90411
252.9285714	2268.857143
449.5	2269.5
916.125	2269.125
423.6363636	2270.090909
444.3333333	2271.111111
1055.5	2270.5
658.1363636	2273.545455
1169.086957	2274.434783
1157.130435	2275.304348
1103.8	2279.333333
661	2280
1109.545455	2280.363636
316.90625	2280.625
645.5	2284.2
642.3333333	2285.222222
513.5416667	2287.375
602.875	2287.125
743.25	2286.95
857.1111111	2289.666667
502.04	2289.92
604.8461538	2291
920.875	2292.125
277.7575758	2292.818182
498.5454545	2293.818182
618	2294.517241
854.6190476	2293.285714
858.7857143	2295.5
877.4651163	2295.697674
460.125	2296.125
463.5	2296
621.8	2296
494.1578947	2297.052632
279.875	2297.875
471.9393939	2297.439394
603.030303	2299.484848
873	2298
619.4285714	2299.333333
482.9411765	2299.764706
655.1111111	2299.888889
355.2702703	2302.945946
359.6	2303.75
575.9310345	2305
482.3181818	2306.454545
1054.068966	2308.241379
1106.125	2308.875
602.125	2309.75
577.9444444	2311.111111
1109.125	2311.1875
479.6875	2313.125
632.4	2315.495238
600.6923077	2315.692308
625.3846154	2317.192308
1048.944444	2317.722222
507.6363636	2318.363636
1051.0625	2321.8125
289.9655172	2322.931034
1051	2326
1230.8	2325.9
477.125	2326.75
1227.45	2328.15
618	2329.5
475.4545455	2330.181818
654.3017241	2331
745.9	2334.9
968.5223881	2333.925373
664.0833333	2341.083333
820.3333333	2342.888889
824.6153846	2343.692308
430.483871	2344.903226
438.0697674	2344.372093
667	2346.6
713.9411765	2344.588235
636.9230769	2347.153846
426.2352941	2348.588235
822.75	2348.125
668.5333333	2350.133333
589.875	2351
592.5384615	2352.461538
671.3636364	2354.818182
385.9230769	2354.461538
949.6428571	2355.785714
380.5	2356.8
390.9230769	2356.948718
417.875	2360.875
254.875	2363.125
518.8461538	2363.153846
1013	2367.5
522.7586207	2367.896552
843.0833333	2372.583333
1016.923077	2372.846154
758.2105263	2374
673.3076923	2375.589744
1013.833333	2378.166667
823.0909091	2380.363636
675.9268293	2383.54878
546	2386.5
341.862069	2386.586207
520.5	2387
346.8510638	2389.87234
858.25	2393.416667
351.1111111	2394.388889
682.739726	2398.712329
1169.411765	2405.117647
319.8518519	2407.407407
685.65	2410.71
627.6571429	2410.657143
1001.818182	2410.181818
325.4117647	2412.117647
459.6511628	2414.813953
1072.3	2415.5
684.625	2419
1062.808511	2417.93617
774.2857143	2419.928571
679.378882	2430.956522
627.5	2422.5
986.3829787	2423.702128
552.96	2423.64
622.2352941	2422.235294
677	2429.181818
466.5	2430.714286
389.125	2432.125
894.3846154	2432.615385
995.4680851	2432.787234
1003.084507	2434.239437
383.875	2433.5
468	2434
465	2434.5
294.55	2436.75
391.3	2436.5
464	2438.416667
678.4761905	2445.071429
634.25	2446.416667
759.4705882	2447.117647
929.2222222	2449.888889
926.5	2449.714286
323.3043478	2453.652174
583.6956522	2452.782609
326.8461538	2453.538462
1216.352941	2455.058824
657.9104478	2456.029851
388.9090909	2457.363636
396.7391304	2460.478261
658.2	2461.7
997.75	2461
423.4285714	2463.047619
959.1372549	2464.411765
565	2466.5
955.3333333	2470.090909
795.4	2469.8
418.1956522	2470.086957
490.7142857	2471.5
658.5454545	2470.636364
681	2472
551.483871	2471.806452
406.4615385	2475.846154
414	2474.909091
410.7647059	2477.941176
679.2083333	2477.666667
855.4444444	2483.222222
929.375	2491.875
509.7142857	2491.357143
981.9130435	2492.956522
530.3333333	2495.111111
574.6875	2496.0625
932.1111111	2495.666667
985.5384615	2501.153846
1050.647059	2501.411765
510.9	2499.46
1023.6875	2504.5
1135.939394	2505.606061
1049.1	2506.966667
260.56	2509.12
1031.571429	2509.571429
1133.347826	2510.086957
285.3157895	2512.157895
674.6785714	2515.821429
945.1578947	2516.947368
1200.728571	2517.414286
812.7368421	2518.368421
246.8421053	2519.789474
1190.722222	2520.944444
834.1	2526
1180.577778	2524.822222
606.7272727	2532.727273
1131.066667	2532.733333
533.9310345	2540.689655
854.0625	2542.3125
1146.538462	2541.615385
857.862069	2540.517241
1142.166667	2542.916667
311.0322581	2543.387097
537.16	2546.84
1136.956522	2548.608696
428.2702703	2545.756757
541.5	2548.75
539.3846154	2550.692308
957.875	2551.125
1129.142857	2551
844.5	2553.272727
1123.166667	2552.916667
800.5	2554
1119.888889	2554.666667
1097.5	2558
540.65	2560.95
540.4	2565.4
1075.666667	2566.888889
787.5769231	2568.153846
792.6956522	2568.782609
1145	2572.157895
790.4736842	2573.421053
370.4	2575.066667
783.425	2573.875
789.1346154	2578.384615
280.3529412	2579.823529
545.125	2580.125
252.5283019	2580.169811
284.3333333	2582.533333
574.1111111	2584.055556
256.08	2585.68
1085.111111	2586.333333
544.875	2586.875
857.125	2586.875
1028.538462	2588.384615
1091.875	2591
634.875	2602.125
962.125	2603.125
868.1666667	2606.444444
746.3333333	2611.6
609.8095238	2613.952381
744.5	2615.285714
768.5	2615
506.1111111	2615.666667
326.4137931	2618.344828
507.6470588	2620.058824
509.2727273	2623.818182
279.3571429	2625.571429
320.5	2625
285.875	2626.125
510.1666667	2627.166667
861	2627.5
868.7419355	2629.483871
555.125	2633.0625
777.90625	2632.875
787.8181818	2636.454545
941.8	2637.933333
1209.9	2638.2
272.5	2638.5
413	2640.5
509.9333333	2640.8
957.875	2641.125
846	2641.5
409.9090909	2643.181818
1215	2641.647059
958.625	2644.5625
962.925	2647.7
341	2654.619048
238.5	2655.5
700.5	2655.5
513.0869565	2658.652174
698.4705882	2667
625.3636364	2665.090909
1032.473684	2665.263158
1138.875	2665.875
1029.866667	2667.533333
1135.461538	2667.153846
493.875	2667.875
1129.75	2667.9375
1125.478261	2669.347826
1212.923077	2670.307692
946.9565217	2673.391304
699.5714286	2674.857143
1205.875	2674.875
317.8596491	2677.508772
816.6153846	2677.384615
699.2352941	2679.823529
821	2682.8
985.8	2683.5
698.2857143	2684.357143
265.1538462	2686.384615
1167.809524	2686.380952
696.5294118	2687.941176
1173.545455	2690.090909
696.8333333	2692.666667
213.2608696	2692.869565
269.875	2693.125
1177.677419	2693.483871
934.9259259	2696.907407
930.2352941	2698.588235
693.7272727	2699.606061
258.3636364	2700.363636
694.5	2706
966.0384615	2709.153846
474.1111111	2710.666667
669.75	2711.375
692.875	2710.875
667.2222222	2715.444444
554.3684211	2717
665.1875	2719.9375
695.5862069	2720.534483
587.9615385	2720.903846
362.3	2722.85
221.4444444	2724.277778
299.875	2724.875
991	2725.2
411.56	2729.2
705.2962963	2729.851852
708.7857143	2734.071429
1069.111111	2736.666667
745.6315789	2738.263158
576.8148148	2741.925926
741.6774194	2741.387097
712.75	2743.5
735	2743.6
739.5	2744.8
667.5	2746
715.8666667	2746.866667
944.5555556	2746.333333
951.8181818	2746.818182
728.9685039	2749.511811
625	2749.2
711	2748.5
720.2	2748.733333
1076.5	2750
730.8965517	2757.103448
1082.173333	2758.106667
660.25	2761.375
1248.5	2765.5
1252.8	2766
1256.363636	2766.090909
1249.294118	2768.705882
465.5517241	2770.62069
238.8125	2775.125
1002.653846	2775.269231
1007.375	2775.25
232.75	2780.5
835.75	2784.625
394.902439	2786.609756
398.5151515	2790.727273
411.9206349	2791.365079
405.5	2791.066667
416.7692308	2791.076923
636	2792.083333
421	2792.846154
638.4	2793.3
1048.166667	2796.366667
639.3	2797.3
187.3684211	2798
462.4545455	2798.181818
643.125	2797.875
559.7777778	2800.666667
1150.529412	2802
1133.73913	2801.956522
938.2380952	2803.52381
1152.814815	2805.851852
335.45	2806.1
940.2	2809.266667
1164	2811.153846
928.8333333	2812.541667
240.8	2816.4
753.125	2816.875
244	2817.8125
432.6	2820.6
753.875	2822.125
1228.111111	2821.740741
298	2822.692308
301.24	2823.52
348.6470588	2827.941176
604.4893617	2833.212766
1074.083333	2832.666667
234	2834
1148.954545	2834.772727
226.4915254	2835.186441
206.6944444	2835.75
218.5	2837
211.8235294	2837.735294
690.5384615	2836.846154
938.5	2837.5
514.3043478	2838.608696
501	2840
693.5555556	2839.666667
1018.5	2840
160	2842
215.9714286	2841.485714
469.0952381	2842.238095
916.2	2842.5
691.7058824	2844.058824
801.125	2844.875
545.6428571	2846.785714
558	2849
567.6666667	2848.388889
798.0833333	2849.916667
512.875	2852.125
1202.714286	2851.964286
1207.4	2854.466667
1214.380952	2855.47619
410.0588235	2857.176471
1122.583333	2857.25
1218.583333	2856.75
1226.444444	2859.888889
674	2864
682.173913	2863.521739
512.6521739	2867.652174
916.875	2869.125
196.5	2870
294.7619048	2870.047619
743.6842105	2871.605263
1055.666667	2879.111111
380	2885.090909
275.875	2894.125
665.875	2894.875
630	2896
1199.307692	2897
592.5	2898.769231
1211.277778	2898.666667
348.7692308	2899.846154
181.8666667	2902.533333
214.125	2904.875
597.1052632	2904.578947
323.6428571	2906.214286
597.6	2908.4
1126.6875	2909.0625
476.8181818	2912.818182
542.24	2913.16
1103.75	2916.416667
157.6666667	2923.111111
378.5	2926
430.7142857	2928.666667
425	2931.111111
223.5	2931.5
965.6	2934.933333
1010	2934.8
690.7777778	2938.944444
367.6428571	2945.785714
840.5675676	2946.054054
370.1111111	2949.444444
136	2951.636364
958.7272727	2952.727273
181.8928571	2954.392857
816.4117647	2955.882353
959.8	2960.7
236.5714286	2959.6
518.125	2962.875
571.6666667	2966.888889
648.1111111	2966.333333
181.8717949	2967.358974
567.25	2971.3
975	2972.15
514.2592593	2973.740741
1177.139535	2973.790698
1088.461538	2975.615385
1093.421053	2976.526316
1182.7	2976.4
989	2976.875
661.7777778	2981.388889
303.6666667	2981.888889
553.125	2985.125
121.40625	2984.65625
558.5	2988.2
1234.125	2987.875
1237.384615	2989.923077
1206.636364	2990.909091
1212.421053	2993.368421
459.0909091	2994.363636
556.3913043	2993.73913
1177.911765	2994.882353
560.6666667	2996.5
912.6470588	2997.882353
1169.857143	2998.071429
235.2	2999.4
555.9210526	2998.421053
953.2142857	2998.964286
554.6136364	3003.5
597.5	3003.333333
954.2439024	3003.219512
586.3636364	3003.545455
530.8333333	3008.777778
549.0454545	3007.727273
581.9545455	3008.863636
541.6176471	3011.235294
912.125	3011.875
487.8529412	3013.676471
535.8125	3014.5625
530.7	3016.15
578.1818182	3014.545455
489.2142857	3018.5
572.625	3016.28125
567.5882353	3017.882353
579.25	3018.25
448.5294118	3020.294118
528	3020
661.5	3020
520.1111111	3021.444444
1086.086957	3022.152174
560.3636364	3021.909091
664.2222222	3022
1079.727273	3021.848485
982.5714286	3024.071429
947.6428571	3022.628571
462.95	3025.75
657.6	3027.7
985	3026.8
516.6428571	3027.857143
557.09375	3027.21875
521.9	3028.975
960.7333333	3030.066667
552.4146341	3032.073171
497	3032.5
487.125	3035.125
933.2272727	3035.045455
939.4545455	3034.818182
1031.5	3034.5
546.92	3035.64
558.125	3035.875
229.1818182	3037.636364
519.1282051	3037.128205
1212.375	3037.425
197.4444444	3037.746032
480.8947368	3036.473684
511.7916667	3038
191.3333333	3040.444444
532	3039
544.2666667	3039.8
207	3040.208333
215.125	3040.125
525.44	3039.36
971.9047619	3040.095238
516.3	3042.6
784.0714286	3041.142857
1221.285714	3040.571429
223.7222222	3041.944444
476.8387097	3042.677419
231.6851852	3042.722222
816.3571429	3042.785714
243.8333333	3045.333333
325.2758621	3045.896552
530.8	3046.1
507.0806452	3046.83871
986.7272727	3047.090909
96.11111111	3049.622222
275	3048
320	3048.2
495.5862069	3048.068966
500	3047.5
982.6	3048.4
279.8461538	3049.769231
272.3043478	3049.869565
308.8095238	3051.238095
314.7333333	3050.233333
492.1428571	3051.357143
320.5	3052.2
209.5555556	3055.305556
305.6	3055.333333
668.4444444	3055.333333
95.23809524	3056.333333
292.55	3056.8
120.8636364	3058.363636
297.4411765	3057.352941
301.3095238	3060.166667
1097.272727	3061.151515
1106.24359	3063.166667
1211.684211	3063.052632
268.3636364	3064.090909
1094	3064
1112.545455	3062.545455
1115.608696	3063.782609
1123	3063.93617
277.2307692	3064.153846
978.1833333	3065.625
990.060241	3066.13253
1099.6	3064.733333
1213	3066.25
94.80952381	3066.380952
200.5	3066
212.6666667	3065.5
336.5	3066
340.0714286	3065.5
424.5	3066
289.25	3066.458333
997.8	3067.1
1215.857143	3067.761905
280.1666667	3068.366667
567.5686275	3069.137255
1054.909091	3067.636364
1109.125	3067.875
156.925	3068
270.1304348	3069.086957
284.8333333	3069.333333
153.0416667	3069.625
275.2857143	3072.75
375.1538462	3073.538462
379.7777778	3075.611111
123.7777778	3078.444444
992.125	3081.25
430.1071429	3082.75
378.28	3085.2
199.2413793	3086.448276
164.3	3086.575
346.125	3091.125
1122.2	3092
420	3097.157895
352.8666667	3100.4
356.3636364	3100.909091
534.8	3102.1
1262.478261	3102.347826
371.3888889	3102.666667
426	3104.888889
505.8	3111
169.0967742	3111.612903
438.6666667	3118.444444
444.1578947	3118.052632
255.5641026	3118.820513
458	3121.5
602.5666667	3121.033333
222.1428571	3121.928571
595.2142857	3123.642857
464.8	3129.5
1023.428571	3132.428571
936.5714286	3135.142857
261.125	3136.125
1020.285714	3136.238095
466	3138
467.2222222	3140.666667
1077.375	3150
586.1111111	3150.333333
951.8275862	3150.793103
466.25	3151.333333
1081.333333	3150.888889
198.8	3154
429.9375	3155
1214.22	3154.46
433.0909091	3156.363636
627.25	3156.666667
1135.625	3158.21875
1140.678571	3159.392857
1144.066667	3160.066667
126.3333333	3160.777778
1133.333333	3161.916667
1146.615385	3161.692308
129.6666667	3162.333333
225.8	3162.1
229	3162.5
328.9102564	3161.551282
1214.6	3164.2
1222.019231	3163.826923
1042.833333	3164.916667
1045.909091	3164.727273
225.6	3165.4
437.9090909	3168.636364
210.7741935	3175.258065
447.3466667	3174.92
498.5757576	3176.606061
598.5769231	3179.115385
615	3175.5
394.4666667	3179.333333
397.5	3179.3
457.7313433	3179.253731
491	3179.5
751.5238095	3178.238095
442.2713178	3181.426357
500.9090909	3179.363636
739.8	3182
743.5	3182
815.7692308	3181.769231
869.6825397	3182.31746
433.05	3183.05
279.1060606	3183.181818
959.7142857	3186.326531
965.3043478	3184.065217
444.125	3189.125
959.3636364	3191.090909
969.4	3189.333333
549.2307692	3191.153846
108.59375	3191.5625
955.7894737	3191.842105
971.2689076	3196.07563
760.5	3195.5
446.1176471	3197.411765
957.9090909	3196.636364
959.2	3200.2
976.7647059	3203.411765
131.7428571	3201.857143
818.125	3200.875
815.5333333	3203.333333
992.95	3202.9
984.2713178	3221.104651
647.4117647	3209.882353
984.5	3210
619.1111111	3211.333333
439.125	3214.125
989.5	3225.416667
180.2	3217
175	3219
919	3219.619048
464.0273973	3223.945205
114.1111111	3224.555556
921.2142857	3224.5
333.375	3226.916667
1205	3227.846154
638.25	3228.083333
241.125	3229.958333
841.4545455	3230.363636
245.875	3230.875
486.1351351	3230.554054
725.9	3232
968.1875	3231.625
835.1206897	3235.551724
602.8181818	3237.181818
480.6666667	3238.466667
484.8095238	3237.666667
674	3240
567.7333333	3241.066667
846	3240.966667
484.1785714	3247.761905
480.6333333	3244.833333
843.6666667	3244.888889
139.1111111	3246.333333
211.3333333	3244.833333
676.3333333	3246.111111
309.2777778	3249.722222
317.0625	3250.25
430.6666667	3252.066667
685	3251.22
377	3253
681.1578947	3253.368421
380.8571429	3254.071429
485.0408163	3257.020408
216.1395349	3254.674419
537.9090909	3255.909091
532	3257
592.8	3257.3
525.375	3258.59375
243.875	3263.125
338.6842105	3266.736842
216.5	3268
220.6363636	3268.909091
865.0909091	3270.636364
906.9166667	3270.166667
422	3271
526	3271.5
916.2857143	3270.952381
112.2608696	3272.173913
501.9375	3273.3125
1170.4	3275.866667
504.7	3275.7
1190.6	3275.2
626.2857143	3275.107143
437.25	3276.583333
436.9090909	3280.878788
655.1975309	3282.08642
121.2	3282
624.0909091	3283.090909
124.7647059	3285.941176
182.0487805	3286.658537
481.9574468	3286.914894
482.9090909	3294.060606
952.4772727	3290.363636
94.5	3292
90.83333333	3293.166667
1024	3294
684.9285714	3296.571429
1103.3	3303.1
484	3304
1017.722222	3303.166667
1054.875	3304.125
685.1153846	3304.384615
595.7391304	3307.521739
310.2954545	3308.5
591.4545455	3309.181818
588.5	3311.875
766.6422018	3316.614679
1062.565217	3314.347826
597.1111111	3319.666667
766	3322.421053
87.125	3320.875
201.516129	3321.612903
512.25	3320.9375
1147.1875	3323.1875
511.8571429	3324.428571
408	3326.257143
1152.947368	3328.157895
1163.5	3329.125
147.125	3330.875
153.1707317	3334.926829
778.9333333	3335.733333
101.7727273	3338.5
599.1111111	3337.444444
991.952381	3338.619048
468.125	3341.125
467.125	3343.875
599.5	3343.5
176.4444444	3344.888889
759.4444444	3346.777778
235.2222222	3348.622222
318.6333333	3353.966667
959.5789474	3354.105263
322.0714286	3356.714286
446.3125	3355.25
458.85	3356.4
110.4666667	3358.6
602.1875	3358.1875
122.7058824	3359.294118
711.71875	3359.90625
956.6	3360.25
1254.631579	3360.210526
484.5588235	3360.676471
1249.071429	3361.309524
1258.7	3361.3
959.7692308	3362.153846
1035.25	3361.8
373	3362.5
292.2692308	3365.192308
435.2307692	3364.692308
429.6428571	3367.214286
960.8888889	3367.666667
1122.142857	3371.785714
925.2608696	3372.73913
732.0909091	3373.636364
157.1111111	3374.666667
500.3846154	3374.615385
421.1666667	3374.916667
494.0422535	3376.802817
652.8	3376.24
497.6	3378.866667
192.7368421	3379.263158
265.85	3380.45
412.3529412	3380.470588
416.5333333	3379.533333
923.1346154	3380.615385
196.9047619	3381.666667
201.2142857	3380.571429
527.875	3381.125
598.7	3381.3
660.3606557	3381.95082
664.8125	3380.5
948.4166667	3381.291667
649.7804878	3382.341463
367.7142857	3383.964286
125.5384615	3384.153846
129.75	3383.9
927.3	3384.7
1028.814815	3386.037037
524.5833333	3388.166667
82	3390.5
926	3390.5
1256.842105	3390.315789
237.4782609	3391.347826
987.6956522	3393.434783
153.1111111	3396.111111
296.6734694	3395.857143
925.875	3396.125
312.1818182	3399.409091
928.7	3398.5
447.8115942	3400.463768
202.5625	3402.09375
113.4186047	3404.604651
217.7027027	3403.918919
255.1111111	3404.333333
314.5	3404
253.5882353	3408.882353
927	3409
1236.6875	3408.8125
514	3410
507.8085106	3410.787234
991.7333333	3410.933333
995.3636364	3412.909091
422.5	3416.5
971.8636364	3416.363636
965.875	3418.5
974.6	3423.1
928.8	3423.866667
932.9333333	3424.2
459.2031873	3438.581673
303.8947368	3430.052632
511	3429
455.0634921	3435.857143
537.3333333	3429.666667
142.7567568	3429.810811
217.1052632	3433.947368
218.0952381	3437.714286
713.4330709	3440.259843
1072.5	3438.5
79.82352941	3441.117647
83.91304348	3441.521739
454.0833333	3445.666667
962.1428571	3445.285714
883.8	3449
222.9375	3451.46875
228.0416667	3451.875
984.875	3454.875
983.8	3459
541.5	3460
75.8125	3461
80	3461
105.88	3463.92
110.8	3465.1
556.4117647	3465.882353
375.125	3467.875
832	3468
679.5	3469.714286
1195.384615	3477.384615
139.35	3479.5
586	3480
86.1	3481.2
728.7	3484.3
210.3333333	3486.777778
733.5720222	3506.232687
94.46153846	3493.153846
461.4705882	3492.823529
238.5833333	3493.791667
467.8076923	3496.923077
183.75	3496.9
824.75	3498.0625
908.2352941	3497.264706
716.5	3501.222222
423.0909091	3506.363636
915.125	3506.875
551	3514
467.8461538	3514.730769
499.9411765	3518.823529
458.5	3516.5
1012	3517.5
543.7916667	3520.333333
583.5862069	3520.448276
263.5	3521.2
630	3521.5
634.3888889	3521.444444
971.9090909	3521.363636
192.5	3521.5
276.7083333	3521.416667
495.4	3521
1196.9	3522.2
331.9230769	3523.384615
389.6538462	3523.846154
73.36363636	3524.909091
255.4761905	3525.190476
628.6538462	3526.461538
162.4324324	3526.756757
831.7142857	3527.095238
972.9130435	3526.73913
635.3636364	3528.090909
976.7692308	3528.153846
132.5	3532
466.962963	3534.962963
635.2105263	3534.894737
127.8	3535.9
627.25	3537.375
538.1538462	3540.461538
623.9411765	3540.882353
978.8441558	3547.935065
619.0789474	3546.210526
189.6666667	3546.111111
1022.083333	3546.583333
529.28	3548.88
467.8823529	3553.882353
560.6842105	3554.236842
614.8888889	3552.666667
1063.875	3552.875
1070.5	3554
461.5555556	3554.111111
534.4222222	3553.533333
1075.166667	3555.555556
753.5	3555.5
113.9047619	3557.571429
611.5882353	3558.235294
681.8888889	3556.555556
1029	3557
533.6470588	3559.970588
117.375	3559.75
871.6666667	3560.25
876.625	3560.25
1058.5	3559.5
1095.5	3562.5
335.8181818	3566.454545
511	3565.5
401	3569
689.2624113	3572.595745
915.3157895	3569.315789
393.125	3570.5
578.125	3570.875
263.6666667	3572.888889
611.1	3573.2
877.4705882	3573
260.6666667	3574.888889
1040.25	3575.875
160.8947368	3578.578947
1038	3579.5
438.5	3580.892857
129	3582.826087
188	3584.5
383.4285714	3583.809524
290.8461538	3584.461538
686.5925926	3586.925926
1058.357143	3587.214286
676.7333333	3588.066667
111.8214286	3590.607143
204.8666667	3590.466667
1016.666667	3592.619048
891.2765957	3591.404255
106.5833333	3594.25
500.15	3592.55
633.7931034	3592.793103
1060.064516	3593.645161
886.4	3595.4
502.4814815	3596.518519
896.7777778	3596.833333
1052.125	3598.125
890.0666667	3598.666667
92.43589744	3600.461538
886.2962963	3599.481481
594.244898	3601.836735
230.75	3602.416667
361.6111111	3604.277778
515.1470588	3606.264706
301.5769231	3605
313	3605
1155.827586	3604.62069
928.6666667	3606.111111
307.6190476	3606.428571
232.125	3607.875
1078.636364	3608.090909
447.5263158	3610.263158
200.5	3613
606.3666667	3613.366667
49.04444444	3613.733333
987.6470588	3614.882353
917.875	3614.875
689.0909091	3617.363636
1009.863636	3616.681818
202.8965517	3619.827586
1231.2	3627.8
198.2307692	3634.230769
129.9583333	3641.625
533.4347826	3640.608696
1138.5	3640.8
524	3645.5
584.4666667	3647.866667
1037	3647.5
74.33333333	3648.208333
69.26315789	3649.315789
341.9333333	3651.333333
217.3333333	3652.875
353.7142857	3653.642857
121.5714286	3653.857143
349.875	3656.875
344.125	3658.125
816.0769231	3657.615385
603.0909091	3660.121212
1037.086957	3660.043478
872.1860465	3659.534884
728.2794118	3666.75
1034.5	3664
1170.214286	3665
1176	3665.5
506.5263158	3666.684211
567.32	3667.32
419.9285714	3673.214286
627.6153846	3675.307692
1009.941176	3675.352941
277.3333333	3679.666667
316.25	3681.666667
278	3683
777.0769231	3685.923077
139.5294118	3691.941176
143.6842105	3694.210526
514.125	3694.125
543.7857143	3694.214286
511.3529412	3695.235294
750.0526316	3695.763158
225.1111111	3697.722222
373.6086957	3698.130435
378.3888889	3699.666667
333.125	3699.125
728.5	3699.333333
863.8666667	3703.533333
152.9166667	3703.875
405.3	3704.22
409.8461538	3702.769231
677.5	3705.272727
718.6153846	3704.615385
378.875	3705
577.3888889	3707.361111
1057	3707
203.8928571	3710.678571
525.5	3709.5
524.2222222	3712.555556
199.5	3713.8
675.125	3715
921.875	3715.125
526	3715.5
747.1034483	3716.758621
112	3718.2
190.9	3718.4
1215.614035	3717.052632
188.8636364	3722.272727
624.1578947	3721
456.3076923	3722.961538
466.5882353	3722.647059
842.2	3724.933333
921.16	3725.96
1136.083333	3724.666667
849	3724.846154
966.2432432	3726.324324
496.3913043	3727.565217
188.5	3728
925.4210526	3730.368421
366.1428571	3729.928571
578.7962963	3734.722222
1235	3732
361.7083333	3732.708333
369.5	3734.791667
1006.902439	3736.365854
60.55172414	3736.413793
366.0666667	3736.733333
927.78125	3737.90625
372.9333333	3738.733333
128.2083333	3740.125
367.9411765	3740.235294
188.6111111	3740.777778
359	3740.5
370.5	3743.285714
926.375	3744.75
890.6153846	3746.384615
930	3746.5
853	3749
994.1935484	3748.580645
427	3751.5
203.875	3751.875
493.8285714	3755.228571
870.9473684	3755.210526
228.9583333	3757.375
1199	3756.173913
1155.133333	3759.333333
265.2173913	3760.304348
1111.363636	3761.090909
1118.714286	3762.785714
1207.888889	3764.055556
919.0909091	3767.363636
718.3	3771.3
673	3773.5
1222.5	3775.5
1227.257143	3775.857143
1237.0625	3778.125
301.8666667	3788.4
106.5625	3788.5625
307.3076923	3789.192308
685.875	3791.125
919.0882353	3791.176471
919.6923077	3795.153846
106.125	3795.875
115	3796.05
1193.611111	3800.333333
808.25	3803.583333
201.95	3807.9
216.9615385	3810.596154
226.1343284	3811.119403
207.3666667	3812.566667
198.328125	3813.359375
381.5	3815.5
851	3815
213.1875	3817.125
228.7058824	3817.764706
831.8823529	3817.588235
758.2962963	3820.666667
994	3819.666667
752.5172414	3824.62069
738.5555556	3829.666667
732.6666667	3830.888889
997.1724138	3833.413793
146.6153846	3832.846154
1135.5	3833.125
1234.181818	3832.545455
208.6666667	3834.111111
1119.722222	3834.055556
1123.777778	3834
180.3846154	3838
176.375	3837.6875
434.5	3837.5
151	3838
1031.5	3839.142857
252.7727273	3840.727273
705.8695652	3840.782609
727.6764706	3839.5
101.9333333	3840.266667
710.5454545	3841.272727
236.2272727	3841.181818
1255.318182	3842.272727
152.125	3843.25
294.5555556	3843.333333
238.5454545	3844.636364
722.1136364	3842.340909
726.3846154	3844.230769
1078	3846.769231
1214.125	3847.875
153.8571429	3850.119048
953.56	3849.8
146.5	3851.25
469.6153846	3852.384615
916.8666667	3855.733333
197.3571429	3858.142857
157	3860
190.8888889	3860.111111
187.5	3862.5
184	3864.833333
787.6111111	3870.111111
1222.566667	3871.266667
678.2539683	3873.746032
556.6666667	3876.111111
1161.90625	3879.828125
324	3883.529412
1190.1	3884.7
1193.5	3884.2
317	3885.2
1199	3884
1202	3887.413043
229.4	3890.355556
751.8846154	3893.192308
187.9166667	3900.333333
571.4230769	3901.115385
730.5	3902.5
585.1	3905.32
889	3904.727273
730.5	3906.25
700.7692308	3908.769231
150.4166667	3911.75
784.875	3916.125
1059.3	3916.166667
1063.470588	3919
1074.25	3918.416667
1081.696429	3918.5
122	3918.821429
259.2	3918.7
723.1111111	3922.888889
997.9090909	3925.090909
1102.652174	3924.73913
1098.125	3925.875
593.779661	3930.542373
597.8214286	3929.071429
1103.818182	3928.181818
1107.5	3928
995.1219512	3930.292683
1111.636364	3928.909091
1185.136364	3930.363636
1170.25	3932.333333
1178.5	3934.5
1210.8	3935
604.0555556	3937.111111
526.0434783	3938.782609
598.3	3938.15
713.1111111	3938.333333
1001.615385	3937.615385
293.1818182	3940.818182
1060.461538	3940.615385
807.0666667	3942.4
1068.315789	3941.947368
231.875	3944.333333
298.8	3944
185.3636364	3952.909091
944.3103448	3953.482759
181.6923077	3955.230769
930.8125	3959.5
1024.125	3958.875
1154.602564	3961.564103
547.5757576	3962.484848
618.5	3961.5
971.6666667	3964.333333
1163.025	3964.275
543.6538462	3965.653846
778.2833333	3967.966667
519.9166667	3968.583333
773.6463415	3971.707317
1073.686275	3973.235294
520.5	3973.5
594.8461538	3973.384615
601.0555556	3974.111111
1080.818182	3974.272727
435	3975.5
1066.181818	3974.454545
522.1111111	3978.166667
1233.805556	3977.583333
503.9166667	3978.083333
658.6363636	3978.681818
1230	3980.6
247.0625	3983.3125
250.875	3982.875
1222.681818	3984.090909
1229.142857	3983.785714
400.9	3985.233333
242.4285714	3986.380952
396.92	3989.9
408.4285714	3991.214286
396.7272727	3996.636364
393.0217391	4003.076087
1193.25	3998.625
530.5555556	4000.825397
1191	4000
656.8857143	4002.485714
632.2692308	4003.115385
141.3	4004.25
189.7142857	4005.285714
736.5	4005.291667
1066.230769	4006.923077
1143.294118	4005.117647
1146.111111	4005.777778
1154.953846	4007.753846
419.40625	4006.4375
530.2083333	4009.416667
181.5	4010.785714
380.0226629	4025.280453
423.8333333	4010.277778
533.2222222	4009.944444
727.7391304	4011.043478
1166.105263	4010.105263
700.5	4011.714286
1163.111111	4011.666667
734.3709677	4013.33871
159.5	4014.676471
677.3636364	4014.818182
527.25	4016.333333
1179.642857	4016.857143
151.5490196	4017.431373
441.3888889	4016.972222
663.0833333	4017.333333
1211.603175	4019.714286
534.7333333	4018.933333
142.65625	4020.03125
1027.833333	4020.166667
156.8888889	4021.777778
1251.636364	4024.090909
433.8965517	4025.310345
251.875	4025.875
600	4026.375
436.7142857	4030.25
582.4545455	4030.454545
440.0625	4033.0625
443.125	4033.875
1130.142857	4035.942857
663.3636364	4037.090909
546.25	4039.416667
536	4039.5
532.75	4041.375
1016	4042
1030.666667	4041.888889
1021.357143	4043.535714
1037.090909	4042.636364
142.16	4044.04
521.5	4043.5
537.4358974	4046.923077
638.75	4049.5
155.0625	4050.1875
536.3043478	4051.478261
570.6153846	4050.615385
605.25	4051.375
950.6363636	4050.454545
954.3333333	4051.888889
1200.5	4052.714286
541.48	4054.36
572.1666667	4055.5
996.8947368	4053.342105
1195.21875	4054.40625
1189.142857	4056.285714
1154.892857	4058.321429
1158.727273	4062.090909
286.8	4061.733333
290.05	4064.95
1160.375	4064.75
678.4736842	4066.684211
685.2708333	4065.479167
685.2666667	4069.766667
591.2903226	4070.419355
470	4075
587.6904762	4075.547619
593.6	4075.44
905.2692308	4076.519231
899.7727273	4078.363636
524	4079
670.6216216	4079.243243
892	4081.142857
1023.153846	4082.769231
220	4086.157895
164.5555556	4089.111111
339.0416667	4089.1875
513.7692308	4088.769231
511.5142857	4090.742857
901.3684211	4091
330.4473684	4095.078947
503.75	4094.6875
507.2307692	4093.923077
410.9545455	4096.181818
325.125	4098.1875
496.2121212	4099.060606
1066.5	4101.176471
380.0833333	4103.833333
498.9166667	4103.083333
1246	4103
410.8888889	4104.666667
1070.642857	4104.964286
218.1818182	4105.5
1076.636364	4107.181818
1068.181818	4107.545455
1020.190476	4111.714286
344.8888889	4111.666667
235.3636364	4113.363636
242.3809524	4112.857143
866.3362069	4116.086207
238.5	4113.714286
1095.933333	4114.266667
340.7083333	4115.208333
912.9642857	4118.705357
1030.263158	4118.684211
1092.291667	4118.333333
622.8421053	4119.842105
908.6470588	4121.647059
580.1538462	4122.230769
963.1578947	4123.894737
647	4125.769231
746.875	4127.875
1189.52381	4127.619048
269.0833333	4129.333333
580.5294118	4129.235294
1045.12	4128.84
1157.46875	4127.90625
258	4130.5
763.5384615	4129.846154
1192.222222	4130.888889
659.3478261	4130.608696
1041	4130.5
1049	4131
1161.111111	4131.444444
654.8666667	4132.533333
588.3047619	4136.190476
667.72	4132.88
1044.882353	4133.411765
582.6666667	4134.025641
1049.666667	4134.333333
300.6666667	4136.111111
554.6666667	4136.2
673	4136
988.1666667	4134.888889
675.2857143	4139.642857
996.3333333	4139.888889
499.125	4140.5
632.5	4141
497.6666667	4143.466667
979.875	4143.875
1023.090909	4145.909091
544.7723577	4150.00813
991	4149.5
1019.75	4150.045455
536.66	4152.36
842.8421053	4151.157895
410.75	4152.166667
781	4152
151.6666667	4153.142857
933.875	4153.125
1023.066667	4153.866667
581.125	4154.875
583.8	4154.5
604.2	4156.5
202.4166667	4155.388889
198.8958333	4159.125
536	4158
1019.148148	4156.148148
1029.653846	4157.961538
1013.92	4159.64
355.375	4159.8125
1020.416667	4160.833333
585.76	4161.6
868.4705882	4162
657.0632911	4163.924051
352.2368421	4163.052632
626.5	4166
253.0909091	4170.363636
1029.307692	4169.807692
411	4171.882353
569.5	4173
408.1111111	4175.444444
1035.588608	4176.189873
1132	4174
240.4545455	4174.636364
244.8125	4175.5
557.5	4176.772727
1135.65	4175.95
1069.526316	4179.105263
824.6153846	4180.538462
403.3013699	4181.150685
465.2727273	4181
928.0909091	4182.363636
1037.357143	4183.285714
584.3636364	4183.772727
828.6666667	4183.777778
826.6153846	4186.384615
397.8888889	4189.388889
593.3846154	4189.384615
1029.263158	4188.578947
426.9571984	4198.11284
1180.25	4190.6875
633.4210526	4191.842105
1175	4191.62963
322.3157895	4192.684211
1168.965517	4194.206897
992.8888889	4196.666667
411.65	4196.866667
387.6428571	4197.928571
1063.090909	4198.363636
565	4199
402.7692308	4199.615385
406.1153846	4199.384615
435.71875	4200.90625
409.6363636	4202.090909
420.09375	4204.15625
987.5526316	4202.684211
729.8378378	4204.702703
408.3269231	4205.942308
416.16	4206.4
1199	4207
170.2857143	4209.5
355.5185185	4209.518519
464.0925926	4209.092593
237.969697	4211.090909
988.8348624	4211.587156
351.7916667	4212.291667
1019.588235	4211.941176
1023.388889	4211.555556
167.6153846	4214.615385
801.5833333	4216.166667
1021.384615	4215.923077
1204.428571	4215.714286
229	4217.5
232.8947368	4217.421053
174.5	4218
994	4218
1206.75	4219
801	4220
804.8888889	4220.444444
1025.178218	4220.465347
1153.608696	4220.391304
992.5	4222.75
1018.125	4221.875
415.5405405	4221.972973
449.7777778	4222.5
504.2307692	4222.615385
848.0909091	4223.363636
872.8514286	4233.442857
1046.666667	4223.666667
1208.409091	4222.818182
642.4545455	4225.181818
1212.125	4224.875
266.6666667	4227.277778
411.5	4227.5
480.2307692	4226.807692
189.1956522	4228.26087
591.2173913	4229.782609
689.875	4230.125
531.875	4232.125
184.2222222	4233.555556
741.7647059	4233.117647
693.5	4233.5
531.2	4234.9
522.6666667	4235.952381
708.1509434	4239.867925
531.875	4241.125
1020.531915	4242.510638
1121.5	4241.423077
514.125	4242.875
766.875	4243.125
1127.25	4243.875
708.5	4245
403.2105263	4245.105263
217.6666667	4247.666667
1131.823529	4246.294118
709.8888889	4247.777778
1137.807692	4250.153846
1034.567797	4251.686441
584.3636364	4250.272727
1040.870968	4251.483871
1209.69697	4252.090909
1046.829268	4254.95122
1060	4252.947368
257.9047619	4255.333333
1050.428571	4253.761905
1068.137255	4255.45098
1141.75	4254.583333
1220.055556	4255.305556
1077.181818	4257.5
206.5882353	4258.294118
250.7777778	4260.111111
448.4761905	4261.095238
1227.277778	4260.694444
304.7073171	4261.658537
989.6595745	4264.106383
299.7857143	4264.714286
670.9333333	4263.933333
417.8461538	4265.538462
991.875	4267.875
1075.47619	4271.285714
1080.272727	4272.5
931.0909091	4273.636364
490.8235294	4276.058824
504.6	4276.56
516	4278.2
1040.090909	4278.363636
1044.090909	4278.772727
1048.714286	4279.142857
507.8333333	4280
702.8888889	4281.333333
321.3703704	4283
420.1111111	4282.333333
503.1956522	4283.26087
1207.352941	4284.529412
1202.875	4284.875
481.4285714	4290
1219.375	4288.75
364.64	4289.72
462.8	4290
933.5333333	4289.666667
632.5357143	4290.428571
1203.458333	4291.833333
748.3571429	4294.047619
804.7692308	4294.307692
1233.930233	4295.813953
1205.733333	4296.8
451	4298.125
641.6086957	4299.521739
670.5714286	4301.714286
673.8	4302.5
274.5	4304
615.3333333	4304.733333
413.5263158	4306.368421
699.8378378	4308.756757
688.6	4314.4
451.125	4317.5625
595.4615385	4319.846154
600.2	4320.4
619.8	4319.7
429.8064516	4324.903226
620.8421053	4324
986.6923077	4325.307692
574	4328
985.5	4328
374.7692308	4330.346154
990.0909091	4332.363636
462.8	4332.9
523.3428571	4333.428571
431.7777778	4335.148148
459.3333333	4334.125
467.1111111	4333.611111
530.75	4334.5
852.0666667	4334.9
201.5714286	4336.857143
572.6956522	4336.913043
776.125	4337.125
493.0697674	4338.27907
199.625	4339.625
850.8709677	4340.806452
424.5833333	4341
311.0555556	4343.444444
585.1176471	4344
218.2857143	4347.357143
909.6666667	4347.111111
899	4349.5
280.8148148	4349.962963
905.6129032	4349.483871
266.6363636	4352.090909
696.1428571	4354
900.1794872	4353.564103
748.1315789	4355.078947
1095.177778	4356.866667
610.2325581	4356.27907
917.2105263	4361.631579
537.2727273	4363.090909
1099.25	4363.625
721	4369
1192.8125	4367.9375
644.7	4373.5
768.6666667	4377.833333
958.7	4379.95
772.125	4381.25
403.36	4383
962.5	4383
366.1304348	4385.782609
767.1020408	4384.714286
957	4387.5
1185.666667	4388.388889
769.0769231	4390.307692
689	4391.585366
765.3333333	4391
1181.636364	4391.454545
457.2857143	4394.5
962.5	4396.333333
966.125	4397.875
1030	4398.5
247.2	4400.266667
768.2717391	4399.130435
928.875	4400.875
497.0909091	4403.636364
765.3888889	4406.166667
656.6666667	4411
939.75	4411.05
944.125	4411.875
216.9	4412.8
260.1071429	4415
471.125	4414.875
573.5	4417.5
757.6122449	4417.897959
341.9375	4418.3125
529.2307692	4418.230769
255.1904762	4419.809524
765.9736842	4421.052632
251.3333333	4422.222222
248.2	4423.7
501.3333333	4425.333333
1058.235294	4425.470588
244.9230769	4427.846154
607.44	4429.64
1180.666667	4431
240.5	4433
277.4210526	4438.263158
636.6153846	4438.461538
550.0909091	4439.636364
271.1153846	4439.653846
768.2	4441.5
395	4443
550	4443.2
712.36	4443.28
398.8	4443.733333
843.0666667	4444.833333
585.5882353	4446.117647
1115.5	4446
715.125	4446.875
866.1566265	4449.951807
448.75	4451.4375
585.9565217	4451.304348
563.6470588	4457.588235
1133.5	4461.5
1138.421053	4464.052632
837.9	4469.2
655.1	4473.55
435.1	4479.05
877.5873016	4479.428571
1200.698113	4479.962264
1220.125	4481.875
432.1290323	4483.935484
616	4484
1101.888889	4484.611111
239.8181818	4485.181818
425.1333333	4485.4
643.2	4486.5
596.8076923	4487.230769
237.8	4488.333333
531.1020408	4488.673469
1200.625	4487.75
615.4871795	4489.102564
621.8888889	4490.111111
627.4482759	4490.310345
527.3636364	4492.545455
1208.041667	4493.291667
289.9090909	4494.136364
673.375	4495.333333
283.3	4496.1
627.625	4495.25
869.875	4497.875
928.8461538	4499.461538
1213.473684	4498.631579
332.3157895	4499.842105
626.1111111	4500.666667
1164.411765	4501.941176
288.875	4502.875
825.6666667	4505.888889
925.125	4506.125
501.5	4507.5
1231.125	4506.875
895.7142857	4507.5
1235.842105	4508.421053
404.8888889	4508.722222
501.2352941	4511.764706
538.85	4512.6
725.622449	4516.653061
720.9487179	4515.064103
234.5263158	4515.736842
695.875	4514.875
647.1666667	4516.583333
295.3111111	4518.177778
1109.681818	4519.090909
1118.055556	4518.888889
229.7692308	4519.461538
287.6666667	4520.75
627.0909091	4520.909091
1127.210526	4523.421053
562.4230769	4524.653846
875	4527.5
966.3809524	4528.571429
592.3333333	4530.555556
698.875	4531.125
371.7391304	4533
871.7254902	4529.294118
301.9428571	4534.285714
367.9	4534.1
376.3333333	4536.153846
380.76	4536.64
875.4	4535.05
586.7777778	4537.111111
458.9090909	4538.090909
464.3636364	4537.909091
454.047619	4539.095238
503.2	4539.5
587	4542.785714
1157.484848	4543.878788
998	4549.142857
765.4693878	4553.989796
214.4117647	4551.705882
428.375	4554.75
765.7414449	4567.977186
700.8181818	4558.545455
771.8	4561.72
584.46875	4561.21875
591.0625	4561.3125
596.4883721	4561.674419
586.7692308	4564.461538
590.9583333	4565.125
600.6216216	4565.72973
1000.5	4566
1029.086957	4565.73913
594.9	4567.2
243.6153846	4568.538462
596.7368421	4570.526316
1036.5	4570
938.8666667	4570.6
284.4	4572.7
950.1666667	4571.888889
1031.272727	4570.939394
733.6153846	4572.769231
945.7142857	4573.333333
599.5945946	4574.459459
602.5	4577
641.5	4576
806.9705882	4578.132353
1002.380952	4577.285714
949.7857143	4578.357143
1143.352941	4579.529412
281.5	4579
641.7142857	4579.642857
875.0833333	4580.166667
279.3333333	4582.111111
644.9459459	4582.459459
783.7916667	4583.875
879.5714286	4583.714286
779.875	4584.875
876.3333333	4585.083333
641.8571429	4586.095238
1107	4586.5
615.5434783	4587.673913
619.4782609	4587.73913
869.3846154	4587.384615
821.3793103	4589.172414
952.5	4587.5
957.1724138	4589.241379
637.5	4589.366667
781.5	4590.5
271.8947368	4592.421053
596.25	4591.95
637.8095238	4594.857143
334.7222222	4593.333333
962.0769231	4592.769231
340.5	4595
371.8	4595.05
1237	4596
363.15	4598.85
819.5	4598.9
355.71875	4602.84375
746.0526316	4600.631579
1084.833333	4601.166667
561.5454545	4601.636364
960.875	4602.5625
372.7058824	4604.176471
745.5	4604.8125
818.6470588	4603.411765
365.1666667	4606
817.5555556	4607.888889
576.6363636	4608
360.3333333	4608.333333
1223.137931	4610.827586
940.8888889	4614.111111
747.0555556	4615.555556
332.3333333	4616.333333
329.5	4618.625
646.5	4619.285714
936.5714286	4621.514286
326.2	4621.2
927.5833333	4622.333333
932.3636364	4622.090909
322.75	4622.625
267.0666667	4624.6
319.3333333	4624.6
313.3333333	4628.333333
855.1578947	4628.263158
381.5	4628.8125
453.5142857	4632.114286
702.4166667	4632.166667
877.6461538	4631.076923
307.6666667	4632.888889
413.1111111	4633.333333
595.3636364	4633.636364
872.375	4634.8125
304.8461538	4635.615385
435.6153846	4635.615385
442	4636
527.3333333	4636.625
1032.666667	4636.583333
1176.827586	4636.689655
401.7857143	4638
1181.5	4638.5
431.4722222	4639.472222
301.9583333	4639.916667
308.125	4640.125
391.2291667	4641.208333
708.56	4641.8
1189.12	4642.28
384.2	4649.066667
978.6153846	4649.615385
666.7169811	4650.169811
659.90625	4654.40625
969.5172414	4654
670.2181818	4654.327273
808.3125	4653.625
677.4285714	4655.642857
890.5	4659.833333
847	4663
508.5714286	4666.678571
400.8461538	4667.923077
501.875	4668.875
1103.0625	4668.6875
1108.5	4669.5
324.125	4671.125
608.1363636	4671.909091
683.4152542	4673.084746
496.1875	4672.625
491.1538462	4674.538462
572.3103448	4673.172414
708.2307692	4675.307692
711	4675
659.1818182	4677.409091
654.8823529	4677.529412
605.0408163	4679.285714
782.2352941	4681.980392
787.7619048	4686.65873
664	4682
222.7368421	4684.315789
303.7666667	4684.9
300.2888889	4691.333333
687.4117647	4690.470588
306	4694
686.7777778	4697.555556
1150.125	4698.541667
606.5	4699.2
652.1111111	4699.333333
658.3043478	4698.652174
610.1538462	4700
1155.125	4699.875
242.5833333	4701.166667
765.2333333	4701.2
885.3333333	4702.666667
605.04	4703.4
656.1304348	4704.043478
608.5	4706.5
655	4707.666667
795.6363636	4706.909091
521.1111111	4707.555556
652.7142857	4709.52381
1060.527027	4709.216216
256.7037037	4710.814815
603.372093	4711.325581
665.875	4710.875
1078	4713
250.9047619	4713.761905
442.0526316	4714.947368
1056.384615	4715.384615
385	4715.647059
436.5909091	4716.954545
387.4166667	4718.25
647.6363636	4717.909091
1081.418182	4718.745455
331.125	4718.875
380.4666667	4718.133333
663.25	4718.75
305.7906977	4720.860465
602.6428571	4721.714286
298.5357143	4723.392857
977.7333333	4722.266667
1127.5	4722.5
381.125	4723
983.75	4724.3125
291.4210526	4726.078947
543.9347826	4725
987.6666667	4725.111111
380.8	4727.266667
552.3636364	4726.909091
995.8333333	4728.25
228.125	4729.875
599.7714286	4729.771429
603.125	4730.75
1001.111111	4731.222222
537.7222222	4732.222222
321	4736.2
363.7727273	4736.886364
878.875	4735.875
595.2727273	4737.454545
1015.875	4738.125
358.4	4739.35
533.2666667	4736.2
757.5	4739.5
594.875	4742.5
633.8571429	4740.714286
1187.722222	4741.111111
530.5897436	4740.384615
1025	4741.647059
393.5	4743
639	4742.1875
322.7333333	4744.133333
798.7837838	4749.891892
524.3333333	4749.777778
864.6666667	4750.888889
519.7692308	4752.769231
297.4871795	4753.153846
559.9259259	4752.740741
509.6097561	4753.853659
515.4166667	4754.833333
798.4666667	4754.666667
443.6666667	4755.666667
802.5263158	4755.210526
845.5	4756.5
858.6153846	4757.384615
1085.5	4757
611.3333333	4756.944444
866	4758.166667
802.4482759	4759.172414
866	4762
593.3571429	4763.642857
597.8	4766.6
611.1818182	4767.590909
922.7	4768.3
492.952381	4772.333333
910.7586207	4778.310345
616	4778
649.6666667	4778.555556
360.2941176	4778.705882
354	4780.257143
1162	4780.5
527.0526316	4782.236842
1168.5	4786.5
564.48	4786.6
867.5789474	4787.842105
820	4790
635.5	4792
1120.333333	4790.888889
562.4444444	4794.666667
766.4	4794.1
894.826087	4793.130435
1124.409091	4794.590909
658.0705882	4794.447059
295.6363636	4801.090909
905.5384615	4803.846154
787.3	4810.2
855	4810
649	4811.285714
601.2222222	4816.888889
880.0833333	4819.333333
884.2727273	4819.727273
603.4285714	4819.571429
906.1111111	4819.666667
303	4820.2
344.25	4821.25
922.9130435	4822.304348
299.0909091	4822.909091
340.4705882	4823.411765
1064.545455	4824.424242
597.125	4826.125
880.625	4826.25
800.9333333	4827.333333
796.4705882	4828.823529
506.7222222	4830.833333
973.84	4835.24
879.7777778	4836.466667
1079.125	4837.875
981.8333333	4839.916667
1083.875	4842.875
679.6610169	4849.322034
540.4090909	4855.181818
564.125	4855.125
631.15	4855.875
629.4615385	4865.653846
287.6206897	4865.310345
590.5	4866
585.12	4868.16
681.9473684	4867.631579
867.2727273	4870.181818
1136.393939	4870.090909
337.8333333	4871.722222
356.7826087	4872.304348
869.9090909	4872.363636
405.8888889	4873.111111
552.9333333	4873.333333
784.6153846	4874.153846
1143.261905	4873.642857
333.7619048	4874.714286
625.6179775	4878.494382
400.7272727	4877.590909
550.2	4876.6
330.0555556	4878.111111
884.9583333	4878.5625
1195.588235	4878.117647
586.1764706	4878.088235
1145	4880
396.875	4881.875
469.2941176	4882.823529
576.8378378	4883.108108
547.7575758	4886.848485
563.0909091	4886.909091
957.3636364	4887.090909
601.1538462	4889.615385
1010.666667	4890.777778
1007.8	4892.1
532.3225806	4894.935484
845.0277778	4901.066667
955.4285714	4895.095238
1004.347826	4896.869565
863.875	4897.5
877.75	4898.416667
1055.92	4897.32
612	4899.5
1052.928571	4901.678571
1063.111111	4900.222222
1067.636364	4900.909091
793.7727273	4904.215909
1000.928571	4902.142857
1073.875	4902.125
882.8333333	4903.75
598.6153846	4903.923077
601.5	4906.214286
1003.8125	4907.375
1194.6	4908.622222
549	4909.5
1196.117647	4914.176471
1000.111111	4914.333333
744.5	4915.208333
1103.380952	4917.785714
472.0181818	4919.8
485	4919.333333
350.5833333	4919.75
463	4921
480.3529412	4921.647059
822.8709677	4920.709677
302.3333333	4925.555556
1159.947368	4923.473684
749.3703704	4926.407407
754.1428571	4925.52381
480.0909091	4927.363636
485.3076923	4926.769231
878.6153846	4926.615385
390.3043478	4927.782609
439.0357143	4927.5
296.5	4928.75
385.1	4928.666667
754.862069	4929.793103
262.3846154	4929.615385
433.4571429	4930.857143
816	4931.5
422.7222222	4932.111111
470	4932.5
259.7894737	4934.105263
1013.411765	4934.745098
548	4935.769231
599.2884615	4938.519231
1019.076923	4937.615385
604.3913043	4938.782609
862.1538462	4939
393	4941.333333
645.1333333	4941.533333
1026.816667	4941.133333
1060.459459	4942.027027
1035.764706	4944.470588
648	4943.909091
570.6296296	4942.802469
870	4944.333333
1057.592593	4945.925926
598.5	4946
604.1052632	4946.421053
895.5263158	4946.368421
1041.117647	4946
1069	4945.428571
323.1034483	4947.034483
1045	4947.714286
1049.933333	4950.133333
1059.37931	4951.448276
316.15625	4950.9375
639.6206897	4951.034483
1144.954545	4952.424242
310.2413793	4955.241379
849.2222222	4954.5
1055.5	4954.285714
1140.875	4954.5
482.2941176	4956.294118
929.5555556	4958.666667
1159.263158	4957.894737
1166.09375	4960.21875
581.75	4959.583333
945.3	4960.5
483.7142857	4960.357143
569.1111111	4961.333333
1171.125	4961.875
580.25	4962.625
302.6666667	4963.8
566.5454545	4963.636364
1027.909091	4964.636364
1123.684211	4965.921053
950.25	4966.708333
1175.125	4965.875
1185	4965.857143
760.7857143	4969.285714
1135.692308	4968.230769
411	4971
1139.666667	4971.242424
300.8	4972.5
909.3333333	4974.466667
300.5	4976.5
738.8	4981.5
1145.535714	4983.464286
777.875	4984.375
351.2307692	4986.307692
780.125	4986.875
346	4989.181818
345.5	4992.2
1151.944444	4992.722222
342.6111111	4996.5
378.3513514	4995.783784
336.2	4997.5
771.1509434	4999.358491
261.0454545	5001.409091
256.2857143	5003.071429
252	5005.047619
766.5	5003.75
771.3611111	5005.277778
248.625	5007.75
468.8333333	5007.916667
766.45	5008.8
868.2051282	5014.602564
1070.526316	5015.526316
860.0625	5016.3125
554.0465116	5018.790698
616.875	5021.125
1084.787879	5020.454545
608.7142857	5020
508.4705882	5023.470588
865.1641791	5023.074627
612.4615385	5023.871795
1088.4	5025.75
859.5238095	5026.666667
1094.136364	5026.363636
866.5416667	5027.833333
1084.058824	5027.176471
831	5029.2
905.2258065	5029.193548
480	5030.5
867.1454545	5031.345455
827.6875	5032.125
1089.5	5031.5
862.3846154	5033.384615
831.25	5034.05
267.46875	5034.90625
631.7272727	5036.272727
1180.05	5035.3
611.375	5037.4375
821.7	5040.266667
1181.9	5040.6
593.9230769	5040.307692
616.1730769	5041.346154
1092.73913	5040.478261
955.6521739	5041.913043
612.1	5044.3
816.5555556	5042.148148
607.4444444	5043.222222
1096.285714	5043.714286
306	5045.791667
249.125	5045.875
613.7179487	5047.794872
303.7777778	5049.666667
411.1666667	5054.416667
1140.4	5055.533333
1145.714286	5057.785714
323.25	5065.125
318.2	5069
517.5384615	5069.153846
580.2	5068.733333
320.2307692	5073.769231
735.5333333	5072.866667
1113.219178	5074.205479
1115.125	5078.375
933.9444444	5078.111111
564.9	5080.95
673.875	5081
935.75	5082.5
937.3333333	5085.333333
972.3333333	5085.111111
1013.583333	5087.833333
940.2	5088.7
286.2916667	5090.708333
589.0526316	5089.789474
431.35	5095.7
561.344086	5112.854839
1018.731707	5092.634146
1168.333333	5095.555556
779.4333333	5096
270	5098.588235
274.5	5098.5
278.125	5098.125
609.6666667	5098
767.6785714	5100.892857
903.5	5100
936.1052632	5099.526316
1094.614035	5104.508772
269.8823529	5104.764706
1168.125	5106.875
826.5454545	5108.636364
1022.5	5109
1097.666667	5109.238095
904	5110
706.75	5120.333333
1002.875	5120.125
1037	5120.8
780.5384615	5128.846154
796.2222222	5131.444444
960.6	5132.2
964.625	5134.125
552.5483871	5135.516129
775.7472527	5138.505495
780.8333333	5134.5
769.9090909	5135.454545
419.1269841	5141.849206
453.8636364	5139.136364
650.1458333	5138.229167
549	5142.5
646.875	5142.75
394	5143.5
772.4210526	5144.368421
367.8888889	5143.666667
535.2631579	5144.210526
983.6666667	5146
555.375	5147
784.5702479	5150.033058
776.7222222	5149.888889
888.5625	5150.5
286.1304348	5150.782609
410.2352941	5153.294118
542.3428571	5152.057143
993.5	5152
997.5	5153
792.7560976	5151.170732
452.0526316	5156.052632
787.625	5158
880.25	5158.333333
887	5158
303.6521739	5159.630435
502.5882353	5159.882353
538.875	5161.0625
888.125	5160.875
880.3333333	5162.277778
1009.764706	5161.470588
569.0714286	5162.785714
524	5164.454545
877.9333333	5165.6
782.78125	5163.8125
780.8148148	5168.666667
789.5454545	5167.636364
385.8235294	5168.705882
777.6666667	5171.066667
380.3684211	5171.157895
376.3076923	5173.538462
786.8333333	5173.366667
771.875	5175.125
370.7142857	5176.5
460.25	5176.4375
317.4285714	5177.285714
453.2222222	5177.944444
365.4666667	5179.666667
1112.897959	5181.020408
312.0625	5181.375
372.2	5181.5
879.3478261	5182.521739
1113.454545	5184.636364
373.2222222	5184.666667
304.8571429	5185.928571
299	5188.689655
1017.666667	5191.25
516.5789474	5191.578947
1071.76	5197.56
820.2045455	5201.295455
776.8454545	5209.204545
1076.114286	5202.542857
400.9090909	5204.363636
493.3076923	5205
978.2857143	5206.125
815.2608696	5204.695652
872	5206.2
1053.551724	5207.896552
762.3061224	5211.265306
984.2857143	5213.5
1086	5217.5
994.5909091	5218.272727
593	5221.2
1087.466667	5222.133333
1044	5229.642857
1052.47619	5230.571429
1036.789474	5231.473684
359.8636364	5231.772727
1032.333333	5234.148148
1058.258065	5233.387097
1063.789474	5234.947368
837.625	5236.75
536.2205882	5239.691176
458	5239.852941
462.3809524	5238.47619
1029	5240
463.9090909	5242.363636
532.8636364	5243.772727
690.1111111	5245.333333
675.2777778	5246.166667
448.25	5247.375
504.8421053	5247
792.3	5247.4
478.234375	5248.265625
486.5405405	5249.864865
523.6315789	5248.947368
1025.571429	5249.238095
375.7777778	5252.055556
476.3333333	5252.166667
425.5	5253
513.925	5252.65
437.3076923	5253.769231
494.34375	5254.71875
540.075	5253.325
670.25	5254.125
371.09375	5254.8125
770.9166667	5256.333333
488.8	5258
457.3	5260.3
520.125	5259.875
503.5625	5260.75
442.975	5262.575
495.2857143	5263.791209
773	5262
902.7096774	5263.064516
910.2307692	5264.230769
1022.666667	5263.888889
472.3888889	5265.555556
389.8	5267.5
425.6	5266.8
481.76	5267.4
403.7368421	5269.842105
498.0833333	5269.166667
1111.5	5268.666667
601.3333333	5271.333333
1120.5	5274
507.65625	5275.265625
668.5555556	5274.111111
488.971831	5277.366197
597.7391304	5275.565217
601.25	5275.416667
646.6666667	5275.333333
740.4782609	5275.347826
777.7142857	5276.428571
494.5652174	5278.695652
402.8571429	5278.928571
462.1111111	5280.333333
667.8064516	5281.629032
561.1111111	5282.666667
423.9473684	5284.210526
889.9090909	5283.636364
486.05	5285.65
500.875	5284.875
778.5	5284.8
559.0322581	5285.83871
564.8823529	5287.588235
783.6666667	5286.083333
780.5263158	5287.947368
668	5288.5
493.5395683	5293.661871
792.1875	5290.8125
992.5789474	5292.315789
486.4722222	5293.638889
750.8518519	5292.666667
601.875	5294.875
640.6785714	5298.303571
747.4545455	5296.818182
486.9090909	5298.363636
1049.615385	5300
499.0909091	5299.363636
636.75	5300.333333
428.952381	5298.190476
454.7333333	5299.933333
482.5641026	5298.871795
737.75	5300.083333
418.9090909	5300.636364
472.3846154	5300.615385
635.6666667	5303.777778
762.125	5302.5
354.125	5303.125
494.8571429	5303.057143
502.6666667	5304.7
641.625	5305.5625
416.3333333	5308.384615
550.3333333	5308.424242
743.1111111	5308.333333
830.475	5308.525
1056.73913	5307.304348
1067.5	5309.5
484.1	5310.733333
740.5384615	5310.384615
348.875	5312.125
424.4736842	5312
338.4848485	5318.969697
415.1111111	5314.666667
500.125	5317.208333
575.3	5318
835.0740741	5317.037037
335.1	5319.1
738.8157895	5319.868421
841	5319.5
475.75	5322.95
329	5324.454545
414.4444444	5323.888889
847.8181818	5324.454545
327.2307692	5329.269231
399.1525424	5327.457627
393.9333333	5331.733333
322.0606061	5334.636364
460	5337.842105
561.8	5339
565.4782609	5340.565217
428.08	5340.44
319.7857143	5342.928571
562	5343.5
1082.166667	5346.083333
840.5	5349.857143
1084.705882	5349.705882
603.6363636	5351.181818
413.3913043	5353.304348
605.75	5355.5
843	5356
406.6666667	5356.25
961	5356.5
399.875	5357.875
451.5263158	5359.052632
606.2	5358.8
604.7333333	5363.066667
513.6153846	5370
356.9565217	5373.913043
1023.666667	5374.733333
588.2666667	5378.666667
747.9444444	5378.611111
480.1111111	5379.666667
773.2352941	5388.117647
902.125	5388.875
555.875	5389.875
908.5	5390.666667
859.5714286	5393.380952
772.7804878	5394.536585
386.1111111	5396.166667
509.1111111	5395.888889
603.2340426	5397.617021
746	5397.5
772.75	5400.25
532.6451613	5401.483871
758.5957447	5403.255319
746	5404.2
634.4857143	5406.228571
616.5555556	5408.777778
735.5	5407.933333
578.6296296	5411
749.4666667	5412.066667
522.1111111	5411.666667
613.7666667	5413.133333
407.72	5413.32
465.2777778	5415.222222
645.3684211	5414.289474
658.3846154	5414
583.125	5415.125
458.5	5417.884615
495.5238095	5417.904762
454.1875	5419.75
704.8666667	5419.1
709.875	5418.708333
503.5333333	5419.533333
730.85	5420.525
709.5454545	5423.363636
741.7342657	5428.388112
946.2	5422.9
1030.054054	5423.162162
450.6666667	5423.410256
714	5424.26087
756.1875	5424
504.2380952	5425.428571
729.6153846	5426.615385
346.875	5427.53125
755.5	5427
443.52	5428.18
427.1111111	5429.111111
512.5666667	5429.2
642.3448276	5429.206897
696.55	5430.983333
713.4	5429.2
438.5333333	5430.333333
702	5430.5
770.6956522	5433.246377
921.5172414	5434.310345
551.7222222	5434.388889
633.9705882	5433.735294
700.5396825	5436.571429
566.2666667	5437.666667
1014.5	5435.9
330.875	5437.875
337.1111111	5438.333333
425.15	5438.25
546.5185185	5438.481481
856.5	5440
328	5441.666667
672.875	5442.125
730.969697	5440.878788
333.0645161	5442.387097
726.1333333	5443.333333
327.5789474	5445.894737
325.6	5449.2
729.2380952	5447.571429
770.7272727	5448.727273
724.7115385	5450.25
768.1111111	5449.888889
399.0714286	5452.285714
718.2380952	5452.238095
766.9473684	5453.368421
761.125	5454.125
397.9230769	5455.230769
763.6363636	5456.272727
729.8666667	5456.8
713.1090909	5455.981818
760.875	5457.125
718.76	5458.24
715.3684211	5461.947368
883.16	5461.48
738.4285714	5463.380952
888.875	5463.0625
759.84	5464.08
521.8	5464.9
524.875	5465.125
762.8	5468.28
538.1034483	5469.137931
1050	5470
668.5	5473.5
754.1666667	5474.833333
408.75	5475.75
761.5	5476.382353
402.9090909	5477.545455
647.8860104	5483.165803
602.5595238	5480.190476
638.9411765	5481.098039
699.3888889	5479.222222
753.2222222	5479.222222
980.8888889	5479.777778
703.9565217	5480.391304
593.875	5481.125
756.4772727	5484.363636
684.0714286	5486.857143
1035.72	5487.08
411.6176471	5486.5
406	5487.375
615.2	5488.5
757.3333333	5488.777778
607.4210526	5490.421053
629.9583333	5490.875
763.125	5489.875
928.125	5489.75
382.1212121	5489.424242
641.8913043	5492.369565
599.1176471	5492.176471
381.5625	5494.4375
333	5495
621.6947368	5498.668421
705.1818182	5496.727273
681.125	5497.125
611.2142857	5497.357143
638.0909091	5498.363636
383.125	5498.125
592.3636364	5498.909091
376.2643678	5502.367816
657.0344828	5500.896552
978.9047619	5501.785714
601.4117647	5501.529412
398.0909091	5503.272727
706.9375	5504.875
590.1538462	5506.538462
609.2222222	5507.333333
662.2	5506.7
708.826087	5508.956522
367.9411765	5509.852941
606.1677419	5513.883871
361.3333333	5511.8
551.3333333	5510.611111
722.9	5511.4
619.8666667	5512.466667
659.56	5511.36
600.125	5514.333333
705.7058824	5513.117647
349.7878788	5514.939394
356.6410256	5515.333333
363.9333333	5514.8
720.375	5514.958333
340.6382979	5515.808511
346	5517.1875
590.75	5517.875
602.3076923	5518.230769
614.8	5519.95
659.2307692	5516.846154
352.8571429	5519.071429
360.9047619	5518.047619
429.6	5518.8
424.6034483	5521.706897
614.2857143	5524.071429
785.5	5522.5
709.4705882	5526.235294
510.3571429	5528.785714
601	5527.5
813.5	5528.5
1017.538462	5528.384615
631.8888889	5529.111111
713.5	5529.166667
680.9615385	5531.846154
691.7868852	5535.52459
670.5384615	5534.384615
565.8	5535.866667
627.4482759	5535.413793
679.6666667	5535.888889
625.4666667	5539.333333
494.0909091	5541.636364
496.1346154	5548.442308
503.3	5550.2
606.125	5552.125
959	5551.615385
863.8	5555.866667
676.6578947	5557.868421
680.6571429	5562.457143
435.6428571	5563.142857
440.5555556	5562.555556
969.125	5563.875
429.075	5565.85
677.2727273	5567.363636
718.1333333	5574.133333
465.16	5583.8
464.375	5589.8125
502.6875	5599.0625
668.25	5599.25
442.9090909	5607.636364
487.5	5613
558.7894737	5614.947368
902.9375	5616.6875
639.6969697	5620.272727
951.64	5621.08
903.5	5622.5
676.1216216	5623.878378
709.8125	5623.1875
531.1923077	5626.384615
454.6	5626.7
527.6666667	5628.25
736.8947368	5626.263158
691.1875	5628.375
947.0833333	5628.833333
981.3243243	5630.081081
688.9444444	5630.833333
694.9090909	5630.272727
698.5833333	5633.583333
983.5238095	5635.52381
682.2222222	5640.222222
933.2916667	5642.333333
680.4666667	5643.733333
475.5625	5645.625
390.8333333	5645.916667
636.8	5646.133333
700.3258427	5646.898876
706.5479452	5650.835616
384.9615385	5650.346154
620.8714286	5654.678571
380.4285714	5651
391.8611111	5653.416667
709.84375	5655.625
453.8	5656.5
702.25	5657.166667
697.5882353	5657.117647
955.1111111	5656.666667
705.125	5659.5
399.5106383	5660.319149
425.5	5659.5
670.1923077	5659.653846
707.4545455	5661.818182
697.6666667	5662.111111
397.3333333	5665.5
715.4468085	5664.212766
868.6	5664.3
869.8	5667
620.72	5669.36
696.0909091	5669.295455
725.75	5669
561.6666667	5670.111111
870.8	5669.9
873.5909091	5673.818182
638.3125	5675.0625
876.1785714	5680.107143
385.7857143	5677.642857
636.5	5679.5
640.0909091	5679.363636
879.8421053	5687.368421
642.1111111	5694.333333
567.125	5695.875
711	5697.5
710.1578947	5700.473684
564.7777778	5700.888889
889.4090909	5703.5
373.3333333	5704.555556
743.875	5704.875
469.5555556	5709.333333
893	5713.5
464.4794521	5717.205479
557.7777778	5716.444444
415.8888889	5719.111111
420.2222222	5720.222222
456.8888889	5721.111111
554.6428571	5721.785714
454	5723.076923
430.1428571	5723.928571
448.0769231	5724.461538
435.4285714	5725.428571
440.6538462	5725.538462
707.5	5726
418.5	5728
411.9473684	5729.052632
425	5729
406.75	5734
419.1111111	5734.111111
880.05	5741.95
504	5748
815.6666667	5753.055556
377.7727273	5761.863636
381	5763.5
374.2	5766.7
846.3529412	5767.411765
849.6111111	5771.388889
850	5776
474.4878049	5789.414634
488.2826087	5788.673913
493.3076923	5791.115385
866.4210526	5800.842105
749.1190476	5802.785714
869.3571429	5803.357143
517.125	5805.125
866.8	5805.933333
872.7777778	5809.333333
384.1785714	5811.142857
839.5333333	5811.666667
842.4545455	5814.818182
875.2068966	5814.241379
442.3157895	5816.052632
876.1818182	5817.818182
643.2727273	5818.863636
439.2666667	5820.166667
537.875	5820.875
704	5823
879.3773585	5824.188679
595.8888889	5825.333333
540.5543478	5826.902174
568.875	5825.875
551.5882353	5827.117647
528.8	5827.7
598.125	5827.875
703.375	5828.25
594.9090909	5830.818182
881.2333333	5831.266667
611.125	5831.875
539.2957746	5834.760563
582.8	5835.6
882.125	5835.875
537.7727273	5839.227273
558.7272727	5838.272727
825.3571429	5840.714286
458.1111111	5840.666667
854.6153846	5841.384615
561.1777778	5840.955556
577.0454545	5842.181818
582	5841.652174
550.5942029	5845.130435
464	5843.5
564.7222222	5844.5
860.0238095	5844.761905
828.6363636	5846.545455
560.6333333	5848.233333
551.875	5849.875
567	5850
577.4262295	5849.409836
582.5	5850.411765
547.5789474	5851.894737
570.4736842	5852.210526
550.7142857	5853.642857
625.5625	5853.375
503.0833333	5853.833333
560.4666667	5853.766667
469.8888889	5855.333333
691.25	5854.95
534.5	5856
539.5769231	5856.384615
546.4074074	5858.981481
380.1111111	5857.666667
552.2432432	5858.432432
622.5555556	5858.755556
418.375	5859.875
466.8823529	5860.411765
627.0697674	5862.348837
471.9516129	5862.258065
495.875	5863.125
547	5865.888889
555.3333333	5862.666667
590.745098	5862.72549
587.0769231	5866.285714
628.9	5868.55
504.5	5871.5
507.2307692	5870.769231
624.7924528	5871.792453
564	5872.5
530.3846154	5873.615385
575.0857143	5874.228571
414.0833333	5875.166667
492.8888889	5875.814815
569.5	5876.285714
587.44	5878.2
531.2931034	5879.086207
573.7142857	5879.428571
581.2	5887.255319
413.125	5879.875
428.3939394	5881.893939
611.16	5882.48
397.2	5883.2
420.0909091	5883.242424
564.5	5883
538.2608696	5887.355072
590.8333333	5885.5
609.3846154	5885.846154
551.7954545	5886.25
499.3809524	5887.285714
546.8	5885.733333
603.5294118	5887.764706
573.5789474	5891.894737
789.56	5892.32
532.1785714	5894.75
375.55	5893.925
542.5	5897.166667
380.5882353	5899.058824
385.34375	5898.375
553.3	5898.7
573.8275862	5899.827586
534.95	5900.55
381.755102	5905
446.6363636	5905
568.5	5905.2
344.877193	5907.929825
349.8148148	5907.666667
604.0909091	5907.363636
447.6666667	5908.5
531.5555556	5908.777778
536	5910.740741
332.7777778	5915.333333
342.5	5915
541.4049587	5915.834711
648.7	5915.1
549.8125	5917.075
580.1818182	5915.590909
352.0909091	5916.772727
520.5	5918
557.8333333	5916.583333
722.7	5916.8
727.7619048	5916.857143
515.5925926	5919.888889
565.9375	5918.8125
534	5921.214286
520.875	5921.875
492.5	5923.964286
514.7692308	5924
484.8181818	5925
539.8947368	5925.210526
534.3	5925.8
545.9782609	5925.521739
486.9459459	5926.648649
595.225	5929
520.2992701	5931.883212
510.35	5932.975
597	5933.5
503.875	5933.875
417.75	5934.583333
468.5263158	5936
420.4615385	5938.730769
513.3030303	5938.484848
417.3333333	5940.111111
423.05	5943.6
541.875	5943.875
470.4383562	5945.150685
485.1	5946
477.2727273	5948.909091
439.76	5949.04
482.3636364	5952.090909
447.4770642	5953.275229
438.4642857	5953.892857
498.875	5954
657	5953.833333
429.7647059	5955.058824
433.5	5954.714286
479.5	5955
502.6470588	5956.323529
439.1428571	5957.714286
468.7857143	5957.428571
653.5	5959.8
477.6571429	5963.457143
472.9444444	5964.722222
332.875	5969.25
452.9166667	5974.75
699.0909091	5984.363636
552.92	5985.28
669.4	5990.066667
467	5997
473.5897436	5997.025641
468.6	5999.866667
567.4666667	6004.666667
474.1086957	6007.326087
691	6012
491	6014.183673
568	6013.666667
433.2857143	6014.357143
473.4827586	6017.689655
555.1515152	6018.515152
426.6	6018.666667
690.2	6017.7
489.2666667	6021.693333
524.15	6021.15
690.9090909	6021.818182
424.4347826	6023.478261
592.4444444	6021.666667
381.5	6023.5
605.1111111	6024.333333
354.6666667	6025.307692
689.4117647	6025.470588
488.5625	6027.5625
421.0666667	6028.6
495.8	6027.5
457.6	6027.981818
411.375	6029.75
558.9285714	6029.821429
668.6666667	6030.777778
384.8611111	6037.5
446.3	6041.2
724.6956522	6042.086957
381.2790698	6047.186047
729.9047619	6044.904762
364.1764706	6045.294118
373.8571429	6046.571429
386.0689655	6046.413793
392.7115385	6052.788462
401.875	6048.125
481	6050.5
321.6666667	6052.111111
405.5	6052
377.5	6052.8125
386.3333333	6053.083333
434.047619	6055
731	6055.625
380.7291667	6056.416667
342.4545455	6058.181818
731.1818182	6059.954545
386.6744186	6059.883721
393.3846154	6061.384615
472.3846154	6061.384615
372.2115385	6061.75
509.1111111	6061.666667
377.3611111	6067.796296
406.6666667	6065
365.875	6065.5
383.2222222	6065.644444
391.2820513	6067.833333
334.625	6067.625
466.6666667	6067.6
367.125	6067.875
406.75	6068.375
461.75	6068.916667
345.5	6070
387.6666667	6069.666667
402.1428571	6069.190476
428.125	6069.875
384.9607843	6077.22549
391.6153846	6076.192308
729	6075.5
399.3333333	6076.5
380.2352941	6078.529412
702	6079.15
375.8	6079.44
684.3846154	6082.076923
687	6082
689.875	6082.125
699.4666667	6083.333333
567	6085.5
575	6086
501.4137931	6086.206897
376.3636364	6087.636364
392.8979592	6096.05102
422.9622642	6092.981132
403.3076923	6097.692308
428.5	6100.5
396.1111111	6102
558.3529412	6102
577.125	6102.125
360.9473684	6104.631579
557.8181818	6111.090909
656.8888889	6109.142857
389.0769231	6111.5
392.5625	6113.25
320.2	6114.4
314.8	6114.8
518.5416667	6114.666667
667.8888889	6114.333333
397.0833333	6116.333333
660.6666667	6116.333333
382.5	6117
415.6363636	6116.909091
325.08	6116.76
387.95	6118.366667
324.8823529	6121.411765
609.36	6119.72
554.6923077	6123.461538
325.7816092	6127.781609
613	6129.5
317.3684211	6129.763158
328.3333333	6134.666667
618.5604396	6137.208791
490.6875	6140.40625
624.8421053	6141.157895
619.24	6143.8
623.7272727	6144.909091
639.46875	6148.8125
645	6155.647059
517.875	6156.125
320.7272727	6156
325.0714286	6161.285714
506.1666667	6160.714286
654.0277778	6164.194444
322.1111111	6166.666667
328.4705882	6165.764706
602.1136364	6169.636364
528	6172.136364
522.3695652	6177.413043
599.04	6184.2
521.25	6185.035714
520.7	6199.5
486.875	6206.125
435.6428571	6228.642857
364	6263.5
328.0526316	6270.789474
350.875	6275.125
533.1333333	6279.4
357	6285
528.125	6291.875
402.2727273	6301.863636
406.4705882	6304.058824
411.3888889	6305.444444
416.125	6307.875
424.8823529	6316.529412
433.8	6334
332.0666667	6374.266667
336.3333333	6385.666667
326.6428571	6409.428571
343.75	6422.333333
346.8888889	6422.111111
359.2	6423.15
377.5	6423.03125
414.0714286	6424.714286
385.2352941	6428
389.2777778	6429.166667
397.9	6430.9
393.2142857	6433.357143
404.0217391	6435.76087
349.03125	6476.21875
346.625	6478.75
