X	Y
0	0
0	6857
6857	0
6857	6857
544.5	169
590.6	170.8
545	214.5
741	224.5
631.5	225.5
637.5	227
650.5	228.5
607.5	229
657	229
629	248.2857143
567.5	252.5
783	259.5
552	261.5
556	265.5
516.3333333	270.3333333
581.5	271.5
600	276
594.25	295
524.5	321
509	337
514.2	337.4
548.5	343.5
543.5	356
548	362.5
551.4285714	367.7142857
601.5	380.5
486	384
562.875	384.125
682.8	384.6
557	407
520.7142857	408
606.875	412.875
570.7142857	423
763.7142857	427
543.2857143	428
737	432.5
532.7142857	439
516.7142857	441
508.5	449
614.3333333	453.6666667
836	456.5
462.2	458.6
658.6666667	462.125
705.4193548	465.8387097
718.5	466.5
469.5	481
721.4347826	481.9565217
623.5	488.5
737.2222222	493.3888889
570.125	502.875
729.2592593	508.7037037
632.5	512.5
590.5909091	516.4545455
669.8666667	520.9
596.125	531.875
734.5	534.2
653.6666667	536.4444444
613.6428571	551.7857143
635.5	552.2857143
714	556.2857143
489.5	557.5
736.1176471	559.5882353
720.4	560.2
649.2258065	566.1935484
723.3846154	570.3846154
712.0625	581.1875
683.125	581.6666667
583	590
671.952381	592.1904762
708	593
481.2857143	598
470	599
635.9130435	600.2173913
481.5	603
455.875	605.125
689.5	609.5
749.1071429	608.9642857
720.7241379	614.3448276
590.9047619	624.1666667
754.8181818	624.1818182
669.2857143	627
650	628.5
700.1	629.1
579.9	634.66
672.03125	634.9375
705.4761905	634.9047619
596.6875	636.625
652.8125	636.03125
662.2	653
643.125	654.125
707.2857143	656
721.4848485	658.3939394
591.3888889	660.75
593.5833333	669.75
605.5	676.5
745.6	676.2
673.8214286	679.2142857
741.5	679.5
654.9259259	680.4074074
632.3142857	681.8142857
458	697
712.3076923	699.1153846
767	702
564.4	708.2
719	713
467	724.2857143
502	724.5
607.5	728.5
660.2857143	735
642	736.5
851	745
579.7222222	772.8333333
527.0894309	782.7317073
819.6086957	785.2086957
767.8	785.5
681	791.6363636
644.6944444	792.4722222
571.5555556	799.1388889
598	800.3529412
613.1176471	801.4117647
716.372093	802.4186047
589.0833333	803.9166667
650.4827586	807.2758621
642.1818182	810.1818182
589.2631579	811.5789474
599.7142857	815.6190476
614.9230769	816.6666667
606	823.5
646.6744186	832.8604651
656.2608696	868.6521739
723.5	882.5
620.6	886.2
654.1428571	897.6071429
652.5333333	904.8666667
592.5	914.8
698.3333333	924.6666667
591.3913043	934.0869565
616.125	934.125
605.4814815	935.4074074
629.1176471	941.5882353
460.8421053	955.1578947
622.2894737	955.9473684
540	967.5
684.3809524	967.952381
559.2941176	980.6470588
674	985
788.5	993
593.5	1021
718.7142857	1041.5
651	1066
574.9090909	1089.090909
741.125	1096.875
889	1100.714286
597.2	1103
739.9333333	1105.8
748.1111111	1107.333333
690.5	1111
511.875	1112.125
732.2857143	1120
682.2777778	1120.833333
773.4	1121.6
1055.111111	1129.666667
745.5483871	1130.096774
801.2916667	1131.708333
792.4736842	1134
807.5	1137
779.875	1141.825
721.5	1143
847.8695652	1149.478261
733.5	1154.5
748.6363636	1161.909091
709.7058824	1161.705882
740.0508475	1162.372881
722	1164
836.1666667	1163.833333
747.3333333	1167
704.8421053	1168.157895
662.6666667	1174.333333
830.3863636	1176.840909
645.3846154	1179.384615
650.1538462	1180.461538
699.975	1179.7
672.2105263	1181
843.4166667	1185.25
648	1186.136364
744	1187.5
749.3846154	1187.384615
661	1191
752.7419355	1193.258065
676.2857143	1197.428571
727.7142857	1205
699.7333333	1205.333333
777.5925926	1206.814815
674.2631579	1210.631579
770.125	1209.875
646.6764706	1211.735294
715.8333333	1214.277778
537.8421053	1217.157895
869	1218.708333
837.1034483	1220.551724
629.3928571	1220.821429
725	1221.2
843.7333333	1223.2
678.2	1224.266667
773.7142857	1224.5
733.5	1227
757.9590909	1226.595455
715.6794872	1227.820513
818.7368421	1232.684211
669.36	1233.24
697.4166667	1237.25
605.8421053	1237.842105
656.5	1238.5
752.5	1239.5
741	1244.5
861	1245.5
786.7368421	1246.157895
772.6197183	1246.788732
637.2333333	1249.366667
680.6764706	1252.147059
755.4	1257.6
770.2424242	1257.575758
638.8	1259
686.76	1258.96
748.875	1258.666667
852.6	1258.6
566.6538462	1259.730769
645.4	1260.6
781	1260.285714
586.75	1261.392857
626.1034483	1262.172414
677.7222222	1263.611111
775.3666667	1263.633333
763.5714286	1264.380952
672.05	1266.1
891	1266.2
846	1267.2
858.5	1269
829.6153846	1270.615385
766.6538462	1274.653846
852.8421053	1277.157895
548	1278
732.5	1278.5
697.5645161	1279.677419
812.8888889	1279.722222
858.9714286	1281.6
787.4186047	1281.488372
801.5588235	1283.764706
832.125	1283.53125
761.7142857	1284.452381
866.5517241	1285.758621
661.5238095	1288
747.1041667	1288.625
790.1904762	1287.952381
616.952381	1289.119048
644.6285714	1293.371429
729.9375	1292.6875
630.5454545	1293.5
659.5	1296
792.75	1297.083333
602.8	1298.4
678.9076923	1299.523077
757.6027397	1299.219178
787.5	1299
827.9924812	1299.609023
633.8333333	1300.833333
806.6486486	1303.891892
692.0540541	1307.945946
707.9666667	1309.1
727.0212766	1306.673759
795.5	1309.109756
822	1311.5
628.7391304	1314.304348
768.5483871	1314.580645
853.5	1315.5
611.5531915	1316.340426
803	1316
823.9565217	1316.717391
780.8666667	1319.7
786.875	1319.125
763.484375	1320.6875
804.0481928	1321.192771
681.6818182	1323.363636
709.3684211	1323.473684
700.3488372	1324.44186
691.5	1326
668.1834862	1327.752294
758.6	1328.2
650.1891892	1329.135135
684.7142857	1331.942857
800.125	1331.125
830.25	1331.444444
621.3333333	1331.875
555.5	1334.5
574.2857143	1336
642.0909091	1335.909091
690.7619048	1339.809524
755.5	1339
676.56	1341.92
718.7435897	1343.435897
747.4791667	1344.625
821.5	1344.8
808.972973	1344.837838
706.6	1346.2
679.75	1348.05
692.5757576	1347.939394
686.3846154	1351.615385
791.5	1352.5
816.15625	1352.0625
743.5882353	1354.558824
679.9285714	1356.857143
759.4888889	1358.911111
713.5	1362
812.0666667	1362.4
629.6666667	1364.888889
509.0909091	1364.909091
802.1666667	1365.083333
618.9285714	1369.285714
652.6	1369.4
761	1375
663.125	1376.125
599.05	1377.9
560.4375	1380.0625
721.3666667	1379.633333
617.2941176	1380.5
646.2857143	1382
805.3	1382.333333
688.3571429	1383.214286
790.6	1385.2
631.4054054	1389.027027
881.6451613	1389.193548
745	1391
617.8421053	1391.842105
685	1392.5625
719.85	1395.55
828.84375	1395.625
848.2758621	1396.172414
714	1399.5
765.5714286	1398.619048
597.6666667	1400.111111
621.1875	1400.1875
610.125	1405.125
660.2631579	1407.578947
582.04	1408.4
675.4545455	1408.363636
590.6315789	1409.684211
619.5882353	1409.352941
736.7894737	1411.631579
716.12	1415.2
533.3529412	1416
657.1578947	1416.842105
671.5	1418
756.525	1418.7
580.5217391	1422.391304
624.6	1424.4
785.3333333	1425.111111
761.9090909	1431.909091
635.3076923	1433.461538
747.0952381	1433.190476
625.195122	1433.731707
647.64	1434.76
734.2173913	1434.347826
666.4	1438.4
793.6666667	1441.125
706.1551724	1442.362069
540	1443.714286
713.9090909	1444.090909
732.875	1445.6875
643.8148148	1446.407407
571	1449.5
664	1450
611	1451.5
513.9142857	1453.542857
664.5	1454.5
785.2727273	1454.848485
761.6153846	1458.615385
605.3333333	1459.666667
734.4545455	1460.636364
733.2352941	1466.764706
648.6315789	1469.210526
606.4	1470.4
536.4864865	1473.216216
747	1474.5
544.7142857	1477
712.03125	1477.34375
522.6153846	1478.384615
623.7272727	1478.5
640.3125	1480.375
554.3888889	1481.555556
605	1482.5
617	1483.5
694.9	1485.7
553.875	1489.666667
823.35	1489.7
544.6666667	1493.333333
676	1493
726.125	1495.875
732.8421053	1496.157895
786.1764706	1498.411765
586.7894737	1501.315789
577.5384615	1502.153846
623.4137931	1502.275862
692.7931034	1501.965517
760.7222222	1502.037037
572.6363636	1504.090909
655	1506.5
747.8	1506.914286
560.125	1507.875
594.3846154	1511.384615
624.5	1512
737.4084507	1513.126761
753	1513.714286
552	1519
638.5	1518
582.6470588	1521.941176
678.125	1525.125
623.2142857	1528.642857
582.6666667	1532.666667
504.8181818	1540.818182
787.7272727	1542.818182
683.1176471	1544.588235
633.6875	1546.1875
657.6666667	1553.666667
718.125	1553.125
549.3809524	1554
756.3636364	1555.909091
656.1538462	1561.615385
770.3846154	1565.384615
361.5	1567
541.5882353	1569.117647
675.8181818	1569.181818
693.6818182	1568.522727
659.4583333	1571.208333
713.2	1571.5
682.2222222	1574.055556
555.125	1575.3125
631.375	1576.95
611.2857143	1578.214286
714.8095238	1578.761905
538.7142857	1580
1062	1580.863636
1055.441176	1582.176471
646.2	1583.24
687.5	1590.333333
672	1594.892857
564	1596
926.8333333	1595.833333
655.6923077	1596.923077
604.4482759	1599.310345
697.8409091	1601.727273
637.6666667	1604.888889
476.9090909	1608.636364
755	1608.5
607.6923077	1609.653846
715.2	1609
742.5	1609
796.3636364	1611.090909
642.2307692	1614.5
429.2857143	1615.5
704.969697	1615.363636
626.5	1618.5
666.7241379	1621.586207
699.2857143	1622
635.8888889	1625.666667
662	1627
627	1628.5
701.7272727	1628.181818
738.2	1628.933333
641.2142857	1630.321429
680.5641026	1632.641026
503.3846154	1636.384615
618	1636.236842
779.6956522	1636.869565
456.3333333	1637.888889
608.0769231	1637.961538
654.2105263	1638.947368
765.0666667	1638.733333
413	1640
421.3333333	1640.333333
679.75	1641.5625
717.6315789	1644.578947
726.5	1644
433.5	1647
586.5384615	1646.846154
678	1648.285714
475.92	1649.56
699.030303	1650.424242
594.5	1651.5
752.1851852	1652.851852
415.0909091	1654.636364
647.4375	1656.25
653.6666667	1659.75
484.1785714	1661.732143
422.5	1663
470.5	1664
777.7428571	1665.685714
631.5	1669.5
621.1454545	1669.727273
653	1671.714286
754.3333333	1670.888889
645.4492754	1674.275362
673.7142857	1674
686.6666667	1674.125
517	1675.714286
473	1677.5
667.5	1678.8
781.2222222	1680.5
553.3684211	1682.280702
693.8076923	1682.192308
609.15625	1683.34375
793	1683.5
730.5737705	1687.04918
498	1688
535.4347826	1689.086957
712.12	1690.24
846.9230769	1689.807692
773.5	1691.5
875.3846154	1691.384615
513.3846154	1693.384615
553.5	1693.5
575.5	1694.8
744.5	1695.5
782.3076923	1694.884615
507.8918919	1696.243243
409.1666667	1697.166667
633.7954545	1697.613636
541.7272727	1697.5
595.1363636	1698.454545
750.5769231	1698.948718
491.2	1700.44
708.05	1699.25
515.75	1702.333333
621.3333333	1702.333333
642.4	1702.563636
738.95	1703.6
578	1706
815.275	1707
716.3181818	1706.863636
771.7889908	1708.458716
863.1818182	1708.818182
563.4444444	1711.111111
622.125	1710.875
691.3684211	1711.526316
471.6363636	1714.090909
839.6321839	1715.724138
705.3333333	1716.25
816.5945946	1716.837838
527	1721.5
712.6545455	1721.454545
701.6341463	1722
521	1723.5
600.6666667	1724.333333
636.5882353	1727.882353
848	1728
680.9714286	1729.6
432.1785714	1730.107143
603	1730.210526
702.1935484	1729.645161
657.3103448	1731.655172
591.8333333	1732.777778
874	1733.285714
627.7	1735.3
604.3571429	1737.785714
647.3846154	1737.615385
613.7142857	1739
637.7	1738.9
589	1745.346154
629.173913	1744.565217
689	1745.5
892.05	1745.1
575.1578947	1746.842105
926.3333333	1748.5
943.4666667	1748.3
600.5	1750
493.2173913	1750.869565
650.530303	1751.181818
666.8928571	1750.928571
725.9285714	1751.47619
608.7272727	1752.181818
810.8076923	1751.884615
561.46	1753.68
576.5	1754.714286
598.2	1755.4
782.78125	1757.0625
718.5	1757.5
753.75	1760.84375
540.8913043	1760.978261
581.027027	1762.459459
653.5185185	1762.888889
738.4545455	1763.636364
631.3	1764.266667
674.1298701	1764
487.1935484	1765.387097
607.4074074	1765.481481
563.88	1765.8
876.6666667	1768.888889
522.3925234	1769.64486
843.0555556	1769.888889
559.0416667	1771.708333
644.4705882	1772.647059
750.5	1772.5
836.5714286	1772.380952
515.1612903	1773.935484
500.4333333	1775.266667
732	1777
583.4390244	1777.853659
655.1636364	1778.163636
744.6333333	1777.833333
682.921875	1778.65625
522.3846154	1780.384615
623.8888889	1780.638889
792.6428571	1781.214286
851.64	1782.853333
872.05	1781.7
564.6666667	1784
676.5	1784.5
518.8979592	1786.020408
546	1784.789474
558.2857143	1785
594.08	1786.44
773.8076923	1785.923077
832.9565217	1787.26087
923.5	1787.5
628.3846154	1788.615385
937.3	1789.7
503.5384615	1791.538462
648	1791
663.5862069	1791.034483
710.25	1790.75
723	1791.5
637.2631579	1792.452632
844.972973	1794.891892
526.24	1795.8
586.4137931	1794.931034
651.5	1795.5
835.6333333	1795.633333
558.4117647	1795.735294
691.3939394	1795.515152
493.5	1800.5
580	1800
622.8333333	1801.066667
706.3870968	1799.548387
512.3333333	1801.666667
873.8222222	1801.644444
855.7083333	1803
699.6666667	1804.333333
542.3529412	1806
615.4242424	1807.242424
494.5	1807.714286
604.18	1807.48
759.7142857	1808
554.9090909	1809.363636
683.0869565	1808.565217
736.3636364	1810
664.0434783	1811.543478
546	1812.2
871	1813.375
951.8484848	1813.69697
598.25	1815.375
653.2857143	1816.5
692.0384615	1815.692308
834.8909091	1816.363636
575	1817
530.1875	1818.625
645.3333333	1821.083333
725.24	1820.04
805.452381	1820.380952
826.3809524	1822.428571
483.5882353	1823.882353
783.952381	1823.619048
589.4642857	1824.5
648.6666667	1825.333333
768.5	1824.5
800.2083333	1825.875
630.4705882	1828.647059
671.25	1828.785714
621.4666667	1829.566667
522.3333333	1830.583333
555.375	1831.333333
654.5555556	1831.888889
770.037037	1831.777778
512.5	1833.5
598.2857143	1834.5
685.9	1834.85
806.1111111	1834.666667
754.6923077	1835.461538
706.4	1836.6
725.5862069	1836.413793
629.640625	1839.375
643.8928571	1838.035714
815.8421053	1838.473684
663.8965517	1839.413793
566.6153846	1840.384615
620.5	1839.5
906.7142857	1840.285714
833.0869565	1841.391304
755.4	1842.48
673.9285714	1844.464286
720.5675676	1844.945946
737.575	1844.75
769	1846.5
787.5333333	1847.3
860	1847.5
641.2916667	1847.708333
755.1578947	1849.157895
813.24	1849.36
554.1956522	1850.869565
806.9047619	1850.47619
629.4050633	1852.64557
682.3333333	1853.333333
765.3125	1853.125
845	1853.285714
870	1853
947.4074074	1855.444444
703.3333333	1856.466667
910.5	1856.5
615.5882353	1857.117647
783.2727273	1858.151515
760.3846154	1858.615385
796.1818182	1859.181818
821.125	1859.333333
874.3703704	1859.222222
723.4	1860.057143
524.2916667	1860.708333
533.6	1861.6
601.1	1862.05
485.8888889	1863.666667
559.5	1864.5
517.8	1865.44
620.5	1865
667.9393939	1865.666667
775.0810811	1864.702703
817.2222222	1867.37037
845.9583333	1868.875
627.3846154	1868.423077
568.9090909	1870.090909
878	1870.5
658.7058824	1871.264706
781.5	1871
895.0465116	1870.046512
870.4615385	1872.153846
580.4642857	1873.357143
741.56	1873.68
811	1874.285714
885.5	1874
547.2592593	1874.925926
843.2173913	1875.913043
587.8095238	1877.047619
915.2926829	1877.04878
766.5625	1879.25
857.7307692	1878.961538
930.8421053	1878.842105
537.7	1880.3
798.6666667	1880.125
845	1880.5
692.875	1881.125
726.1428571	1881.285714
756.2352941	1883.764706
555.5862069	1884.275862
575.6190476	1883.52381
622	1886.911765
811	1888.8
655.8695652	1890.456522
566.1818182	1891.318182
746.5714286	1890.619048
853.4285714	1892.6
620.3333333	1894.888889
576.9473684	1895.631579
693.1666667	1897.166667
765.0526316	1898.842105
518.0333333	1901.733333
905.1176471	1902.411765
881.6666667	1904
650.4	1906.04
821.3636364	1906.545455
716.2075472	1907.924528
1030.833333	1906.833333
808	1908.5
689.5	1908.714286
758.5	1910.5
814.0909091	1911.69697
972.8095238	1910.952381
265.7142857	1912
533.3571429	1912.892857
619.2333333	1914.066667
643.7790698	1914.372093
768.3947368	1913.657895
883.04	1914.6
872.4761905	1916.190476
658.5	1917
670.8076923	1917.538462
567.75	1917.638889
743.3333333	1918
754.8275862	1918.103448
854.5	1918.5
701.5757576	1919.818182
813.0470588	1920.529412
1021.5	1919.5
724.637931	1920.913793
733.5	1921.727273
836.6296296	1922.074074
710	1923.5
866.575	1924.475
894.2222222	1924.740741
855.5	1925.5
639.1904762	1926.97619
823.3	1927.7
791.3333333	1928.25
621.32	1928.76
667.4074074	1929.518519
651	1930.5
838	1930
733.9545455	1931.409091
802.6041667	1932.1875
852.875	1933.875
882.25	1934.25
550.3214286	1935.535714
609	1935
655.6875	1934.875
790.2105263	1935.368421
819	1935
573.1428571	1937.809524
767	1938
887.5	1938
817.5517241	1939.413793
586.75	1940.666667
754.5454545	1940.363636
828.9666667	1940
630.7272727	1941
618.3548387	1942.193548
681.84375	1942.375
788.0967742	1943.677419
917.6333333	1943.5
816.125	1945.75
929.3666667	1944.733333
800.7777778	1947.185185
857.40625	1947.21875
891.2105263	1948
706.9295775	1949.725352
641.25	1951.5625
686.9259259	1951.407407
836.5	1955.8
672.3333333	1956.125
554.3214286	1957.428571
613.2380952	1957.619048
731.1304348	1959.217391
717.5	1960
786.1818182	1961.590909
539.6666667	1966.083333
234.5	1969
613	1970.714286
592.125	1971.333333
844.4166667	1971.25
808.9642857	1974.035714
829	1974
609.7307692	1975.653846
568.5	1976.166667
845.8333333	1975.833333
878.9333333	1976.4
673	1977.285714
774	1977.5
745.6428571	1979.785714
795.6842105	1980.473684
854	1983.8
613.5	1984.214286
635.5568182	1987.113636
822	1986
731.2857143	1987.5
869.9090909	1987.363636
661.8181818	1988.090909
684	1988.5
655.96	1990.76
679.0555556	1994.888889
702.5945946	1995
581.6153846	1997.384615
830	1997.5
590.8	1998
694	1999.2
850.5333333	2000.133333
724.9090909	2001.909091
675.8181818	2003.818182
773.4666667	2002.866667
1092.111111	2003.666667
537.6153846	2004.615385
714.3243243	2004.297297
744.5	2005.5
588.5	2006.5
642.5604396	2005.78022
884.875	2006.333333
612.5	2007.5
735.1428571	2008.178571
668.0454545	2009.318182
685	2010
769.5142857	2012.028571
826	2012
733.1578947	2014.842105
814.2857143	2015
611	2018
671.6	2017.6
702.95	2021.1
712.7307692	2024.115385
564.3214286	2024.821429
629	2025.852941
721.7894737	2026
800.3333333	2028.833333
719.2857143	2031
577.9387755	2032.387755
667.6041667	2032.729167
725.3636364	2032.909091
756.5	2032
561.8333333	2032.888889
651.3846154	2034.384615
605.9230769	2035.230769
807.1621622	2038.108108
624.5555556	2040.066667
694.4	2039.6
656.5	2044.272727
679.4	2045.028571
573.875	2045.666667
618.9655172	2050.413793
825.75	2052.666667
708.875	2053.875
549.5	2054.5
777.6190476	2054.761905
817.3225806	2054.83871
664.875	2056.625
596	2057.756098
650.2903226	2060.548387
767.5	2061.2
780	2062.363636
634.05	2063.9
712.75	2065.75
730.0384615	2066.307692
666	2067
821.2857143	2067
609.875	2068.125
864.3125	2067.875
764.3846154	2069.615385
780.7083333	2069.458333
658.4423077	2071.019231
564.96	2071.76
628.5	2073.5
600.9090909	2074.090909
712.1578947	2073.842105
593.3181818	2075.363636
718.6481481	2074.833333
682.875	2076.875
702.0909091	2076.636364
791.5517241	2079.586207
589.2	2080
759.8378378	2079.810811
646.4255319	2081.148936
775.125	2081.333333
861.7619048	2081.380952
721.5483871	2082.709677
812.7857143	2083.5
656.2307692	2083.74359
678.56	2084.2
872.952381	2083.809524
768.0344828	2086.413793
895.7777778	2086.055556
592.7857143	2087.5
612.875	2089.875
775.7142857	2089.5
683.6666667	2090
635.1111111	2091.666667
764.1111111	2091.333333
786.9166667	2091.333333
605.2333333	2091.266667
623	2092
673	2092
722.2888889	2095.133333
851.9090909	2098.181818
835.5081967	2101.278689
605.6428571	2102.214286
761.4375	2102.25
858.5	2103.5
592.875	2104.6875
846.2083333	2104.333333
814.8823529	2106.137255
883.875	2106.875
735.4736842	2110.631579
795.5	2111
805	2111
683.2857143	2112
787.12	2111.8
748.0740741	2113.407407
802.6666667	2113.333333
712.5	2115.846154
740	2116.125
881.1818182	2117.818182
670.6428571	2117.809524
681.8809524	2119.214286
794.0952381	2118.428571
760.3846154	2122.615385
782.8148148	2122.444444
765.3333333	2123.333333
812.3809524	2123.428571
597.8	2124
618.5	2124.5
727.875	2126.4
695.125	2127.125
671.5	2127.5
661.8648649	2130.702703
778.6333333	2132.066667
724.962963	2133.592593
634.8	2136.45
769.3846154	2137.615385
859.56	2138.08
823.3548387	2139.870968
653.04	2140.6
763.9	2140.05
477.5135135	2141.135135
713	2141.333333
680.9	2142.95
868.125	2143.125
667.175	2145.508333
566.32	2144.68
804.5	2145.5
695.6153846	2150.615385
609.5652174	2152.26087
784.875	2152.125
661.6896552	2154.551724
915.9090909	2155.090909
702.6666667	2157.125
771.375	2157.46875
805.5	2157.285714
876	2157
665.8333333	2158.833333
838.4117647	2158.764706
651.2368421	2161.328947
795.4814815	2161.111111
893.5	2162
903.7058824	2161.705882
718.9375	2163.125
639.0952381	2164.809524
765	2165.75
841.8333333	2165.833333
725.3333333	2169.555556
757.7142857	2169
834.3846154	2169.615385
696.5517241	2170.689655
874.6666667	2170.142857
774.5	2172
902.4117647	2172.117647
800.5	2173
784.7407407	2176.333333
591.9411765	2176.882353
745.5	2177.5
557	2180
672.5	2180
695.6875	2180.28125
752.8823529	2180.411765
888.4666667	2181.666667
665.7826087	2182.304348
727.4722222	2185.305556
900.2291667	2186.541667
777.5	2188
620.6153846	2191.384615
911.6071429	2191.5
884.85	2192.3
810.0344828	2193.206897
834	2194
748.3461538	2194.653846
711.8055556	2196.305556
735.2	2198.5
690.8333333	2200.166667
667.3	2200.9
708	2201
851	2202.5
776.5	2205.5
753.125	2205.875
760.1702128	2207.425532
651.3333333	2208.8
797.1785714	2209.357143
615	2213.2
748.4	2214.2
692	2216
827.6785714	2216.821429
843.5	2218
838.125	2218.875
821.8333333	2222.722222
865.1785714	2223.607143
838.8333333	2225.277778
298.1111111	2226.666667
687.4827586	2226.758621
605	2227
877.9818182	2227.272727
639.0625	2228.6875
775.3846154	2228.615385
657.75	2231.388889
918.6	2232.3
703.6206897	2234.413793
793.5	2234.5
686.3061224	2236.102041
643.3181818	2236.863636
765.2363636	2240.090909
875.5	2240
280.8461538	2241.769231
729.9333333	2241.433333
715.3846154	2243.384615
831.3846154	2243.615385
652.85	2244.7
685	2244
702.2884615	2243.846154
671.4117647	2245.882353
870.3928571	2246.142857
782.35	2247.6
633.2580645	2248.387097
760.2	2251.44
661.9375	2254.21875
729.8333333	2253.791667
802.2105263	2255
778	2255.75
824.5	2259.064516
645.7037037	2259.888889
862	2260.833333
779.1851852	2261.185185
758.1578947	2265.842105
779.6666667	2267.111111
864.8888889	2267.481481
936.5	2269
733.5	2270.5
783.2580645	2274.612903
921.1764706	2275.5
717.75	2276.4375
834.5942029	2276.550725
855.8	2276
940	2277
628.7037037	2278.777778
847	2278
928.96	2278.4
709.5	2280.5
763.6071429	2280.142857
695.6129032	2281.516129
723.9	2280.95
744.3636364	2281.136364
801.6176471	2283.029412
596.8571429	2283.142857
866.1	2284.65
792.7272727	2284.818182
753.6153846	2291.384615
935.1034483	2291.103448
950.5	2301.5
881.7333333	2302.066667
896.1632653	2305.183673
703.15	2306.475
804.1176471	2307.588235
913.6538462	2308.346154
851.75	2310.142857
790.3214286	2316.964286
663.5	2319
703.5333333	2319.633333
774.8181818	2319.909091
888.4303797	2320.556962
850.7586207	2326.241379
692	2328
701.9166667	2328.277778
786.8	2328.4
842.1333333	2329.466667
661.4285714	2332.904762
895.7	2334.3
631.2631579	2336.631579
754.5	2338
802.5	2338.5
747.6153846	2340.615385
675.1111111	2344.722222
912.6666667	2344.666667
808.2857143	2347.5
839	2347
872.6590909	2348.181818
959.2857143	2350.928571
906	2354.5
928.25	2355.625
863.125	2355.875
851.5	2358.307692
902.6666667	2357.666667
697.7857143	2360.642857
798.8666667	2360.466667
952.65	2359.9
629.8666667	2362.533333
692	2364
785.6153846	2364.923077
905.5	2364.076923
661	2366.5
771.0909091	2365.909091
858.5	2368.5
946.7142857	2367.428571
692.5	2369
941	2369.5
932.0833333	2370.452381
678.3636364	2372.545455
810.5	2373.5
893.6	2373.04
642.6071429	2374.5
962.5806452	2375.774194
666.7142857	2377
944.6333333	2377.366667
924.375	2378.5625
936.8108108	2379.513514
679.4814815	2379.888889
710.1470588	2381.029412
788.6153846	2381.615385
974.3684211	2380.789474
815.1875	2385.375
611.7058824	2386.294118
671.9210526	2387.342105
852.5	2388.5
713.2	2389.2
805.2857143	2391
898.5	2392.5
929.3846154	2392.384615
963.1666667	2392.633333
679.6	2394.4
698	2396.5
713.7	2400.3
935.9032258	2399.451613
958.5263158	2403.631579
647.6190476	2403.571429
780.2941176	2406.970588
790.5	2406
899.75	2408.375
715.2142857	2411
872	2411
928.5	2411.5
674.5	2412.5
698	2412.5
704.3846154	2413.384615
901.5	2414.5
849.9411765	2416.098039
653.875	2417.875
893.5	2417.5
866.6875	2417.9375
772	2420.5
895.8181818	2423.818182
821.0909091	2424.090909
615.76	2427.64
639.5	2436
867.2857143	2439
882.875	2439.333333
891.8571429	2439.392857
685.3	2440.1
503	2441
840.5142857	2441.285714
693.1	2442.05
776.5	2444.5
876.6666667	2444.666667
638.92	2446.56
952.1578947	2449.842105
837	2455
633.3333333	2457.888889
893.625	2459.5625
878.125	2462.125
776.3714286	2463.6
588.4166667	2464.75
969.0909091	2464.363636
688	2466.8
663.7096774	2468
695.9333333	2468.733333
858.24	2468.04
580.8888889	2469.111111
708.75	2468.84375
819.8064516	2469.451613
702.6	2471.2
899.3076923	2471.653846
594.7142857	2475
569.2	2476.4
621.2692308	2475.961538
924.4736842	2476.315789
890.5348837	2476.651163
704.7037037	2477.296296
902.0909091	2481.954545
778.1578947	2483.842105
763.1578947	2484.263158
597.5	2487
786	2491
661	2492
914.5	2493
857.2352941	2495.588235
503.7777778	2495.944444
659.7083333	2498
777.5	2503.5
856.7	2505.7
925.0909091	2505.909091
767.6666667	2508.888889
795.6153846	2508.615385
638.5	2510
772.3333333	2512.208333
805.8666667	2512.133333
874.2727273	2512.477273
644.875	2513.125
652.4	2513.966667
820.1818182	2515.818182
790.2142857	2517.5
755.6551724	2517.62069
805	2520
812.6363636	2520.545455
741.2105263	2522
1019.105263	2522.578947
372.2857143	2523
891.5757576	2527.818182
795.3055556	2527.555556
744.05	2529.5
813.59375	2532.625
919.5333333	2534.133333
884.952381	2536.809524
951.7272727	2537.5
809	2537.5
848.75	2538.05
745.9090909	2539.363636
882	2545
560.5454545	2547.363636
799.1333333	2551.533333
780.3913043	2555.086957
802	2557.5
811.5925926	2557.962963
774.7647059	2559.941176
806.125	2560.875
934.3191489	2562.446809
775.5483871	2567.709677
784.6176471	2567.411765
814.9285714	2566.785714
860.6666667	2570.875
909.6666667	2570.666667
846.1176471	2573.411765
900	2580
824.4285714	2580.928571
867.4888889	2581.6
791.0833333	2585.666667
725.1333333	2587.533333
872.5333333	2593.5
758.8888889	2595.944444
909.962963	2598.777778
766.3333333	2599.888889
1026.166667	2601.277778
498.4666667	2602.133333
516.9285714	2607.428571
752.7142857	2607
799.0909091	2608.818182
854.68	2612
790.4705882	2613.352941
841.1578947	2618.210526
756.1	2619.4
477.25	2621.416667
928.1818182	2621.454545
746.8888889	2623.277778
842.6	2622.7
737.3214286	2624.25
413.1666667	2624.833333
802.3333333	2625.333333
770.5	2627
515.3333333	2629.714286
420.4666667	2639.7
454.0869565	2646.434783
528.3333333	2649.111111
875.5	2652.8
454.9090909	2652.909091
858.5	2654.727273
511.2941176	2656.705882
841.125	2658.5
429.3846154	2659.384615
547.3333333	2660.666667
812.9347826	2660.565217
822.8076923	2661.115385
426.3928571	2666.392857
481.4375	2666.75
546.1578947	2666.684211
851.5	2666
883	2665.789474
460.5	2667.5
738.6923077	2668.846154
519.75	2670.416667
527	2670.5
570.125	2671.125
923	2675.5
828.6818182	2680.636364
551.2857143	2682
898	2682.833333
800.5	2683
837	2683
934	2682.75
798.5	2686.5
436.56	2687.6
803	2690.5
845.76	2689.88
425	2691
764.5882353	2690.882353
864.3636364	2691.454545
854.92	2692.8
794.5	2693.5
906	2694.5
1034.5	2694.5
546.2463768	2694.753623
995.1578947	2694.842105
387.7857143	2697.642857
467.5263158	2697.894737
839	2700.5
512.5	2704
524.7894737	2704.631579
563.4	2704.4
915	2706.789474
488.3	2708.7
794.8421053	2709.473684
477.9122807	2712.333333
777.5774648	2710.605634
1119	2713
567.3333333	2714.125
839.3333333	2714.266667
457.1212121	2715.151515
578.96	2715.24
919.6153846	2716.153846
798.5625	2718.65625
522.6181818	2717.509091
828	2719.5
870.9411765	2718.823529
892.2727273	2718.772727
583.125	2719.666667
888	2720
903.8	2721
849.5833333	2722.333333
472.8518519	2723.018519
863	2723
929.6333333	2723.366667
813.8235294	2723.882353
885.8823529	2725.117647
897	2726
961.1363636	2728
497.6538462	2729.346154
884.3529412	2732.411765
585.3658537	2733.073171
979.2142857	2734.5
834.3235294	2736.264706
484.3333333	2737.5
945.5	2737
802.4814815	2740.740741
895.9183673	2741.744898
733.5555556	2742.305556
446.8214286	2743.607143
538	2743.5
847.8666667	2742.866667
922.875	2744.125
378.3571429	2745
768.5	2745
928.5	2745
554	2746.5
792.1851852	2746.185185
751.53125	2747.09375
1028.833333	2748.083333
761.75	2748.5625
473.974359	2750.974359
893	2751.285714
698.9090909	2752.636364
745.4722222	2753.25
867.3461538	2752.653846
754.1333333	2755.533333
902.5106383	2755.425532
739.5	2757.5
923.125	2756.875
791.8235294	2759.764706
894.56	2761.32
904	2762.5
548.2692308	2763.076923
818.5	2765.714286
712	2766
785.1111111	2767.666667
834.5777778	2766.777778
538.7948718	2767.846154
565.6666667	2769.083333
671.3333333	2768.333333
791.3928571	2770.5
823.0909091	2770.909091
883.6666667	2770.555556
776.5454545	2772.363636
872.5263158	2772.631579
745.6842105	2773.026316
891.875	2775.875
451	2777.5
535	2777.5
715.04	2778.6
789.2258065	2779.096774
877.3181818	2778.727273
864.7021277	2781.829787
960.875	2784.125
562.3636364	2784.969697
825.7142857	2786
808.8333333	2789.633333
728.6428571	2790.785714
750.875	2795.875
770.9677419	2796.096774
705.6666667	2797
697.75	2798.9
944.7222222	2799.888889
727.1785714	2801.607143
541.5	2802.714286
836.3529412	2806.058824
714.5	2808
920.4117647	2809.058824
699.125	2809.875
478.1904762	2810.857143
688.2857143	2811
767.375	2810.84375
950.5	2815
734.7857143	2816.357143
744.9354839	2815.290323
780.85	2816.3
728.0882353	2817.323529
820.8421053	2816.842105
869.5172414	2820.965517
514.8333333	2821.266667
860.7083333	2821.638889
738.1176471	2823.764706
898.0909091	2824.363636
770	2828.565217
817.7777778	2829.259259
829.3548387	2828.806452
794.2857143	2833
922.3846154	2833.615385
690.7083333	2834
844.7826087	2835.391304
941.2	2834.9
804.7592593	2836.462963
888.64	2836.96
529.15	2840.7
727	2843.5
837.8965517	2845.396552
872.6071429	2846.392857
952.08	2848.56
704.2083333	2856.125
776.7142857	2856
786	2855.789474
683.4814815	2857.111111
714.952381	2858.714286
739.3333333	2861.666667
655.3333333	2863.333333
806.7377049	2863.295082
839.3181818	2866.409091
870.04	2870.24
900	2869.8125
1100.2	2871.55
811.125	2871.875
797.12	2874.28
527.04	2878.28
729.025641	2878.102564
687	2880.8
894.5384615	2881.153846
783.8333333	2883.25
698.0666667	2883.933333
918.1578947	2883.842105
741.7272727	2887.818182
763.0243902	2888.585366
731.875	2889.6875
812.4117647	2889.882353
870.1785714	2891.607143
722.1578947	2892.157895
709.88	2894.2
905.5	2894.5
656.3333333	2896.666667
726.3333333	2898.4
866.3846154	2898.384615
795.9390244	2900.329268
648.8947368	2900.710526
811.7352941	2905
668.5555556	2905.666667
637.5	2905.714286
722.5	2906
799.7142857	2906
711.5	2907
915.2941176	2909.352941
487.3846154	2913.384615
633.8888889	2914.666667
829.3333333	2916.125
685.8387097	2917.032258
713.1071429	2917
797.1428571	2916.666667
909.7142857	2918.857143
724.05	2918.75
745.9411765	2920.176471
810.5925926	2920.481481
627	2921.5
780.0666667	2921.733333
789.08	2922.44
757	2923
713.2777778	2924.388889
661.0555556	2924.777778
766.8947368	2926.315789
940.4	2925.44
828.4516129	2927.709677
757.0909091	2929.090909
848.96	2929.6
914.4285714	2932.190476
652.4117647	2933.117647
779.5	2933
658.6666667	2933.666667
680.25	2936.666667
595.2142857	2940.5
706.5	2939.714286
689.4666667	2942.866667
641.48	2944.04
751.7142857	2944
818.4	2944.2
837.5	2944.5
884.0714286	2944.571429
598.9230769	2947.384615
672	2949.8
821.6086957	2948.956522
763.5882353	2951.117647
696.8	2952.5
866.5	2952.5
803.6190476	2952.761905
700.875	2955.125
861	2956.5
666.8571429	2960.142857
913.6	2959.8
623.6	2961.76
819.5	2962.444444
447.1818182	2963.181818
838.8181818	2963.242424
687.5	2964
748.5	2965
752.3571429	2965.285714
628	2968
695.9090909	2968.515152
770.95	2969.25
900.1724138	2969.896552
594.2857143	2970.642857
708.6216216	2970.297297
777.56	2969.92
941.3333333	2971.875
587.5	2975
701.7241379	2975.413793
816.1136364	2975.136364
844.1111111	2975.666667
749	2976.714286
777.2142857	2976.214286
931.5	2976
719.1538462	2979.461538
611	2980.5
663.2	2979.933333
760.5	2980.5
676.3666667	2981.833333
735.1818182	2982.727273
785.2807018	2982.578947
823.4583333	2981.479167
694.3	2983.4
705.3333333	2984.2
798	2984
839.9090909	2984.636364
643	2985
462.1875	2989.375
798.125	2989.125
803.0416667	2991.375
609.2285714	2992.028571
679.4	2993.933333
673.516129	2995.096774
787.8666667	2995.533333
918.0909091	2995.090909
813.1034483	2996.172414
704.1176471	2997.411765
418.8888889	3000.666667
762	3000.708333
640.7857143	3002.5
774.9090909	3002.5
782.4117647	3002.882353
861.56	3004.76
920	3004.5
791.98	3005.28
827.6153846	3006.615385
461.4166667	3006.416667
904.5	3010
614	3011.2
721.7560976	3011.390244
707.34375	3014.71875
788	3015
595.5	3016.363636
857.0540541	3017.162162
423.6	3017.05
494.3	3018.02
690	3019
577.25	3020.416667
757.7419355	3021.387097
741.8275862	3023.327586
998.0666667	3023.366667
783	3024
821.3571429	3024.428571
893.6071429	3024.821429
375.7142857	3025
696.3695652	3024.5
866.25	3024.875
809.56	3026.06
484.137931	3027.103448
718.125	3028.875
688.5652174	3030.434783
781.3913043	3031.478261
493.4375	3033.75
620.5	3033.5
709.2857143	3033.441558
641.5	3034.5
607.0869565	3034.782609
681.6666667	3036.333333
393.7368421	3037.315789
658.3636364	3037.318182
581.5	3038
629	3038.285714
561.4074074	3039.518519
758.5862069	3039.551724
478.2962963	3040.148148
616.4814815	3042.592593
810.9130435	3043.608696
833.8461538	3044.461538
854.3846154	3044.615385
467.7017544	3046.087719
696.3333333	3046.666667
651	3048.714286
624.1	3049.05
672.6666667	3049.125
778.7419355	3049.677419
379.5	3049.5
611.7083333	3050.729167
1070.5	3050
565.8888889	3051.722222
725.7931034	3052.034483
489.3	3055.7
637.5	3055.25
692.4137931	3055.862069
882	3056.5
896.5	3056
594.5	3057
700.5405405	3058.243243
730.32	3059.36
603.4	3061.04
628.9090909	3060.787879
384.5	3062
834.5	3063.5
510.1153846	3065.884615
715.0434783	3066.391304
624.7692308	3067.153846
853.9	3067.05
914.2666667	3069.8
597.2777778	3071
562.8666667	3072.466667
741.0869565	3072.217391
776.7272727	3071.5
891.875	3072.333333
480.75	3073.583333
703	3074
838.2307692	3074.692308
447.3333333	3075.333333
633.2142857	3075.666667
802.7272727	3075.5
882	3076
688.7297297	3076.810811
651.8636364	3078.545455
828.0434783	3079
621.5	3080.5
528.3846154	3080.961538
679.5	3080.714286
814.9615385	3081.269231
479.7142857	3082
665.5	3082.5
501.5	3083
820	3083.5
687.5	3084.5
807.3636364	3084.909091
704.5	3085.5
691.5384615	3086.153846
786.7569444	3085.472222
656.5	3087.285714
644.3846154	3089.384615
672.5	3089.5
681.8163265	3089.877551
716	3089
592.4	3089.96
841.3050847	3090.542373
851.7058824	3090.705882
615.7241379	3094.413793
629.3846154	3094.615385
472.3684211	3095.210526
752.9411765	3095
861	3095.5
502	3097.5
547.8636364	3098.454545
421.8	3100.4
663.9444444	3099.888889
464.6382979	3103.170213
791.1538462	3102.974359
747.6470588	3104
696.8421053	3105.842105
612.28	3107
670.6153846	3107.615385
686.15	3107.225
835.7878788	3107.090909
586	3107.666667
626.7692308	3108.423077
864.5	3108.5
872.2708333	3107.8125
905.3333333	3109.041667
549.9130435	3111.217391
777.1363636	3111.272727
794.962963	3114.08642
809.3333333	3115.666667
723.5263158	3116.631579
610.7931034	3117.844828
696	3116.789474
564.3870968	3118.741935
674.5	3118
710	3120
424.125	3121.333333
788.5	3121.894737
574.5	3123
850.4	3122.8
460.875	3124.125
773.5	3125.5
684.1304348	3127.391304
651.0869565	3128.434783
625.7142857	3130.571429
396.1851852	3130.814815
673.6153846	3132.384615
705.1025641	3132.564103
783.56	3133.92
882.7	3134.7
791	3135.5
809	3135
714.9642857	3136.107143
722.7083333	3137
695.3125	3138.1875
572.5	3139.714286
430.8421053	3140.842105
563	3141
546	3142.5
641.4	3141.933333
733.2857143	3142.5
581.6666667	3142.875
877.5	3144.785714
896.56	3145.4
588	3147.875
723.2380952	3148.047619
610.36	3149.24
808.875	3149.0625
674	3150
705	3152.5
917.6153846	3152.615385
581.5	3153
738.0526316	3153.631579
791.6153846	3154.384615
744	3155.5
424.175	3157.025
723	3156
566	3158
580.8	3158.8
418	3159
869	3159
658.95	3161.9
749.1153846	3162.038462
490	3166
811.1351351	3166.189189
638.1428571	3167.714286
495	3169.8
688.6477273	3168.602273
735.9285714	3169.142857
425	3170
728.625	3170.09375
434	3171.714286
679.8965517	3172.068966
455.8333333	3171.833333
741.5	3174.5
820.9090909	3175.636364
285.5	3176
883	3176.310345
668.75	3178.583333
831.9166667	3178.333333
740.6153846	3179.615385
691.9	3179.95
580.6666667	3181.25
700.5789474	3181.157895
648.2857143	3182.5
780.6190476	3183.047619
835.3846154	3184.384615
857.75	3183.75
601.1851852	3186.037037
732	3186
823.4074074	3188.259259
810.7394958	3191.243697
698.7741935	3193.870968
732.075	3195.225
749.2222222	3194.296296
667.8823529	3195.588235
626.3636364	3199.2
653	3198.5
658.9090909	3198.363636
640.2816901	3199.239437
704.5	3200.8
691.46875	3203.8125
892.7333333	3206.133333
714.984127	3203.650794
555.5483871	3207.032258
650.3333333	3208.166667
929.7692308	3207.615385
765	3209.826087
748.8461538	3210.653846
626.6666667	3211.888889
678.7903226	3210.548387
734.125	3214.666667
702.2970297	3215.891089
842.0625	3216.125
692.125	3217.666667
715.8275862	3221.896552
855	3222.5
884.4054054	3222.513514
804	3223
837.375	3222.84375
634.5882353	3224.117647
905.9259259	3224.592593
651.9655172	3225.793103
740.85	3230.7
858	3230
723.5	3233
860	3233
763.3606557	3233.704918
636.7857143	3236.357143
615.7142857	3238.5
657.7857143	3238.642857
741.7857143	3238.5
671.1886792	3240.981132
735.2903226	3240.870968
839.4615385	3241.192308
693.6818182	3241.545455
712	3243
452.5	3245
815.5882353	3245.882353
830.875	3245.666667
894.5	3246.5
911.8064516	3246.354839
716	3246.857143
635.826087	3247.695652
754.483871	3249.612903
710.1515152	3250.727273
818	3251
456.6153846	3252.615385
738.4736842	3253.368421
693.9347826	3255.086957
892.8275862	3255.137931
722	3257.846154
759.2857143	3257
713.8125	3259.71875
793.3	3259.7
900.7222222	3260.166667
706.2916667	3262.5
750.1923077	3266.576923
665.2580645	3266.483871
811.3333333	3267.111111
852	3267.285714
735.25	3267.95
838.6071429	3268.821429
695	3269.8
799.7142857	3271.2
566.2	3272.4
808.8125	3272.875
871.4166667	3274.333333
669.5652174	3275.913043
689	3276.647059
816.9756098	3276.097561
738.9056604	3277.169811
851.8	3278.08
747.8846154	3279.038462
893.5	3279.5
721.8	3280
823.85	3282.15
699.5	3287
779.6	3287.4
678.9642857	3288.392857
694.8333333	3288.833333
652	3291.833333
747.0625	3291
866.3043478	3292.826087
821.6410256	3294.74359
845.7916667	3295.375
833.24	3296.04
942.3846154	3296.615385
484.6071429	3298.142857
963.125	3297.875
490.7142857	3300.5
763.5	3300.285714
814.92	3301.12
663.9444444	3302.666667
805.125	3302.5
858.75	3302.05
395.3809524	3303.52381
656.5762712	3304.59322
880.2352941	3307.176471
769.6785714	3310.642857
822.3846154	3312.384615
839.8421053	3312.157895
455.5	3316.5
860.3333333	3316.888889
911.3333333	3316.888889
887.6153846	3318.615385
732.6111111	3319.722222
836.875	3320.125
682	3321
751.4	3322.4
725.6153846	3324.384615
850.1	3325.7
606.4	3329.3
811.2121212	3330.454545
653.5	3331.5
681	3332.5
795.75	3331.791667
875.1666667	3333.625
781.5833333	3336.854167
834	3337.714286
746.4	3339.65
675.9615385	3340.807692
838.5	3343
907.5	3343.117647
703.04	3345.76
825.2407407	3348.166667
901.125	3348.125
846.6451613	3350.064516
878	3350.5
691.3846154	3351.615385
813.5	3353.785714
862.6785714	3355.321429
888.5862069	3356.724138
822.3571429	3359.535714
875	3359.5
933.2916667	3359
906.5	3361
713.1538462	3364.538462
885.8666667	3368.533333
776.5	3371.5
828.5909091	3372.409091
837.4	3375.28
898.1764706	3375.647059
809.8684211	3376.263158
788.125	3380.125
885.5	3385.5
900	3384.5
743.4210526	3385.894737
810.375	3386.125
841.5	3386.5
651.5	3386.714286
804.0882353	3388.323529
733.7	3389.733333
1085.705882	3391.705882
876	3395
687.3846154	3396.615385
708.9722222	3395.916667
966.4166667	3396.027778
758.5421687	3396.638554
721.7096774	3398.483871
731.75	3398.05
865.0555556	3398.888889
740.3846154	3400.615385
698.6875	3400.9375
846.8823529	3402.588235
983.5	3405.5
713.2	3406.166667
679.7878788	3407.272727
786.625	3408.104167
777.1590909	3411.363636
797.4	3412.6
819.1034483	3412.172414
762.125	3414.333333
979.3125	3414.875
897.5483871	3415.548387
920.2631579	3416.684211
716.2222222	3417.62963
747.3636364	3417.636364
732.6071429	3419.178571
1010.761905	3423.380952
793.5	3424
701.3636364	3429.909091
791.1875	3429.53125
867.5882353	3432.117647
723.8	3433.933333
850.1176471	3435.411765
708.8604651	3438.674419
695.5	3440.266667
775.3225806	3440.032258
794.0833333	3441.25
1001.225806	3442.322581
880.9534884	3444.325581
854.3846154	3445.384615
720.9090909	3445.909091
707.2592593	3451.888889
766.7073171	3451.878049
974.3	3452.25
734	3454
854.2692308	3457.115385
701.7333333	3459.933333
711.6363636	3460.090909
736	3461.266667
870.2903226	3461.387097
952.65625	3463.59375
659.9777778	3463.755556
981	3464
602	3467
422.2608696	3468.217391
695.6363636	3471.090909
634.7666667	3473.933333
588	3475
769.0149254	3475.373134
800.3529412	3477
812.3378378	3478
1070.714286	3479
721	3480
1024	3480.714286
879.6842105	3481.631579
928.6666667	3481.888889
1015.5	3483
446.5	3485.5
723.1538462	3485.461538
802.6818182	3485.636364
1080.333333	3486.75
794.4912281	3487.561404
670.1578947	3490.157895
851.7096774	3491.580645
934.35	3491.9
725.3846154	3493.615385
774	3495.285714
813.4038462	3494.307692
747.6363636	3496.909091
783.125	3495.875
1097.5	3497.285714
790.7619048	3498.619048
827.8888889	3499.481481
653.5	3500
810.1538462	3501.025641
801.25	3503
906.6	3503.183333
946.2857143	3504
746	3505
857.5	3507
931.6333333	3506.366667
811.4761905	3508.619048
967.1025641	3508.358974
1028.5	3508
1059.96	3511.4
807	3514
696.8611111	3515.444444
811.6363636	3517.090909
741.0967742	3517.806452
938.95	3520.25
755.8421053	3523.157895
1070.818182	3523.727273
810.5833333	3525.25
848.3846154	3525.615385
716.4444444	3528.407407
831.4193548	3530.451613
706.875	3531.875
1070.5	3531.5
736.7142857	3533
909.3076923	3534.038462
763.44	3535.08
634.7894737	3537.368421
830.8235294	3540.117647
794.4	3541.4
755	3542
770.4666667	3542.666667
718.1578947	3546.157895
692.5	3547.5
990.85	3549.7
685.76	3549.64
704.625	3552.4375
892.88	3554.8
936.8095238	3560.904762
774.95	3562.266667
839.9090909	3562.636364
917.9736842	3561.868421
950.5	3561.633333
724.5	3564.5
910.7826087	3566.913043
730.7894737	3567.947368
1071	3568
472.5	3571
950.9090909	3569.909091
991.5172414	3569.655172
964	3576
715.6153846	3577.384615
849.4	3576.8
794	3578.2
974.3333333	3580.333333
768.0869565	3580.434783
827	3582.428571
644.972973	3584.243243
708	3585.5625
819.25	3584.95
928.2068966	3584.965517
904.5769231	3585.923077
847.9666667	3587.4
801.6315789	3588.789474
634.2285714	3590.228571
818.6	3592.4
771.4705882	3593.235294
721.6875	3594.0625
948.15625	3594.625
904.8333333	3595.833333
503.5769231	3597.711538
741.7142857	3597.5
829.925	3597.775
677.2222222	3601.62963
646.8571429	3606.057143
758.8461538	3607.461538
678.6	3607.8
439.6857143	3609.857143
665	3613
655.5	3614.5
499.6923077	3615.5
670.9666667	3615.266667
772.2	3615.85
797.44	3616.6
978	3617
872.4444444	3621.296296
723.8	3621.6
779.7142857	3623.821429
687	3623.5
801.9111111	3626.066667
771.8095238	3628.071429
887.53125	3628.875
894.7333333	3629.133333
719.4516129	3634.290323
1126.5	3634
980	3636
808	3637.5
740.7407407	3639.962963
469.6	3641.04
658.1333333	3641.533333
770.2156863	3645.431373
967.0784314	3646.058824
543.03125	3647.1875
1088.5	3647
626.2727273	3648.181818
918.6111111	3648
784.1282051	3650.871795
846.75	3651.333333
922.1666667	3657.833333
634.5	3659
767.5454545	3658.863636
787.6818182	3663.590909
908.5	3665
494.2758621	3667.448276
548.36	3669.76
822.5333333	3670.8
837.6666667	3672.966667
1113	3673
843.7142857	3674
745.4	3675.3
703.8	3675.6
593	3677
716.4642857	3677.642857
675.2083333	3679.791667
634	3685.5
669.9090909	3690.909091
837.5882353	3692.117647
654	3693.5
701.6071429	3694.357143
934.5	3696.5
1025	3698
896.5	3699.5
682.7777778	3701.055556
518.6666667	3701.666667
759.5934066	3707.208791
1106	3708
676.7142857	3709.5
500	3710.285714
817.7096774	3711.193548
664.6666667	3714.125
601	3716
611.7692308	3716.666667
786.0869565	3716.217391
485	3717.166667
649.5	3719
987.1111111	3720.666667
677.2380952	3724.380952
663	3726
603.5714286	3727.095238
659.1666667	3726.833333
1005.714286	3730.5
868	3732.5
907.25	3737.65
901.0909091	3743.090909
765	3744
966.1290323	3744.129032
579.5	3745
602.3846154	3745.384615
908.8888889	3746.722222
1005.777778	3747.62963
997.125	3748.333333
537.125	3749.125
1038.5	3753
1005.913043	3754.956522
620.9615385	3755.038462
900	3755.380952
692.3571429	3756.214286
495.9090909	3757.363636
684.9473684	3758.368421
853.8181818	3758.181818
880.3181818	3757.954545
602.5	3759.5
944.9130435	3760.782609
621.125	3764.125
633.9130435	3764.217391
303.5	3765
671.3636364	3766.090909
582.5	3769.5
737	3770.5
916.2173913	3771.086957
633.8076923	3772.692308
861.3913043	3771.782609
600.875	3773.3125
907	3778.2
776.6	3780.6
839	3782.714286
607	3784
1020	3788.714286
891.1333333	3789.711111
710.875	3791.875
883.5	3792.5
941.6315789	3793.105263
922	3795.136364
951.5	3797.5
623	3800
653.7931034	3800.706897
662.1538462	3801.230769
693.6666667	3801.111111
687.6206897	3802.896552
585.5	3803.5
742.6774194	3804.193548
944	3804.8
880.254902	3805.45098
909.8717949	3807.179487
595.3684211	3806.789474
543	3809.566667
569.0697674	3809.232558
829.0540541	3809.378378
1093.96	3809.4
959.7142857	3810
633.3333333	3810.875
584.3666667	3814.633333
745.6764706	3813.735294
821.2258065	3815.677419
940	3815.5
784.03125	3817.71875
426.6	3818.8
892.4	3819.2
664.5882353	3820.117647
622.2173913	3821.478261
635.6538462	3821.346154
650.7142857	3821.5
806.6666667	3820.666667
863.3513514	3823.216216
889.3333333	3823.111111
579.0465116	3824.348837
950.0277778	3824.083333
1065.25	3824.125
666.7142857	3825
799.173913	3824.565217
846.4117647	3824.882353
562.0769231	3826.038462
785.0526316	3826.105263
944.75	3827.583333
656.8181818	3828.818182
862.0909091	3830.363636
889.25	3829.766667
692.85	3831.275
661.8285714	3831.657143
808.2777778	3833.111111
993.4242424	3834.969697
908.9302326	3835.55814
946.25	3836
607.9565217	3837.391304
650.9041096	3838.123288
674.3888889	3838.138889
852.5925926	3838.555556
880.7857143	3838.785714
919.1111111	3840
940.6666667	3838.666667
818.826087	3840.043478
631.4210526	3843.052632
662	3843
965	3844
580.5633803	3844.816901
676.1724138	3845.896552
907.1478261	3846.573913
597.6190476	3847.238095
738.5945946	3847.567568
657.875	3848.125
884.7777778	3848.022222
569.6333333	3849.533333
667.92	3848.88
941.1428571	3849.285714
561.0769231	3850.25641
919.297619	3850.845238
586.3333333	3851.666667
630.5	3851
709.8536585	3851.195122
728	3852.2
791.625	3852.15625
882	3852.5
640.5	3851.647059
861.5	3853
615.5	3854.5
765.4090909	3853.840909
820.0833333	3854.083333
841.9583333	3853.979167
870.5384615	3856.807692
892.0909091	3857.69697
690.5172414	3857.827586
908.3076923	3857.538462
732.3333333	3859.333333
625.1538462	3859.487179
920.5151515	3860.272727
744.4	3860.966667
476.4166667	3862.75
833	3862.5
995	3862.5
700.3085714	3863.714286
843.3947368	3864
858.5172414	3863.896552
675.4666667	3865.066667
686.6666667	3865.619048
583	3866
879.9090909	3866.515152
914	3866
745.7142857	3867
636.8421053	3866.27193
720.7368421	3868.105263
794.255814	3868.906977
604.9565217	3870.26087
822.4482759	3871.586207
563.08	3872.56
657.5308642	3871.111111
770.9076923	3871.723077
862.1538462	3872.666667
885.2222222	3872.5
745	3873.5
548.4651163	3876
646.2173913	3877.913043
670.875	3879.125
738.90625	3879.84375
963.5	3879
694.5	3880
720.5384615	3880.569231
976.5	3880.5
862	3881
929.4666667	3881.133333
793.1290323	3882.290323
439	3883
568.2765957	3884.297872
697.5	3885
714	3885
938.3888889	3885.092593
803.5	3888.2
547.6666667	3889.333333
651.3142857	3890.314286
755.2173913	3893.130435
556.8518519	3893.925926
780.2857143	3896
839.025	3896.425
765.3333333	3896.888889
324.6666667	3898.111111
745.7837838	3898.513514
821.5	3898.5
915.9178082	3897.945205
704.4827586	3900.137931
660.4545455	3900.954545
735.4358974	3900.25641
858.804878	3900.414634
538.9130435	3900.565217
723.7142857	3901.357143
773.2900763	3900.51145
638.7045455	3902.659091
675.875	3902.125
719.1666667	3902.166667
528.7894737	3904
849.7818182	3903.945455
932.5	3904
998	3904.8
586.2916667	3904.958333
704	3906
570.031746	3907.444444
453.6153846	3908.384615
553.2758621	3907.465517
940.8333333	3908.166667
688.5483871	3908.903226
740.5	3910.5
815.3333333	3912.75
866.1578947	3911.842105
975.3076923	3911.769231
564.5	3914
709.5894737	3913.294737
890.3333333	3915.916667
789.0175439	3915.684211
906.3846154	3916.384615
681.3898305	3917.033898
830.09375	3918.46875
965.4782609	3918.391304
691.5833333	3920.875
801	3919.5
813.6	3919.8
625.8169014	3920.56338
865.6166667	3921.083333
560.1578947	3921.842105
724.0625	3922.125
904.4117647	3921.882353
915.8333333	3922.166667
319.8333333	3922.833333
818.734375	3924.5
895.5	3925.5
753.125	3926.125
836.6571429	3926.942857
658.125	3926.666667
672.7142857	3927.571429
883.3	3927.7
555	3930
584.8787879	3928.727273
636.3125	3929.1875
705	3930
923	3931
534	3932.692308
680.6727273	3932.163636
726	3933.5
735.047619	3932.809524
809	3933
672	3934
693.1818182	3934.818182
605.5	3935.5
852.875	3935.875
921.875	3936.875
823.6724138	3938.87931
953.5	3938.294118
866	3939.5
520.6428571	3941.785714
789.9333333	3942.033333
847.5	3941
888.9090909	3941.545455
831.0909091	3943.363636
556.1818182	3945.409091
541.1851852	3946.592593
1019	3946.285714
823.3636364	3947.090909
975.0909091	3947.090909
925.3333333	3949.666667
467	3950
677.1578947	3950.552632
968.8461538	3952.461538
916.8888889	3953.611111
929.4	3953.6
784.3846154	3954.615385
524.5	3955.5
900	3955.5
818.25	3956.05
630.5	3957
707.6363636	3958.863636
936.1034483	3958.517241
682.3636364	3959.090909
566.5	3960.607143
530	3961.5
599.6842105	3963.157895
626	3963.3125
872	3965
500.3	3967.7
677.6071429	3967.821429
820.6	3967.8
660.7674419	3969.395349
760.5172414	3969.103448
812.82	3969.08
930.875	3970.875
673.3333333	3971.916667
691.0588235	3971.235294
721.5	3973
608.4375	3973.625
495.3333333	3975
668.8181818	3975.818182
739.1428571	3975.607143
679.875	3975.666667
808.2272727	3976.5
835.3846154	3976.384615
523.75	3978.333333
821	3978.5
613.9814815	3979.907407
877.9811321	3979.90566
711.7096774	3981.548387
772.4193548	3981.548387
785.6538462	3981.653846
865.0344828	3982.206897
654.7435897	3983.871795
760.6176471	3983.970588
914.3333333	3984.125
794.9107143	3986.089286
908.5	3986.5
703.3076923	3986.589744
620.5	3989
569.25	3990.416667
594.6	3990.066667
480.8333333	3993.166667
726.2758621	3993.413793
815.2093023	3992.232558
557.75	3995.21875
654	3994.5
685.5925926	3994.259259
737.5	3994.5
837	3995
942.3333333	3995.333333
795.7142857	3996
806.5416667	3999.375
502.1666667	4001.066667
910.7222222	4000.166667
1000.52	4000.6
565.6129032	4001.451613
547.1666667	4004.119048
864.5	4004.5
510.5	4005
604.7916667	4005.541667
707.1153846	4006.038462
741.2	4006.4
906.2727273	4006.484848
955.5	4006.214286
884.25	4007.25
978.5	4008.111111
693.25	4009.5625
685.875	4010.125
528.6470588	4010.911765
659.6666667	4011.75
646.8823529	4011.823529
893.5	4012
707.875	4014.125
901.8292683	4014.414634
630.6428571	4016.785714
721.8333333	4015.633333
748.5	4015.5
697.4166667	4017.25
916.4418605	4017.534884
804.5	4018.5
934.24	4018.8
778.8421053	4019.157895
511.9846154	4022.107692
644.21875	4022.125
947.2333333	4022.3
580.5	4023.5
680	4023
963.0263158	4023.289474
671	4024
720.2407407	4025.388889
980.5	4025
741.1666667	4025.833333
574.04	4027.4
825.5	4027.5
948.1176471	4028.411765
964.5	4028.5
988.5	4029.5
937.2692308	4029.961538
665	4031
700.09375	4031.9375
922.1698113	4033.943396
248.8333333	4035.166667
681.8648649	4036.027027
735.6857143	4035.914286
776.2307692	4036.5
887	4036
894.4761905	4036.857143
635	4037.714286
933.55	4037.5
656	4040
690.28	4042.12
749.1111111	4042.444444
782.9855072	4042.101449
438.1666667	4042.833333
962.7096774	4044.032258
618.5	4045
657.6153846	4045.076923
931.1538462	4045.423077
634.6521739	4046.391304
697.1944444	4046.222222
791.962963	4046.407407
870.3055556	4046.472222
672.1097561	4051.268293
707.3181818	4050.954545
748.5	4051.5
815.7857143	4051.5
512.6153846	4054.384615
304.7142857	4057
654.5	4057.214286
835.8181818	4058.030303
569.8571429	4059.257143
637.2	4058.266667
691.5	4058
480.3809524	4059.047619
803	4059
847.1578947	4059.315789
953.96875	4059.96875
993.1785714	4059.892857
533.6875	4060.9375
615.4666667	4062.333333
773.6229508	4061.704918
1131	4061
980	4061.848485
475.5882353	4063.117647
593.2173913	4063.304348
600.8823529	4063.411765
920.0555556	4062.888889
465.0806452	4065.032258
676.2	4065.55
847.2758621	4066.413793
695.5714286	4066.964286
727.4107143	4067.339286
506.0909091	4067.909091
916.0625	4069.1875
1126	4069
517	4070.857143
655.5952381	4070.880952
666.5	4071.214286
972	4071.363636
989.5	4071.8
626.5	4073.8
637.3947368	4073.657895
617	4075
918.5	4075.5
944.1481481	4076.185185
357.2857143	4077
405.5	4077.5
845.2727273	4077.5
998	4078.714286
1062.5	4078
366	4079.5
661.2380952	4079.047619
727.9846154	4079.338462
912.8421053	4080.263158
485.3636364	4081.090909
804.122449	4080.979592
964.8787879	4082.060606
636.125	4084.125
641.8	4082.6
673.8421053	4082.842105
892.875	4083.104167
585.7826087	4083.652174
869.3461538	4084.346154
685.5	4085.5
459.5333333	4086.466667
490.8	4086.6
704	4086.875
905.2835821	4087.626866
395.0434783	4087.217391
883.9880952	4088.857143
1044.125	4088.875
541.76	4093.2
733	4093
959.2	4092.6
1010.655172	4093.172414
637.1764706	4094.235294
533.3846154	4095.615385
579.15625	4095.125
652.45	4095.3
935.1515152	4095.272727
981.1470588	4098.367647
737.1	4099.333333
969.4117647	4099.235294
526.28	4100.32
838.0176991	4102.362832
790.1142857	4103.942857
539.9393939	4104.575758
411.7027027	4104.594595
614.6666667	4105.888889
691	4105.5
866.804878	4107.097561
499.8	4109.4
824.2380952	4109.714286
846.5	4110.5
440.5	4112
915.5	4114.2
950.25	4114.25
703.3666667	4116.633333
671	4117.5
1091.642857	4117.357143
838	4118
935.0869565	4117.565217
568.875	4118.775
352.6153846	4121.615385
656.8	4121
843.0526316	4121.631579
707.5882353	4122.882353
720.7647059	4123.235294
560.2758621	4128.655172
829.3571429	4128.880952
888.173913	4127.434783
936.5925926	4128.555556
436.5	4129.428571
537.875	4129.875
987.4545455	4130.212121
927.0606061	4132.181818
353	4132
588.875	4132.125
816.8536585	4132.560976
724.5	4135.5
1100.5	4137.5
603.6666667	4138.333333
699.7105263	4138.578947
889.0851064	4137.319149
908.8918919	4138.27027
348	4138.75
824.5	4140
651.1111111	4141.722222
858.2105263	4142.263158
428.1764706	4141.545455
799.2903226	4144.451613
808.5454545	4145.818182
408	4147
825.5185185	4147.111111
688.0909091	4147.909091
892.0512821	4148.666667
436	4152.5
444	4153
796.3589744	4154.948718
426.6052632	4155
598.85	4155.075
673.7142857	4155.666667
991.5	4155.5
637.5	4156.5
645.5625	4156.75
900.6363636	4157.5
435.6129032	4157.967742
499.2857143	4158.095238
817.32	4160.32
916.3846154	4160.615385
860.9259259	4161.814815
424	4163
890.0833333	4162.416667
429	4164
442.5	4164
477.9354839	4164.419355
805.3333333	4163.733333
712.6666667	4166.333333
736.3823529	4166.617647
840.1111111	4167.333333
814.625	4168
878.0909091	4167.909091
425.6	4169.2
825.4545455	4170.787879
467	4172
730	4176.266667
853.7636364	4176.672727
644.1153846	4178.038462
696.2903226	4178.193548
133.8888889	4179.333333
674	4180.714286
680.0833333	4180.333333
577	4183
870.2916667	4183
1113	4184
137.8	4187
455.5	4186.714286
828.0909091	4187.484848
856.5789474	4187.105263
433.2857143	4188.085714
892.4814815	4190.592593
374	4197.5
577	4197
861.7894737	4200.105263
132.5	4203.5
844.4583333	4202.625
892.8478261	4205.608696
800	4206.5
946.2580645	4206.612903
1156	4206.5
835.5294118	4209.294118
738.2608696	4209.565217
827	4217
862	4218.357143
685.8	4219.4
814	4219.5
395.9666667	4222.333333
928.875	4222.333333
1136.5	4222.5
460.7555556	4222.711111
854.2222222	4223.037037
875.2307692	4226.692308
875.5	4232.5
963.18	4232.42
690.125	4234.875
915.4	4237.866667
1039.5	4237.5
570.4444444	4239.407407
968.6153846	4239.384615
843.4883721	4243.837209
862.5	4244
878.84	4244.626667
901.2352941	4247.588235
961.875	4247.75
980.3333333	4248.375
917.5	4249.714286
499	4251
971.875	4251.125
1039	4255.5
957	4257
852.5	4259.5
409.5428571	4261.714286
575	4263.5
600.9655172	4264.793103
1105.285714	4265
865.0909091	4269.424242
967.3571429	4268.857143
1174	4270.285714
930.6666667	4274.761905
1153.5	4277
884.5555556	4279.666667
990	4283.5
909.7142857	4286
819.5	4287
1057	4288
835.5	4289.277778
940.084507	4289.309859
911.0666667	4290.4
1149.5	4290
846.4117647	4293.382353
938.3846154	4297.615385
892.4375	4299.75
959.24	4301.2
880.4606061	4299.412121
885.5	4306.5
827.75	4307
940.6285714	4308.771429
689.3333333	4309.333333
993.825	4314.3
914.5	4317.5
939.5	4318.5
1155.5	4322
931.4	4325.04
854.4186047	4329.023256
880.0571429	4329.285714
322.9285714	4331.571429
847.1333333	4334.466667
894.3333333	4334.333333
919.3333333	4334
953.8275862	4334.896552
970	4335
895	4337
932.1363636	4336.886364
817	4340
888.3333333	4340.666667
826.7142857	4343.5
841.12	4345.88
930.6585366	4350.097561
819.7777778	4351.944444
865.6538462	4353.346154
881.7241379	4356.206897
1142.714286	4356
853.875	4357.125
836.1666667	4358.083333
854.1666667	4364.166667
835.3	4371.55
902.25	4374.25
966.375	4375.8
930.3333333	4377.666667
922.0909091	4380.636364
885	4381
1046	4383.5
460.3442623	4383.803279
859.95	4385.6
908.5	4386.785714
469	4387.5
603.0967742	4387.258065
866.2	4388.4
881.6875	4388.875
414.25	4392.1875
348.5	4394.5
629.6	4395.24
827.1818182	4395.454545
343	4396.5
868.5333333	4397.133333
937.8064516	4397.096774
517.2368421	4400.710526
887.5	4403.5
634.5	4408.5
987.8181818	4408.5
546.7222222	4410.888889
593.9130435	4412.695652
602.9473684	4411.789474
954.24	4415.96
909.4864865	4419.972973
438.7777778	4425
450.3333333	4426.333333
867.5	4425.785714
593.6153846	4427.615385
948.8888889	4427.333333
846.2222222	4429.296296
984.6666667	4430.75
519.5	4432
893	4435.5
962.875	4435.875
1059.590909	4438.181818
872.7719298	4439.912281
826.0909091	4440.30303
1011	4441.714286
891.9803922	4442.490196
793.5925926	4445.740741
1154	4446.2
573	4447.064516
625.2592593	4450.592593
568.125	4453
370.5	4454
639.4137931	4454.413793
905.3939394	4456.181818
948.0454545	4456.636364
617.4	4458.2
654	4458
809.6666667	4459.333333
875.1333333	4459.2
553.2678571	4460.517857
719.6666667	4463.333333
901.5625	4461.78125
1030	4469
887	4473.178571
587.75	4475.25
652	4476
909.95	4476.9
601.4545455	4478
637.96875	4479.96875
924.0232558	4481.418605
654.6153846	4482.615385
821	4482.136364
599.326087	4484.608696
895.075	4487.05
649.5	4489
953.5	4489
401.125	4490.875
909.7222222	4492.5
875.2	4493.6
426.875	4496.875
586.0909091	4497.090909
729.5	4500
839.4	4502.8
885.8139535	4503.395349
648.1346154	4505.480769
931.08	4508.56
1024.125	4508.125
687	4511
589.6666667	4512.111111
683	4513.5
901.7142857	4513
604.7777778	4517.722222
693.4166667	4518.25
869.4482759	4517.413793
686.6666667	4518.111111
952.6296296	4519.407407
561.5	4522
859.1351351	4522.864865
610.8461538	4526.538462
954.2592593	4527.740741
824.3333333	4531.333333
985.5	4534.5
675	4535
698.5	4535
644.6451613	4543.516129
1042	4545
952.5	4546.5
1035.166667	4548.333333
665.6	4549.4
932.3333333	4550.416667
1164.5	4551.5
605.4166667	4553.25
605.3333333	4558.111111
729.5	4558.5
918.5	4560.5
617.5	4563.5
730.7941176	4564
883.3809524	4564.428571
916	4564
711.4347826	4569.913043
768.7857143	4570.642857
734.0833333	4572.791667
618.3170732	4574.146341
631.1	4575.9
941	4576.5
962.9090909	4579.636364
1037.125	4579.875
638.5	4581.5
986.5	4585.5
820	4589.5
884.1538462	4590.923077
542.9130435	4595.347826
794.8571429	4596.928571
908.5789474	4603.684211
914.5	4608
643.8333333	4609.166667
1148.5	4609
977	4612
681.6666667	4613.75
783.3333333	4620.111111
928.8	4619.6
1129.5	4622
985.5	4628
682.6153846	4631.615385
338.5	4639
1079.666667	4641.083333
869.3617021	4642.468085
386.3809524	4645.428571
853	4647
800.8	4649
1058	4651
784.9090909	4652
835.1428571	4654.928571
658.25	4660.333333
849.5333333	4661.133333
802.8857143	4671.028571
1103.666667	4672.333333
781.6315789	4673.473684
417	4674
646.1578947	4674.157895
729.5	4675.5
1040.5	4677.5
721.3846154	4678.384615
881.3428571	4680.028571
782.5151515	4681.090909
633.6585366	4682.439024
940	4684.5
760.4	4685.56
843	4686.8
953.875	4687.125
769.5	4690
745.6	4691.4
667	4693.285714
1039.666667	4699.333333
719	4700.368421
620.3846154	4707.384615
923.5	4708
781.3846154	4711.384615
898.1578947	4714.157895
682	4719.5
855.09375	4722.53125
817.5925926	4724.555556
921	4724
871.6818182	4726.636364
679.6	4727.966667
808.5	4728
832	4729.5
751.96	4729.76
678.5	4734.5
667	4737
735	4739.826087
763	4739.5
613.8181818	4740.363636
565.5	4744
505.5	4747.5
878.8888889	4749.074074
908.5	4749
625.2923077	4752.276923
777	4751.5
636.8387097	4752.387097
864.1071429	4754.678571
552.575	4755.75
665.8823529	4761.470588
729.3877551	4761.428571
361.3703704	4762
697.0740741	4762.592593
542.7142857	4764
633.5	4764.5
556	4765.395349
528.9210526	4767.447368
785.5	4767.2
796.3333333	4770.333333
801.7142857	4774
862.1571429	4773.228571
672	4775
569.8857143	4775.885714
583.6315789	4775.947368
683	4777.285714
599.4074074	4778.518519
651.75	4778.4
844	4782
559.1284404	4781.917431
756.1666667	4783.722222
662.8965517	4785.413793
804.15625	4786.375
828.0697674	4787
715.8461538	4787.538462
854.2272727	4786.909091
650.8611111	4788.916667
812.7272727	4787.5
532.2051282	4789.384615
767.4	4789.4
784.7826087	4791.913043
824.5	4792.5
543.5483871	4793.806452
559.4166667	4795.75
772.5454545	4795.363636
568.3414634	4795.95122
711.1547619	4796.011905
758.5	4798.178571
593.6410256	4798.794872
886.6052632	4799.631579
805	4803
508.6153846	4807.384615
737.9090909	4808.484848
607.1111111	4811.666667
636.2307692	4811.692308
840.2857143	4811.238095
580	4812
667.1818182	4814.333333
717.4	4814.688889
695.7386364	4818.102273
837.2857143	4818.892857
565.5	4820
651.4516129	4821.419355
611.8888889	4823.333333
675.3	4823.1
716.826087	4823.565217
821.25	4825.05
643.2682927	4827.365854
812	4831
549.1111111	4836.333333
799.5	4837
623	4838.173913
1010.545455	4838.363636
681.0147059	4841.029412
712.9230769	4839.576923
1075	4839
548.3846154	4841.538462
772.6333333	4841.366667
579.0833333	4842.666667
698.56	4842.68
783.7352941	4843.617647
626	4844
766.4333333	4846.666667
553.5	4847.5
599.2592593	4847.259259
654.4117647	4847.882353
611.1282051	4850.333333
746.8	4851
758.0909091	4851.363636
534.6666667	4853.666667
622.925	4853.95
687	4854.285714
660	4855.5
778.7111111	4857.377778
610.3235294	4858.588235
867.5	4858.5
756.6521739	4860.347826
799.3461538	4861.653846
734	4864
720.8965517	4866.068966
805.0869565	4864.565217
620.3846154	4866.384615
793.3636364	4866.090909
837.9259259	4866.407407
638.0571429	4867.714286
747.3653846	4869.403846
607.6	4868.76
618	4870
685.8461538	4870.025641
593.6551724	4871.137931
795.5	4871
824.6666667	4871.111111
563.7777778	4873.611111
786	4874
857.5466667	4874.306667
917.4074074	4875.481481
737.1111111	4876.666667
610.7777778	4877.5
630.5	4882
641.4545455	4882.818182
612.9354839	4883.870968
649.4	4883.2
674.5098039	4883.921569
569.6153846	4885.615385
728.4	4885.6
827.0909091	4885.363636
579.44	4886.4
814.5	4888
657.5882353	4889.117647
884.8387097	4889.83871
864.1923077	4891.576923
648.4074074	4892.740741
701.5	4893.5
706.2631579	4897.421053
892.0555556	4896.888889
571.7333333	4899.866667
678	4899.193548
725.4	4898.8
871.15625	4899.8125
515.64	4899.76
799.9411765	4899.764706
1007.25	4900
557.5	4900.785714
891.8	4902.8
697.075	4902.775
608.7826087	4904.086957
777.3695652	4905
704.3714286	4906.428571
649.5	4908
680.9655172	4909.586207
756.5813953	4909.744186
788.6666667	4909.111111
751	4912
598	4914.5
790.9166667	4914.083333
868.137931	4916.172414
891.0625	4915.875
636.6666667	4917.125
826.8709677	4917.16129
796.875	4917.666667
580.988764	4919.47191
782.0909091	4919.909091
843.6388889	4920.592593
692.0909091	4921.068182
717.0238095	4922.238095
936.0909091	4922.090909
1004.333333	4922.666667
645	4923
673	4923
570.1538462	4925.538462
899.5	4925
679.1176471	4927.588235
892.7666667	4929.133333
590.5833333	4931.75
646.3793103	4930.862069
660.7830189	4932.311321
496	4933
507.7142857	4934.5
898.0909091	4936.121212
577.3137255	4937.54902
499.85	4937.95
635.5	4940.214286
764.7272727	4939.863636
674.7	4941.657143
836	4941.071429
890.5	4941.5
725.6216216	4942.405405
798.3947368	4943.342105
566.4516129	4944.193548
452.5	4945.2
742.6153846	4945.384615
526.6333333	4947.7
887.0357143	4947.107143
659.5172414	4947.896552
752.7142857	4948
719.6153846	4950.384615
920.84375	4950.84375
571.5	4952
789.1463415	4955.804878
702.1666667	4958.166667
692.1627907	4959
655.7241379	4963.655172
792	4965.5
825.4444444	4965.777778
852.6440678	4970.237288
665.4324324	4972.081081
687.8965517	4973.586207
754.875	4974.875
744.4615385	4975.371795
788.547619	4974.952381
848	4975.5
619.2	4975.6
778.3157895	4977.052632
760.7	4978.3
596.5	4979.230769
812.09375	4979.5
750.6153846	4980.384615
819.3684211	4981.263158
591	4984.5
835.4210526	4984.578947
666.3333333	4985.333333
720.6	4987.4
747.4761905	4986.619048
761	4987
773	4988.8
740.4230769	4991.846154
643.8382353	4992.132353
786.9565217	4992.26087
813.62	4992.74
314	4994
590.6428571	4994.357143
599.6666667	4994.333333
671	4994.5
770.627451	4994.941176
822.974359	4997.615385
834.5	4998.5
529	4998.75
662.9444444	4998.916667
726	5000.5
749.5555556	4999.866667
602.2	5000.963636
761.5	5001.8
696.12	5004.28
535.1904762	5004.761905
590.2857143	5006.357143
783	5006.5
661.1956522	5008.934783
841.2647059	5011.794118
627.1818182	5012.181818
759	5012.5
639.8125	5015.1875
701.5428571	5015.085714
826.5	5015
726.875	5016.875
597.0714286	5017.464286
851.5	5017
684.3913043	5019.26087
840.8837209	5020.325581
873.6315789	5020.052632
584.2857143	5023
696.5151515	5028.909091
589.2857143	5032.5
914.3333333	5031.888889
848	5033.148148
820.6129032	5035.435484
625.7142857	5037
592.1666667	5037.833333
712	5038.210526
778.3461538	5039.115385
647	5040.5
753	5043
586.8888889	5047.666667
614.15	5048.7
701.8928571	5047.964286
784.7368421	5048.394737
661	5050.714286
353	5052
826.3666667	5052.366667
737	5053.5
797.95	5053.75
607.3636364	5060.909091
673.8076923	5061.384615
711.9285714	5064.892857
874.4347826	5065.347826
735	5066
795	5069.833333
665.5	5071
786.9268293	5070.268293
635.0882353	5072.794118
704.5757576	5072.575758
714.7096774	5073.451613
846.76	5073.04
616.8333333	5077.266667
699.5	5078
724.875	5078.333333
643.5	5079
676.6363636	5081.090909
779.4473684	5084.368421
612.7894737	5086
707.2222222	5085.888889
625.6060606	5089.484848
741.7636364	5090.672727
646.5	5092.111111
610.0588235	5094.323529
621.5	5096
635.5	5096.5
685.0243902	5098.878049
619.64	5101.24
722.3076923	5102
677.7241379	5103.103448
612.4242424	5104.939394
779.6666667	5106.111111
725.9	5108.05
651.5	5111
599.4814815	5112.703704
626	5113
739.7291667	5114.125
765	5113
836.75	5115
722	5118.5
681.3809524	5120.428571
837.9285714	5121.928571
768.5675676	5123.756757
780.7777778	5128.5
891.5	5129.633333
614.4761905	5135.52381
725.7857143	5138.5
746	5138
766.1153846	5139.692308
791.5454545	5141.636364
566	5144
709.3846154	5145.615385
777.4516129	5146.387097
638.7777778	5147
721.8823529	5148.411765
762.9615385	5150.307692
712.7142857	5151.5
635.9722222	5154.638889
770.2592593	5157.592593
675.25	5158.5625
784.2857143	5158
713.6666667	5160.222222
724	5161.5
795.9090909	5160.515152
646.4090909	5162
692.05	5162.9
603.2105263	5165.631579
785.2580645	5166.612903
802.3333333	5166.266667
685.5	5168.5
733	5170
772.9705882	5169.382353
654.0869565	5171.217391
755.3846154	5171.384615
662	5171.75
718.9375	5177.4375
670.7428571	5177.457143
684.6923077	5179.538462
817.1333333	5182.533333
638.6071429	5184.642857
770.8529412	5184.970588
691.2857143	5186.5
791	5186
791.76	5188.84
711.6190476	5189.047619
690.5	5191.5
828.875	5191.875
742.9473684	5192.789474
756.1315789	5195.236842
632	5196.5
698.2692308	5197.384615
723	5197.285714
686.0277778	5198.416667
653.8888889	5199.277778
780.9879518	5200.385542
797	5201.8
1039.5	5202.5
717.04	5204.16
723.5	5204
641.8181818	5205.181818
607.8823529	5206.411765
848.0967742	5206.83871
647.2941176	5209.235294
838.1818182	5211.030303
598.1578947	5212.842105
658.6451613	5213.193548
702.6875	5213.90625
472.0833333	5215.833333
748.2857143	5215
615.7368421	5219.578947
645.6666667	5225.296296
623	5226.5
754	5228
691.5	5229.5
718.0923077	5228.938462
651.1818182	5234.818182
612	5238.5
637.4242424	5241.757576
725.5	5245.5
652.952381	5249.190476
762.96	5251.4
669	5256.285714
561	5257.285714
751.0384615	5259.230769
664.1176471	5260.588235
639.8275862	5262.275862
680.5555556	5260.888889
797.3571429	5261.047619
734.2580645	5262.354839
671.3846154	5264.615385
807	5265.5
626	5266.5
769.875	5268.125
678.5	5272
910.5	5274
714.2857143	5278.047619
778.8846154	5278.038462
803.3793103	5278
734.875	5280.875
742.375	5280.75
792.4285714	5283.380952
693	5289
617.7857143	5291.821429
702.7058824	5292.5
733.5	5292.5
790.8888889	5292.944444
648.6571429	5294.485714
519.1666667	5298.833333
708	5300
596.3666667	5303.366667
719.952381	5303.190476
639	5304.5
522.7142857	5307
817.2857143	5307
654.4285714	5309
727	5312.5
571.483871	5312.645161
791	5313.5
624.3225806	5316.548387
685.3935185	5315.768519
771.5	5318.285714
736.6111111	5320.75
609	5325.8
586.5	5327.382353
688.8333333	5327.166667
780.7333333	5327.533333
630	5328.5
663.1481481	5329
596.7142857	5330
645.9189189	5330.554054
801.5882353	5333.411765
613.8421053	5335.736842
956.8571429	5334.214286
593.5	5340
664.6774194	5341.290323
791.8888889	5340.925926
830	5344
618.5	5345.5
723.1333333	5344.9
701.2413793	5346.551724
715.7407407	5352.444444
623.2580645	5354.516129
609.2380952	5354.952381
637.0714286	5355.142857
600.6538462	5358.538462
707.4	5360.6
747.25	5370.775
767.5	5370.5
636.3	5373.1
737.9090909	5372.818182
727.5151515	5379.454545
692.875	5382.125
671.9268293	5383.756098
749.5	5383.785714
613.5	5385
736.8125	5388.6875
645.8461538	5390.769231
621.34375	5392.96875
538.5	5394.5
732.6071429	5395.821429
740	5397.5
682.84375	5398.875
750.7777778	5401.037037
644.9726027	5402.054795
704.575	5402.875
665	5405.5
525.8	5407.4
709.875	5408.333333
593.4651163	5409.930233
602.3636364	5409.090909
645	5412.714286
599.2121212	5415.060606
681.8611111	5415.333333
771.96	5416.6
638.75	5420
601.6111111	5423.861111
697.7142857	5432
717.6470588	5432.058824
618.4814815	5432.592593
756	5433
745.95	5434.725
735.3076923	5437.230769
680.5	5440.294118
482.5862069	5444.448276
959	5444.5
586.3333333	5447.111111
567	5448
618.125	5447.875
349.5	5451
385.1818182	5452.818182
525.5	5452
604.8095238	5454.142857
862.4	5462.2
748.3333333	5463.333333
556.2962963	5463.666667
618.6111111	5463.777778
701.8	5464.5
667.3846154	5468.615385
772.1818182	5475.181818
702.5	5476.607143
594.125	5477.3125
441.5	5478.2
615.0909091	5484.818182
666	5484.75
886.5	5491
607.4347826	5495.086957
633.2903226	5499.870968
627.0909091	5510.787879
616.5517241	5515.413793
671.5652174	5523.913043
627	5529.181818
669	5531
678.5806452	5537.548387
452.9230769	5539.423077
655.9130435	5538.391304
702.8947368	5538
661.1	5552.95
675.2380952	5553.666667
604.1142857	5557.457143
898.5	5562
672.3333333	5563.291667
682.1111111	5568.722222
671.3666667	5580.633333
752.8717949	5581.692308
480.0833333	5586.083333
496.7272727	5594.5
587	5596.5
720	5600.5
617.5862069	5605.551724
625.2	5607.5
641.3448276	5606.758621
828.5	5610.2
691	5611.794872
633.0967742	5611.806452
648.4285714	5617.678571
613.625	5654.1875
607.8823529	5660.588235
618.3846154	5664.615385
583.5862069	5696.275862
358	5701
579	5717
768	5719.714286
567.2857143	5723.5
553.5	5726.5
600.5185185	5733.592593
584	5736.5
549.7142857	5741.285714
538.1666667	5751.833333
550.972973	5754.783784
508	5757.5
559.4444444	5758.866667
546.5	5765
495	5768
547.375	5776.15625
518.0666667	5785.516667
536.35	5787.5
736	5793
609.4074074	5794.185185
575.5	5796
597.6111111	5810.138889
513.15625	5812.625
586.2307692	5817.153846
617.4117647	5819.117647
525.6666667	5820.5
503.9	5828.95
609	5836
791.2	5840.4
501	5848
555.8461538	5853.538462
573.9545455	5853.272727
522	5857
503.4736842	5860.5
540.3030303	5870.909091
577.4	5870.6
557.24	5871.64
522.1666667	5873.833333
573.2105263	5877.631579
565	5878
566.6	5883.52
557.5	5891.5
522.5	5901
549.2777778	5904.611111
603.2857143	5912
530.0869565	5914.391304
539.6341463	5916.853659
530.2857143	5920
424.4736842	5922.078947
532.875	5933.125
564.7096774	5941.258065
508.25	5954.75
505	5965.5
488.3333333	6009.7
468.7647059	6024.823529
507.8275862	6031.931034
514.1578947	6046.842105
514.7857143	6059.25
568.3333333	6060.333333
334.5	6063.5
365	6106
594	6135.5
614.8333333	6262.833333
480	6364
433.5	6420
