X	Y
0	0
0	6000
6000	0
6000	6000
272.5348837	124.9302326
184	129
243.6976744	141.5116279
183.1136364	150.3863636
210.9156627	174.8795181
536.66	186.04
551.1904762	191.7142857
166.6875	205.03125
477	210
339.26	217.84
674.0882353	218.5
568.4444444	229.7777778
491.0634921	237.2063492
263.5882353	240.2941176
272	240
410.3888889	246.1388889
346.2941176	248.5588235
422.9333333	249.4444444
641.625	251
401.0909091	254.4318182
716.3448276	254.3448276
424.6666667	256.9
438.5775862	258.1551724
508.0126582	260.3797468
449.7431193	263.412844
433	263.0196078
496.1941748	264.3592233
426.6526316	265.5157895
441.9462366	269.172043
451.2894737	268.4210526
420.625	268.375
434.2	271.1
460.4666667	270.2444444
495.4615385	271.1538462
502.0816327	270.0204082
422.0625	271.6875
446.1627907	276.6511628
452.5384615	273.9230769
505.6666667	274.3333333
439.5079365	277.6984127
491.2380952	275.8095238
498.6271186	276.8305085
428.9915254	277.8050847
502.7	277.7
408.875	278.7625
507.5384615	279.4038462
418.0779221	276.9155844
400.5	279.3548387
481.5348837	280
606.7916667	281.5625
438.2083333	282.5
451.6103896	285.1428571
478.3	285.1
473.0238095	288.047619
405.5263158	286.2807018
416.1326531	287.5612245
497.7843137	289.1960784
389.5789474	288.5789474
396.1489362	289.212766
400.2727273	287.5454545
707.2264151	289.509434
424.1728395	290.2592593
433.5862069	287.5517241
439.9076923	290.8923077
504.245283	288.6226415
479.9487179	292.1794872
430.4383562	294.1232877
405.862069	294.3218391
494.7368421	296.1315789
393.3125	295.3125
477.3333333	297.1904762
397.8780488	296.3658537
404.46875	299.0625
423.7884615	298.8846154
457.3333333	299.1111111
393.9848485	300.4545455
400.88	305.22
484.8023256	299.5697674
479.6923077	303.1794872
437.18	306.08
447.8615385	304.1230769
514.3846154	305.0769231
594.0816327	306.6734694
408.1	306.95
762.5769231	307.0769231
488.2666667	306.5333333
546.5454545	307.8636364
692.0869565	307.7391304
462.4705882	308.2
493.6144578	309.6506024
524.7090909	308.4181818
477.028169	310.5070423
518.746988	313.1686747
443.9375	311.8958333
453.3829787	310.3191489
449.2258065	314
486.68	312.52
426.0119048	315.202381
431.8571429	314.2285714
439.4117647	314.9411765
455.2727273	314.5909091
481.826087	314.6304348
594.0434783	315.2608696
409.9066667	314.96
420	316
458.3333333	317.1944444
446.7916667	319
478.1538462	318.5384615
485.7333333	319.0666667
441.1917808	321.7534247
463.0434783	321.6304348
473.078125	321.453125
491.5434783	323.9782609
539.0175439	321.5964912
436.4666667	323.8666667
481.5688073	327.1651376
515.516129	325.6774194
542.5	325.0384615
546.1	327.4
563.5106383	327.7234043
540.8970588	331.7941176
449.1927711	331.6385542
534.2758621	331.7241379
549.8444444	332.6222222
404.047619	333.4285714
480.8431373	335.0784314
534.7391304	336.5217391
514.2477876	338.2123894
425.1136364	338.3636364
537.7068966	341.6206897
545.4375	339.9625
430.344086	342
391.96	350.12
538.2666667	349.6666667
509.0714286	352.5
413.25	357.0833333
457.6521739	356.9782609
393.5	361.0625
427.3333333	360.8571429
432.3478261	363.3913043
549.5	363.5
554.4090909	363.8409091
837.2352941	368.1764706
478.8870968	370.1290323
474.8	374.12
523.8837209	376.1162791
832.5925926	374.6666667
500.9846154	380.1384615
826.25	382.375
341.3888889	385.2777778
821.7083333	384.7083333
874.5	385
818.125	387.375
813.0769231	390.8461538
402.0540541	390.5135135
425.8703704	391.1851852
409.0888889	392.5555556
312	394
556.0277778	394.25
432.1315789	396.9868421
466.125	395.875
547.3513514	395.7837838
806.0434783	397.9347826
523.5	396.5
523.5	400.2
548.0294118	400.6764706
554.125	401.2083333
400.0512821	401.3333333
472.372549	404.9019608
410.925	403.2
422.0508475	403.0677966
463.9010989	403.4395604
573.3428571	402.8
536.64	402.3866667
481.7222222	409.8888889
511.826087	409
539.382716	409.4938272
215.4285714	411.5714286
300.2037037	411.7037037
220.6595745	416.5319149
535.7111111	415.0666667
295.1052632	417.4736842
808.6506024	415.1204819
533.7857143	418.9285714
543.9318182	417.5227273
538.5625	419.25
663.88	421.34
290.7894737	421.1052632
287.0434783	425.2608696
432.0322581	424.1935484
530.026087	424.4608696
539.3333333	425.0617284
509.7142857	426.5714286
282.3333333	427.8571429
483.4375	429.8541667
530.5652174	431.4347826
935.65	430.9
321.1463415	435.7317073
502.3448276	435.2068966
490.8876404	438.3595506
505.6119403	439.3283582
513.9090909	439.2727273
519.0208333	438.3125
523.3333333	440.6666667
483.0645161	441.516129
488.1176471	443.1764706
505.5689655	445.6896552
512.2083333	444.9583333
726.3728814	446.4745763
306.8787879	447.6060606
523.8067227	448.092437
513.8	451.2933333
537.0172414	449.9310345
502.1666667	453.0757576
522.1578947	456.5
336.2352941	460.8823529
513.0567376	459.2198582
478.8809524	462.0714286
333.1612903	466.5483871
776.8604651	468.2790698
503.6333333	469.6333333
511.2666667	470.2
518.2708333	472.5
866.6896552	472.5517241
328.0843373	475.7228916
727.3	477.125
250.4285714	483.6190476
326.6818182	486.5
592.1818182	488.030303
600.75	488.9375
327.4210526	494.0263158
328.4285714	498.8095238
776.8888889	500.6666667
776	504.2
333.1147541	504.2622951
657.4693878	505.0204082
648.7162162	508.972973
340.94	509.88
656.5614035	510.7368421
661.28125	513.71875
682.0588235	514.1176471
666.8510638	515.0638298
711.9148936	517.0638298
495.3448276	518.7068966
662.2105263	520.2368421
670.5454545	520.5568182
676.8	516.96
688.6451613	520.9516129
843.5	520.8
592.6226415	522.1320755
679.4603175	524.5714286
360.1904762	528.4761905
602.4285714	529.1904762
630.6637168	529.2477876
741.8787879	528.969697
650.3333333	532
664.72	532.18
362.3571429	534.5
954.5925926	534.1851852
620.7222222	535.5555556
705.4821429	534.8571429
711.5485714	538.32
1043.142857	535.9285714
668.7037037	535.962963
719.6986301	539.7260274
663.2888889	540.2
698.9466667	539.64
640.71875	539.375
649.9367089	541.0126582
670.0714286	541.9642857
737.3617021	540.9787234
752.8181818	538.7878788
658.4285714	542.0952381
724.952381	541.4285714
753.6	543.55
591.3658537	543.9512195
644.673913	545.6956522
682.9666667	545.3
730.68	545.5
649.3333333	547.2222222
713.3037975	550.443038
676.7525773	547.5360825
724.4237288	550.7118644
655.7714286	549.6857143
649.5151515	551.4242424
757.5925926	549.962963
628.7	553.7
670.5555556	553.7777778
680.2083333	554
737.9090909	548.8760331
642.6666667	553.8095238
701.223301	557.2038835
729.3559322	555.8813559
689.5142857	555.6142857
738.7820513	557.4358974
635.984375	557.046875
720.425	558.8
741.875	559.875
482.2948718	560.9871795
692.16	561.92
653.75	560.5
705.0909091	561.6818182
744.6	564.0272727
471.6666667	563.6444444
490.9	563.6666667
495.3	566.1
731.3	563.2857143
790.8888889	563.6888889
658.7435897	563.9230769
665.7948718	565.3076923
688.0789474	566.7105263
713.390625	564.3671875
797.1451613	565.4032258
730.4487179	572.224359
800.9714286	569.2285714
500.1923077	570.0192308
639.2117647	569.9882353
663.4295775	570.7183099
699.2197802	568.8131868
792.8932039	574.3300971
646.5185185	568.6666667
707.8023256	569.6976744
682.5	571.5
692.6666667	570.6363636
762.9518072	574.4457831
400.1333333	574.5333333
647.4615385	573.1923077
653.2857143	573.1785714
658.3207547	575.8301887
687	573.2368421
752.4656489	571.8549618
801.6216216	573.2972973
810.7956989	573.311828
504.3461538	574.6538462
560	575
651	576.6875
698	576.3513514
710.6842105	577.0789474
804.8636364	579.0757576
639.7471264	578.6436782
689.1086957	577.7391304
737.4615385	577.8461538
678.7906977	578.3953488
703.8157895	578.3947368
720.2153846	577
741.1	578.7
890.1428571	577.6428571
400.0384615	578.5
505.44	580.86
746.1333333	579.2666667
648.0560748	583.4018692
668.35	579.55
861.3658537	579.5365854
693.5243902	582.3292683
715.0652174	581.0652174
741.6	586.4588235
800.7058824	583.9705882
816	584.0857143
866.3559322	585.7966102
676.5203252	585.5853659
707.8205128	584.2051282
714.0416667	586.4791667
720.1818182	585.8636364
857.1509434	587.1132075
690.525	589.425
646.3488372	592.6744186
700.6434109	588.7984496
660.2475248	591.6039604
859.7222222	592.1388889
848.5375	593.225
1082.541667	592.25
708.8333333	591.7142857
680.7008547	592.7435897
716.5170455	598.7386364
757.6410256	595.8974359
853.7619048	595.9047619
709.3846154	596.7692308
604	598.1935484
864.9672131	597.0163934
683.2903226	600.8790323
908.0537634	599.7096774
338.8421053	600.2631579
844.6363636	600.5454545
856.5135135	601.3378378
879.7272727	599.7272727
693.5851064	598.0957447
649.1428571	600.8367347
668.8717949	602.2051282
707.3619048	603.3142857
870.4761905	601.2857143
900.96875	600.375
655.6810345	603.8534483
675.8490566	602.3773585
882.8461538	602.7307692
930.9298246	602.4035088
721.4242424	601.9090909
777.5616438	604.2191781
900.7222222	605.6666667
699.76	603.95
726.9342105	604.8421053
876.1125	604.9
905.4615385	604.7692308
690.92	605.68
819.8245614	606.5087719
862.5972222	606.3333333
674.8	607.84
853.875	607.125
893.21875	605.984375
735.0882353	607.8823529
753.0824742	608.1340206
823.5833333	608.8333333
758.6	608.4
884.5	609.8333333
895.862069	610.3448276
909.6744186	609.4883721
691.0681818	610.0909091
717.9473684	611.6447368
764.7596154	609.5096154
682.1484375	612.703125
727.9032258	611.5
759.5517241	614.5517241
838.2	610.08
904.0652174	612.9130435
664.3490566	611.1886792
541.9	613.05
755.1	615.3
720.4	617.0666667
892.4655172	614.8275862
898.962963	616.8148148
671.1875	616.6875
748.0126582	616.278481
838.9255319	617.4255319
826.2291667	618.1666667
861.8673469	616.7346939
485.5098039	619.4509804
683.9767442	621.0465116
662.5333333	620.3666667
756.2307692	620
891.047619	621.3928571
759.7073171	622.7073171
750.5882353	624.1176471
832.5263158	624.1578947
781.4022989	625.3563218
622.627451	626.0784314
757.972973	628.1891892
1091.125	626.125
858.4554455	627.9009901
975.7457627	628.9661017
765.8837209	626.7906977
461.2941176	630.254902
676.1	630.35
762.3793103	632
688.5517241	630.6724138
696.2957746	635.6619718
721.2222222	634.4444444
757.5882353	635.3235294
926.6153846	634.6153846
768.3854167	633.3854167
874.1777778	634.6222222
931	634.8636364
1082.283333	633.2
627.2686567	636
829.3448276	636
856.3333333	637.9583333
749.2718447	639.2427184
1162.388889	638.8888889
685.4	639.8
773.75	638.5131579
831.3461538	642.0769231
864.2307692	639.1794872
714.5757576	640.3484848
782.2972973	639.8918919
711.826087	642
773.6153846	643.8076923
501.015873	644.2857143
703.1	645.08
742.625	645.03125
735.6619718	643.0774648
947	646.2830189
777.2758621	647.4827586
738.0869565	651
756.9591837	652.1428571
762.5483871	652.6129032
639.5142857	652.9142857
725.5543478	651.3804348
733.5964912	654.8947368
931.3017241	655.2672414
360.2	656
404.1111111	657.6222222
746.2616822	661
397.9285714	662.6428571
959.1458333	672.8125
924.027027	674.2027027
961.4722222	678.0277778
930.8117647	679.3764706
383.0909091	681.2181818
474.1568627	681.4901961
794.55	682.15
839.706422	683.8807339
915.75	682.75
1155.885246	681.5737705
788.4444444	684.1428571
874.0789474	685.9210526
800.5	686.64
921.1025641	689.3589744
814.8769231	690.5538462
793.5454545	692.6590909
823.6736842	690.3368421
917.2985075	693.6865672
940.6629213	691.5842697
912.4130435	693.4347826
819.0263158	696.5
879.5517241	694.5517241
787.8787879	695
848.8222222	695.5777778
423.8378378	698.0810811
857.7073171	698.5609756
842.7586207	699.6896552
874.6760563	700.8169014
944.9836066	703.704918
1087.515152	707.3939394
938.6071429	706.9285714
876.245283	708
958.9375	709
946.7954545	710.9545455
975.0707965	714.8495575
872.6	712.1428571
886.7692308	713.6666667
877.71875	715.78125
948.6153846	717
959.9493671	715.5443038
881.3870968	715.0645161
873.037037	720.9814815
885.2337662	720.1428571
923.9404762	716.2619048
952.8888889	713.0864198
968.9710145	717.3333333
868.6470588	718.0392157
893.36	719.36
959.6470588	722.7352941
875.5652174	725.8043478
953.6666667	724.1190476
891.2195122	724.6097561
981.6849315	724.1643836
870.2	727.3333333
886.5588235	726.6764706
927.6764706	726.2941176
880.0338983	729.4237288
957.8275862	729.6724138
944.6268657	730.1791045
882.5555556	732.7777778
866.7887324	734.1549296
847.4805195	734.6623377
875.7636364	738.0727273
882.3142857	736.8571429
859.5555556	736.0277778
854.6666667	741.1111111
862.5454545	741.2272727
961.0105263	743.2631579
721.8656716	745.1044776
867.8139535	744.255814
669.7666667	746.4666667
672.9491525	752.9491525
874.4285714	754.7857143
1191.925373	758.5223881
1208.415094	758.5283019
869.7014925	760.5820896
871.8556701	769.0515464
895.5961538	769.5384615
1061.722222	774.6851852
836.9090909	778.6363636
494.7333333	786.4
836.88	786.28
829.7578947	787.4
841.2380952	789.7936508
832.0212766	794.8510638
843.9714286	796
836.5142857	796.0285714
840.44	799.88
835.0169492	802.9322034
1037.911765	801.7941176
493.625	803.7916667
446.6888889	806.2444444
503.6153846	808.2692308
835.5	810
818.4117647	811.8823529
494.7333333	819.8
730.5714286	820.0952381
723.7424242	821.0454545
720.6029412	826.7794118
727.6111111	828.1666667
519.9322034	832.5254237
836.4230769	835.1153846
885.6333333	838.2333333
840.4415584	840.8571429
738.8932039	845.2718447
833.4915254	845.220339
781.88	848.6
839.0285714	852.6285714
878.8	856
509.25	859.5
836.5510204	860.5102041
842.375	859.45
865.5714286	859.2857143
1200.915493	860.2676056
882.5068493	861.0547945
872.9113924	861.721519
1194.73913	864.9130435
835.2105263	866.7105263
842.8571429	868.1269841
878.4337349	869.5903614
837.4848485	872
872.5	871.05
868.2876712	869.5068493
840.7719298	877.9824561
886.122449	873.7142857
863.7634409	874.0860215
876.3360656	878.9180328
1156.55102	881.4489796
825.1304348	881.9347826
889.030303	884.2121212
879.6938776	884.5714286
863.8636364	886.9090909
884.1290323	887.516129
878.8947368	891.5
885.5833333	891.8333333
879.7674419	901.244186
893.5769231	896.2538462
885.5411765	901.7411765
964.8461538	899.1923077
958.0277778	900.5555556
498.3	904.2
892.5	904.7307692
851.3267327	905.5940594
506.125	907.5
887.1509434	909.0943396
934.5806452	905.1935484
938.7619048	906.8095238
931.0909091	908.1212121
936.8	911.5
941.0285714	910.8
927.9259259	910.962963
842.05	911.5
934.4166667	913.7916667
862.8440367	914.2385321
857.1666667	916.8333333
929.4603175	916.2698413
944.4576271	916.220339
950.7358491	917.5471698
955.2380952	917.1428571
929.3859649	922.5614035
868.2666667	922.1
831.9444444	921.2037037
1185.512821	920.5641026
1192.880952	920.5
1200.38	922.44
838.3411765	921.4823529
852.7021277	923.8297872
924.4057971	923.4927536
955.8888889	925.2592593
866.8974359	929.5128205
922.9411765	930.1911765
830.2405063	928.9493671
940.125	931.5
955.7142857	932.9285714
945.2702703	934.1486486
824.6557377	933.6885246
479.8604651	935.2093023
837.2753623	934.2463768
921.0606061	934.3333333
489.7826087	939.1304348
869	939.5
919.7464789	938.4788732
825.968254	942.1746032
833.5466667	940.72
840.5348837	943.6744186
862.8382353	940.6764706
937.7142857	944.4642857
833.8548387	948.5322581
743.96875	948.28125
988.1388889	947.625
1007.954545	949.4318182
1214.254545	948.4545455
843.7291667	949.6458333
892.09375	949.515625
858.030303	948.0530303
986.3	952.8333333
831.4761905	955
849.5666667	952.9833333
836.1311475	957.442623
856.0909091	956.5454545
1144.410714	956.5714286
1125.4	957.75
1132.960526	957.1710526
1123.272059	962.2867647
1139.34	961.02
851.525	961.4375
910.7083333	962.9583333
966.0666667	963.6222222
877	966.1666667
799.6842105	967.5
845.7272727	964.4393939
922.5789474	967.5526316
1055.967742	968.7741935
850.4220183	972.0917431
1025.6875	971.1875
1031.616667	971.1666667
954.4375	973.5
850.3928571	978.7857143
732.6842105	981.0263158
1055.818182	979.969697
843.375	982.7083333
1213.4	979.4
1081.75	983.25
1214.1	986.475
728.7575758	987.1818182
843	988.6923077
782.7833333	989.0666667
747.2162162	989.7297297
750.9	991.9
978.0615385	989.5846154
1120.849057	991.8301887
1213.961538	993.2307692
707.875	993.7708333
1213.8	999.6
754.3809524	1000.714286
729.452381	1002.428571
706.6666667	1004.333333
997.5	1011.5
720.8214286	1013.410714
1089.875	1013.84375
727.75	1019.875
925.5	1036.35
1115.382979	1046.085106
664.0666667	1051.366667
922.08	1052.973333
678.5348837	1056.069767
428.5116279	1058.453488
922.5	1062
399.7380952	1063.214286
518.8478261	1063.478261
822.88	1063.24
1166.396226	1062.603774
923.4464286	1069.232143
1097.518519	1069.037037
987.3773585	1070.150943
713.4032258	1071.016129
722.2121212	1074.454545
965.3333333	1075.5
672.4042553	1075.702128
649.44	1077.28
659.675	1078.6625
669.9466667	1080.32
652.9122807	1082.333333
1131.172414	1083.896552
746.8627451	1088.372549
652.893617	1089.659574
648.390625	1093.828125
642.6231884	1098.217391
712.3508772	1101.052632
1169.847458	1103.440678
631.5405405	1101.378378
732.2878788	1104.621212
332.8125	1105.75
680.3829787	1104.361702
577.125	1107.875
676.515625	1109.75
683.2173913	1109.782609
727.2954545	1111.795455
560.0625	1113.25
592.1754386	1112.298246
345.6956522	1115.217391
570.3921569	1114.333333
587.245614	1115.263158
945.5882353	1116.117647
946.2142857	1121
922.5652174	1119.086957
550.2142857	1122.761905
648.3454545	1119.854545
919.5625	1122.9375
652.125	1124.85
646.1685393	1128.438202
662.0140845	1127.633803
919.3846154	1128.384615
636.8550725	1130.26087
961.5	1131.95
642.9333333	1134.288889
652.5090909	1134.236364
677.3	1145.9
681.5555556	1146.5
525.5	1146.5
628.6666667	1146.8
634.8666667	1147.466667
513.3956044	1148.582418
601.5185185	1148.654321
522.122449	1151
620.5	1150.272727
606.9411765	1152.058824
601.0222222	1155.844444
633.6046512	1152.44186
613.5	1153.8625
628.7446809	1153.297872
639.05	1154.4
490.4029851	1155.686567
547.375	1156.541667
553.3571429	1157.285714
622.4776119	1156.328358
606.9333333	1157.333333
629.8461538	1159.923077
639.1724138	1159.034483
834.9459459	1160.432432
609.2083333	1160.666667
623.9583333	1160.666667
898.5862069	1160.87931
601.62	1162.04
582.5	1163.5
626.4230769	1163.615385
596.3589744	1165.153846
605.3333333	1164.952381
611.6705882	1165.541176
632.8333333	1164.333333
514.9230769	1166.076923
685	1165.5
863.5128205	1166.128205
619.5208333	1165.666667
626.5833333	1168.416667
382.1320755	1168.716981
601.8684211	1169.368421
633.6363636	1169.909091
387.3636364	1171.181818
585.4782609	1170.76087
616.7727273	1172.477273
391.125	1172.775
627.875	1173.125
580.3863636	1174.431818
594.9166667	1173.583333
600.3333333	1174.904762
606.1875	1175
827.1111111	1174.666667
589	1176.55
844.3398058	1173.184466
620.7169811	1177.90566
581.8208955	1181.41791
546.453125	1180.65625
552.625	1180.25
567.1818182	1182.159091
622	1187.137931
578.1666667	1188.083333
796.7857143	1188.190476
945.5932203	1187.389831
640.8857143	1188.371429
604.7	1194.8
879.7837838	1194.567568
947.3818182	1197.036364
873.2666667	1197.066667
638.1505376	1197.784946
786.5151515	1197.727273
1013.313433	1198.820896
606.6338028	1204.084507
632.5	1204.2
820.0465116	1202.488372
572.4571429	1205.842857
630.3333333	1206.444444
790.5487805	1208.268293
818.125	1207.375
824.2222222	1206.022222
846.1	1206.675
865.5	1206.388889
642.6052632	1207.868421
548.0526316	1208.614035
785.6754386	1213.263158
817.5645161	1210.612903
861.0606061	1211.515152
867.4347826	1214.521739
814.5	1215.7
577.7368421	1215.842105
847.4583333	1216.083333
567.2592593	1217.222222
857.3409091	1219.477273
873.1875	1220.125
840.3658537	1222.439024
572.1056911	1223.089431
860.4193548	1223.548387
599.2714286	1223.928571
815.6	1224.771429
885.3448276	1224.655172
592.2777778	1226.138889
821.4482759	1226.137931
825.0588235	1227.294118
864.7076923	1226.8
879.0366972	1227.963303
594.2352941	1229.823529
610.3894737	1227.873684
628.9302326	1228.860465
606.3076923	1231.923077
624.1041667	1231.020833
598.9791667	1232.916667
618.0384615	1231.576923
633.4615385	1232.461538
876.2142857	1232.785714
668.3571429	1232.464286
621.5	1236.125
1179.88	1234.24
611.24	1236.1
814.9496403	1236.431655
1002.125	1235.666667
604.5882353	1237.411765
616.9777778	1240.066667
658.8650794	1236.626984
685.6410256	1237.102564
633.8554217	1238.819277
597.0769231	1240.153846
626.2083333	1238.791667
685.2142857	1242.214286
692.7594937	1239.139241
520.125	1240.666667
741.0833333	1240.833333
611.1176471	1242.352941
623.4242424	1243
654.3170732	1243.341463
689.125	1243.75
1177.594203	1241.695652
330.6153846	1242.615385
532.172043	1242.526882
910.2358491	1244.726415
780	1243.350877
807.2068966	1243.568966
828.4634146	1245.268293
713	1247
800.8730159	1248.809524
1176.913043	1249.043478
650.4878049	1248.512195
621.7603306	1249.727273
1173	1250.592593
635.1376147	1252.550459
888.4814815	1252.611111
951.5	1252.5
618.8695652	1256.043478
645.5	1255.75
852.5454545	1254.727273
815.6153846	1256.346154
866.6808511	1256.808511
678.9152542	1258.288136
920.8030303	1256.363636
857.4558824	1260.485294
862.6307692	1255.830769
916	1258.5
945.4883721	1258.162791
602.4782609	1260.26087
686.1090909	1258.509091
836.2093023	1257.72093
898.4444444	1259.777778
935.6086957	1258.463768
905.4754098	1260.983607
924.9230769	1263.089744
1179.764706	1260.941176
930.6521739	1261.695652
811.8648649	1262.378378
831.7580645	1263.064516
939.1818182	1262.772727
806.5454545	1263.727273
868	1264
914.5555556	1262.244444
606.0322581	1264.903226
679.2988506	1265.126437
818.6428571	1261.928571
896.875	1265
945.8055556	1267.824074
911.3191489	1268.297872
931.5517241	1266.413793
838.826087	1265.086957
917.8181818	1267.681818
922.75	1267.875
955.68	1263.89
582.4864865	1268.621622
678.1777778	1271.088889
813.047619	1268.809524
819.8	1265.1
822.1372549	1267.705882
920.8636364	1269.318182
936.05	1269.283333
587.25	1269.5
669.7936508	1267.936508
962.5	1268.5
297.3043478	1270.217391
603.8181818	1269.545455
817.5333333	1271.966667
827.75	1271.666667
834.6666667	1272.583333
951.8947368	1272.526316
683.1428571	1273.214286
816.2238806	1276.656716
914	1276.5
849.1111111	1276.277778
598.3061224	1277.55102
672.3902439	1278.121951
947.6615385	1277.876923
960.1979167	1275.802083
965	1277.5
530.4358974	1278.846154
968.9122807	1278.140351
1160.128205	1279.025641
629.5769231	1280.038462
955.5135135	1279.27027
834.1666667	1281.233333
866.625	1281.0625
829.1864407	1285.830508
951.5	1284.021739
603.8452381	1286.25
964.537037	1285.962963
881	1285.4
957.5777778	1287.155556
874.9253731	1287.61194
644.1666667	1290.181818
951.1612903	1290
424.8888889	1290.944444
869.9375	1290.479167
883.984127	1293.777778
894.6666667	1292.533333
256.3214286	1294.035714
430.8269231	1294.596154
866.7804878	1294.95122
970.877551	1295.836735
921.88	1295.613333
898.0909091	1297.181818
960.5172414	1296.224138
953.6049383	1298.753086
809.1785714	1300.25
921.5416667	1301.833333
832.2878788	1299.606061
893.4848485	1300.666667
965.3157895	1301.5
947.9607843	1301.647059
917.3333333	1304.095238
921.5	1306.5
893.375	1306.3125
954.44	1306.8
828.2937063	1308.552448
949.4074074	1308.407407
959.2	1307.6
320.1290323	1307.709677
802.8181818	1308.181818
903.2666667	1307.933333
917.0833333	1307.958333
926.9354839	1308.790323
966.8076923	1310.179487
660.3488372	1308.813953
912.2580645	1309
956.7936508	1312.730159
344.8297872	1311.574468
917.2941176	1312.470588
924.1111111	1312.481481
947.4705882	1312.382353
868.557377	1313.196721
938.925	1311.975
658.7586207	1315.275862
353.7333333	1315.288889
663.8554217	1315.638554
915.25	1316.636364
921.5	1316.261905
944.0294118	1316.088235
964.1162791	1316.069767
905.35	1322.68125
829.8181818	1317.181818
902.1428571	1314.880952
979.9662921	1319.089888
896.6967213	1321.106557
961.6923077	1322.076923
373.8846154	1321.307692
986.5483871	1322.709677
873.9565217	1321.913043
909.9	1322.733333
977.9032258	1323.451613
849.27	1324.1
857.9117647	1323.25
821.5	1325.818182
914.4897959	1325.326531
956.3555556	1327.688889
936.7142857	1327.02381
870	1329.375
921.2521008	1328.571429
706.1621622	1330.675676
981.3050847	1332.59322
929.5423729	1332.627119
972.1111111	1334.136752
839.0517241	1334
607.2051282	1334.128205
814.4571429	1331.809524
822.7723577	1335.894309
690	1336.219512
832.8181818	1336.87013
854.7	1336.3
862.1970803	1342.708029
676.4615385	1347.153846
882.6521739	1350.347826
835.9555556	1353.288889
931.2705882	1354.4
844.9014085	1354.098592
1212.615385	1354.576923
871.5483871	1355.903226
1206.731343	1358.029851
620.8703704	1358.888889
928.65625	1359.8125
996.3728814	1360.220339
876.8987342	1361.493671
800	1363.5
823	1364.75
856.0555556	1365.611111
874.0526316	1366.947368
882.0909091	1366.590909
925.9058824	1365.717647
935.2	1362.533333
572.4	1368.175
957.1111111	1367.666667
864.5	1369.611111
929.1071429	1369.714286
935.4193548	1368.83871
917.5909091	1371.636364
824.7	1373.733333
879.244898	1373.214286
851.0857143	1373.371429
873.3055556	1377.833333
930.5263158	1377.460526
980.6181818	1378
846.8717949	1377.846154
853.8695652	1377.826087
766.8888889	1379.5
887.1666667	1378.944444
966.9212598	1375.850394
859.7669903	1378.407767
849.5588235	1382.676471
970	1383
977.1565217	1383.869565
854.3076923	1384.269231
909.1101695	1383.720339
336.195122	1386.121951
972.6666667	1387.948718
509	1387.5
623.9285714	1385.089286
951.8196721	1386.04918
939.6231884	1385.057971
958.8461538	1385.504274
942.9710145	1389.855072
584.0416667	1390.333333
347.0923077	1391.030769
906.4482759	1392.241379
880.09375	1391.0625
976.2	1392.92
953.9565217	1394.695652
356.1323529	1396.191176
565.4	1395.066667
947.7884615	1399.108974
879.875	1396.225
873.304878	1396.012195
365.74	1402.5
371.2972973	1407.972973
871.8214286	1408.732143
434.7368421	1409.666667
375.7241379	1411.931034
283.779661	1413.559322
919.025	1411.875
380.2647059	1415.470588
385.9487179	1421.346154
920.9782609	1420.695652
997.6363636	1420.909091
997.8	1424
626.25	1425.05
919.9622642	1431.433962
714.5689655	1436.235632
724.5	1433.132075
939.9142857	1433.380952
949.6363636	1432.704545
949.6875	1437.3125
706.5777778	1435.511111
737.2631579	1437.894737
948.4	1439.8
944.9090909	1441.709091
932.8625	1439.575
939.0434783	1441.521739
709.7894737	1441.578947
730.870229	1445.824427
704.9166667	1443.472222
723.5950413	1443.371901
594.4074074	1444.925926
966.637931	1444.655172
706.8028169	1450.746479
941.9791667	1447
738.7777778	1448
898	1448.318681
360	1448.708333
892.7297297	1450.054054
714.6944444	1450.277778
904.5194805	1451.233766
938.2	1451.188235
970.2857143	1449.142857
983.9512195	1450.634146
732.1578947	1452.947368
738.4	1452.4
910	1452.5
964.5862069	1450.655172
957.6352941	1451.247059
727.9333333	1455.333333
970.8	1457.413333
722.1269841	1455.52381
709.7017544	1456.578947
959.1372549	1459.137255
965.25	1457.928571
786.0909091	1456.545455
709	1460.5
717.61	1461.05
964.8055556	1464.916667
994.6842105	1480.578947
963.5862069	1483.931034
563.6296296	1484.111111
945.4666667	1486.088889
1105.259259	1485.333333
559.2941176	1487.382353
567.05	1488.35
562.6896552	1491.931034
1210.4	1491.44
720.0740741	1509.592593
365.6216216	1515.567568
914.5	1518
185.28	1520.48
207.5416667	1521.0625
1145.576923	1520.923077
346.5714286	1526.107143
188.1315789	1528.921053
1150.5	1526.931034
410.9111111	1532.7
1153.405405	1532.756757
197.3157895	1532.157895
206.1034483	1535.827586
1119.657143	1535.4
1190.787234	1534.808511
1156.192308	1538.153846
577.8043478	1538.869565
904.7058824	1539.5
1161.807692	1545.410256
1039.980392	1553.941176
819.9722222	1555.916667
858.8461538	1559
816.9705882	1560.705882
824.3333333	1560.384615
821.55	1565.125
760.0344828	1566.637931
168.0224719	1569.393258
214.32	1571.44
222.4901961	1570.27451
158.3888889	1571.888889
259.6086957	1572.065217
544.2941176	1573.411765
136.3076923	1576.153846
1031.042857	1579.985714
327.037037	1579.814815
709.7272727	1580.045455
273.4545455	1581.597403
1254.078947	1591.105263
1164.6	1591.5875
1020.836066	1592.131148
1248.8	1593.65
229.0714286	1607.857143
1001	1610.5
238.125	1611.875
359.8333333	1612.125
966.26	1610.68
958.7368421	1615.473684
997.5294118	1615.617647
1003.371429	1615.171429
968.627907	1615.55814
951.6216216	1619.216216
966.1176471	1620.823529
993.3076923	1620.115385
947.2916667	1621.833333
941.8636364	1622.068182
539.9285714	1624.142857
969.6	1623.942857
950.7096774	1625.83871
819.9098361	1626.172131
938.0392157	1627.784314
945.0930233	1629.418605
970.6666667	1630.171429
997.1707317	1630.54878
1006.319149	1630.382979
940.4	1634.333333
991.0322581	1631.516129
978.1666667	1633.166667
598.2666667	1635.2
913.5714286	1635.666667
1007.884615	1636.75
994.0178571	1637.517857
908.6470588	1638.137255
943.375	1640.5
982.5227273	1640.583333
994.0350877	1643.421053
987.7692308	1647.5
1001.246575	1645.917808
1008.30303	1646.621212
1243.311828	1648.311828
996.3461538	1649.269231
354.7894737	1648.333333
991.85	1649.4
984	1650.15
1163.071429	1651.071429
1004.351351	1652.864865
1176.08	1652.693333
993.6923077	1654.051282
1011.391304	1652.826087
1185.733333	1654.7
987.0327869	1657.04918
1005.59375	1657.90625
1016.534483	1654.689655
1045.175	1656.225
1040.695652	1658.23913
175.9615385	1658.615385
806.1962617	1659.401869
997.5490196	1659.27451
1032.275	1660.725
1047.933333	1662.8
798.3571429	1664.321429
993.7021277	1663
1001	1664.357143
1013.58	1663.51
1066.6	1664.6
1043.481481	1665.888889
995.15	1667.766667
1026.691176	1667.014706
1034.69	1666.39
754.6666667	1668.333333
1041.515152	1669.939394
1059.491525	1667.084746
605.9	1669
993.974359	1673.153846
1050.236111	1671.25
987.9298246	1671.508772
1015.9	1671.25
1057.3125	1674.1875
1022	1673
1034.60274	1675.068493
1016	1675
1251.228571	1675.171429
1047	1674.75
131.9259259	1677.518519
800.6363636	1677.318182
1041.276596	1677.553191
1047.428571	1679.928571
848.36	1679.06
1053	1678
1057.32	1681
1033.586207	1681.551724
1174.285714	1682.228571
611.4	1683.822222
834.7884615	1683.298077
856.5	1684.285714
1039.323944	1685.225352
1050.708333	1685.354167
614	1688.153846
830.8571429	1690.688312
821.7272727	1690.090909
1044.745455	1689.454545
802.52	1692.48
1035.025641	1690.717949
1052.849057	1694.603774
204.3061224	1694.285714
893.3529412	1693.5
1022.351351	1694.108108
1028.553191	1693.297872
1047.807692	1693.461538
817.1486486	1695.391892
1035.470588	1695.764706
1118.924051	1696.696203
1046.340426	1697.765957
1014.291667	1697.09375
1034.470588	1699.470588
1041.040541	1701.5
849.5882353	1699.764706
1029.641509	1701.09434
881.2	1701
1022.622222	1700.644444
1017	1702
841.2025316	1703.329114
1017.355263	1706.105263
1029.029412	1707.058824
885.3818182	1705.509091
1129.333333	1707.9
860.9333333	1709.777778
853.345679	1713.864198
708.6071429	1712.607143
843.7254902	1712.529412
848.0416667	1711.666667
913.2045455	1712.147727
964.8333333	1713.194444
1037.365854	1714.02439
918.0869565	1714.673913
929.7894737	1716.5
944.4516129	1715.758065
1185.508475	1717.186441
1200.378788	1718.439394
811.3703704	1718.37037
841.5384615	1719.538462
949.7777778	1719.066667
824.5333333	1720.266667
919.0588235	1719.176471
924.0754717	1721.811321
932	1721.461538
916.3	1723
945	1723.768116
981.5789474	1724.726316
817.5483871	1724.564516
910.6486486	1722.297297
905.6222222	1728.255556
914.5416667	1727.208333
925.8690476	1727.297619
811.7272727	1728.272727
1052.231405	1730.446281
879.6111111	1733.111111
1046.769231	1733.730769
928.8303571	1737
231.3877551	1735.367347
921.4761905	1734
935.8125	1737.5
967.6052632	1736.657895
840.8552632	1735.131579
882.8333333	1737.916667
923.5	1739.545455
821.2727273	1739.727273
898.55	1739.75
833.2941176	1735.637255
1127.676471	1740.705882
918.0952381	1742.228571
1043.156863	1741.960784
972.2641509	1741.698113
828.5	1743.5
839.1724138	1743.793103
133.826087	1745.608696
814.0930233	1744.697674
978.6666667	1744.888889
951.6825397	1746.539683
973.1851852	1747.185185
938.097561	1745.707317
957.7419355	1745.709677
1037.428571	1746.75
834.1333333	1746.711111
819.1428571	1748.714286
948.0869565	1749.043478
958.1395349	1751.255814
1265.259259	1748.592593
824.6470588	1750.294118
1149.6875	1750.15625
943.7246377	1747.73913
829.2222222	1752.666667
832.7241379	1753.758621
861.8636364	1753.477273
826.2352941	1755.117647
1004.190476	1754.928571
806.5	1755.5
811	1755.5
979.7931034	1755
997.8780488	1753.560976
1144.586207	1754.724138
702.4516129	1755.580645
707.0714286	1755.857143
945.0208333	1756.395833
833.8	1758.057143
994.5740741	1760.666667
999.3214286	1759.678571
1139.321429	1758.321429
972.3333333	1759
827.037037	1759.62963
456.5	1759.5
914.2173913	1764.021739
821.2604167	1761.083333
1002.580645	1762.322581
943.8541667	1762.583333
457.9347826	1765.76087
833.4375	1763.75
261.5789474	1767.052632
822.6363636	1768.606061
828.8378378	1771.81982
868.7692308	1769.25
266.125	1771.583333
1170.083333	1770.833333
818.1842105	1773.605263
517.3571429	1773.714286
860.3555556	1776.111111
832.0526316	1789.894737
267.8085106	1791.425532
840.6666667	1791.111111
962	1791
485.4210526	1793.421053
843.3333333	1793
1071.636364	1793.5
967.4	1793.333333
837.125	1794.5
963.9069767	1797.023256
973.5904762	1794.447619
1015.864865	1795.891892
914.3333333	1797.904762
976.5517241	1800.827586
866.5238095	1799.507937
941.1538462	1801
956.5	1801.5
840.1891892	1803.162162
584.3846154	1804.615385
926.212766	1805.234043
98.60344828	1806.034483
898.6857143	1806.542857
903.0465116	1806.209302
963.5862069	1803.724138
104.0769231	1807.923077
583.2857143	1808.214286
916.0784314	1806.215686
835.8709677	1808.387097
875.7083333	1808.854167
909.2962963	1808.555556
1185.310345	1808.586207
893.8181818	1808.727273
845.12	1810.4
816.1428571	1811.885714
960.5357143	1811.307143
1096.470588	1812.882353
877.6197183	1814.028169
892.0634921	1814.968254
899.9512195	1815.97561
848	1820.117647
852.645	1818.57
862.6808511	1819.840426
878.6202532	1821.253165
871.6290323	1826.693548
1239	1828.54902
545.0806452	1830.306452
944.1111111	1829.888889
552.6153846	1830.615385
549.7857143	1835.214286
909.9411765	1834.882353
916.0363636	1834.018182
913.516129	1839.258065
547.6111111	1839.277778
972	1837.784314
492.3421053	1838.394737
913.8823529	1842.294118
1010.787879	1841.515152
977.0661157	1843.289256
998.32	1842.38
1018.323529	1844.617647
955.3611111	1844.458333
990.4029851	1845.283582
972.2173913	1848
1026	1848.25
1088.4	1848.377778
491.1636364	1850.036364
497.1263158	1847.642105
1075.2	1849.6
1081.875	1849.875
964.76	1851.12
989.8148148	1851.592593
1066.357143	1851.095238
900.6206897	1852.62069
984.7536232	1853.536232
1038	1851.5
1170.636364	1854.090909
487.2948718	1855.666667
981.6	1858.16
560.7480315	1856.440945
792.8604651	1860.209302
979.6140351	1861.807018
489.3125	1863.15625
682.3214286	1862.25
693.8275862	1862.413793
479.85	1863.2
513.9259259	1862.259259
519.775	1861.85
517.4285714	1867.285714
975.7865169	1867.58427
513.75	1871.472222
522.7096774	1870
519.173913	1872.347826
950.6413043	1874.413043
926.6705882	1880.876471
940.1	1880.866667
345.6129032	1882.935484
502.8510638	1886.191489
489.4375	1886.40625
494.7681159	1888.275362
951.54	1886.36
794.0909091	1888.545455
1082.847458	1890.644068
141	1891.5
489.326087	1892.23913
944.7435897	1891
1087.881579	1890.842105
1095.741573	1892.393258
1102.53271	1894.495327
1109.245283	1898.471698
942.1568627	1898.156863
878.3333333	1899.489583
957.4090909	1899
727.5294118	1901.647059
861.3571429	1899.785714
595.7826087	1898.891304
246.4897959	1901.77551
540.6716418	1902.044776
600.9365079	1903.539683
255.5892857	1903.75
1232.892857	1904.035714
883.5	1904
454	1907
594.1219512	1906.621951
1141.193548	1907.193548
269.3125	1907.8125
479.483871	1908.532258
901.7	1909.7
906.8333333	1909.083333
855.2638889	1912.013889
876	1912.241379
450.1886792	1913.924528
1026.020833	1916.875
455.1190476	1917.666667
835.6486486	1916.675676
828.9032258	1918.258065
935.76	1919.16
496.0555556	1919.666667
534.2307692	1920.692308
463.8085106	1926.914894
786.2121212	1929.212121
489.0307692	1929.738462
482.2	1931.85
597.5	1932
868	1932.173913
877.6666667	1934.666667
495.2790698	1934.837209
781.2622951	1935.918033
794.2	1936.24
867.25	1936.458333
493.6724138	1940.37931
848.4821429	1939.571429
902.5384615	1940.115385
932.5357143	1938.309524
1239.5	1940.571429
426.8421053	1941.684211
485.4	1942.142857
470.8933333	1944.573333
851	1945.209302
932.5384615	1946.669231
843.5675676	1946.27027
911.48	1948.28
466.4051724	1953.068966
913.6875	1952.53125
549.490566	1955.075472
720.6363636	1953.681818
824.0857143	1955.942857
542.3571429	1956.142857
865	1956.2
714.3076923	1956.948718
720.2272727	1959
725.08	1957.44
922.1531532	1957.522523
937.5882353	1958.147059
434.4242424	1959.727273
718.942029	1965.507246
713.8888889	1963.814815
818.1489362	1961.702128
581.2	1963.2
587	1961.907692
725.5	1963.583333
939.24	1964.28
557.8333333	1963.805556
944.9342105	1965.973684
576.7317073	1963.804878
812.3636364	1967.227273
924.969697	1965.606061
956.9782609	1966.108696
746.4545455	1968.363636
578.9607843	1970.980392
592.5047619	1970.866667
681.6666667	1970.796296
687.32	1969
920.5625	1971.125
690.962963	1971.37037
518.2970297	1974.39604
587.0447761	1974.552239
750.1346154	1973.269231
487.8571429	1974.571429
687.0666667	1975.866667
692.8214286	1980.630952
760.8181818	1977.181818
508.1052632	1979.263158
924.9761905	1978.261905
682.2758621	1978.482759
265.4444444	1980.277778
929.5714286	1977.178571
682.2424242	1983.515152
519.9393939	1983.717172
488.5	1984.291667
128.5	1987.5
690.1764706	1988.176471
682.625	1988.125
908.625	1988.041667
686.9736842	1992.236842
525	1991.384615
1218	1993.730769
1229.263158	1993.473684
912.1515152	1994.787879
591.8863636	1996.545455
917.4722222	1999.111111
901.02	2002.98
915.5333333	2003.916667
922.1666667	2002.833333
906.6555556	2002.133333
911.5853659	2007.585366
1040.571429	2004.892857
645.85	2007.8
893.7674419	2008.232558
794.4936709	2011.253165
289.2272727	2011.318182
299	2011.5
211.974359	2011.410256
218.804878	2011.707317
911.9	2013.35
228.1012658	2013.734177
882.2588235	2010.847059
878.5857143	2019.585714
823.5952381	2018.404762
813.5217391	2019.478261
818.5384615	2021.589744
811.2045455	2024.136364
912.0377358	2024.509434
815.0740741	2027.37037
824.0172414	2026.551724
818.1071429	2029.714286
1203.75	2028.1875
453.7894737	2030.105263
818.8113208	2035.245283
516.6829268	2034.341463
431.9677419	2035.806452
443.4864865	2035.675676
521.4516129	2036.91129
903.6190476	2036.666667
487.6493506	2036.402597
840.2352941	2039.705882
441.173913	2041.347826
907.6714286	2040.771429
448.4431818	2042.488636
468.2105263	2043.842105
533	2043.5
901.4615385	2043.230769
1148.916667	2043.5
736.0666667	2043.533333
540.6031746	2044.857143
628.0681818	2046.318182
776.0222222	2045.688889
915.5	2045.703704
1117.727273	2049.5
1121.8	2050.3
901.3953488	2051.627907
1126.317073	2052.853659
280.862069	2056.344828
853.4285714	2056.619048
269	2058.132743
863.7727273	2059.409091
957.5277778	2059.833333
784.765625	2061.59375
874.8333333	2062.5
789.2790698	2065.627907
864.5614035	2065.631579
695.25	2067.125
701.8266667	2069.406667
869.5176471	2070.188235
616.1875	2068.328125
695.0344828	2072.568966
989.8125	2073.1875
442.609375	2073.09375
517.4117647	2075.117647
706.3448276	2074.206897
622.6896552	2076.62069
698.6947791	2084.128514
773.0185185	2077.166667
1103.901639	2078.262295
709.8787879	2076.787879
580.2142857	2079.071429
1112.179487	2080.128205
629.7826087	2080.826087
688.75	2080.375
768.6190476	2083.714286
1240.571429	2082.035714
426.5	2083.5
511.6896552	2082.793103
479.0181818	2088.472727
710.6666667	2086.703704
421.5806452	2091.774194
696.4666667	2091.733333
851.1428571	2091.371429
500.3529412	2093.137255
700.9428571	2093.685714
705.3809524	2093.380952
598.4918033	2094.393443
847.8709677	2095.387097
934.3733333	2093.893333
424.2307692	2096.307692
426.9047619	2094.809524
505.3076923	2096.5
686.5277778	2093.944444
691.0508475	2096.79661
696.4	2096.3
448.475	2096.4125
613.9038462	2096.576923
623.7073171	2097.414634
710.1590909	2104.545455
699.5952381	2101.690476
855.2826087	2096.456522
769.7777778	2098.222222
906.1086957	2096.630435
928	2098.666667
723.9393939	2099.727273
851	2101.333333
431.9857143	2101.142857
704.2857143	2100.657143
907.2727273	2102.977273
214.1428571	2105.071429
525.0208333	2104.895833
613.5454545	2106.409091
700.9081633	2113.581633
714.1875	2107
902.8103448	2104.275862
436.7105263	2107.789474
692.8181818	2105.30303
402.75	2106.361111
699.2	2108
396.5	2110.627451
408.7209302	2109.627907
425.4117647	2111.976471
890.875	2112.125
899.5123967	2110.578512
127.21875	2112.96875
881.278481	2113.21519
413.3469388	2113.142857
401.2631579	2115.421053
738.4117647	2115.117647
895.3823529	2116.147059
1101	2115.136364
164.3239437	2116.704225
521.125	2116.511364
396.5	2117.083333
419.76	2116.24
405.4444444	2116.805556
734.09375	2118.0625
888.7540984	2118.131148
1021.333333	2117.784946
418.9473684	2121.342105
527.64	2120.56
1029.688172	2121.741935
403.9345794	2124.448598
412.65625	2121.4375
698.3333333	2122.611111
1025.181818	2123.333333
440.4666667	2124.866667
701.8888889	2124.111111
704.3333333	2127.107843
914.3469388	2124.795918
863.8421053	2126.842105
901.8035714	2125.946429
681.1428571	2127.357143
272.6666667	2128.866667
520.1636364	2129.163636
712	2128.692308
264.5531915	2130.404255
898.2258065	2131.064516
907.4666667	2130.333333
767.0625	2132.375
524.6666667	2134.722222
436.5701754	2136.342105
446.9302326	2135.255814
514.875	2133.607955
913.7948718	2134.897436
484.8507463	2136.985075
896.2371134	2137.092784
907.953125	2138.796875
287.8723404	2140.617021
541.125	2140.0625
736.1794872	2140.435897
1004.615385	2141.723077
769.3398058	2144.524272
897.7560976	2141.756098
448.0869565	2144.217391
422.2857143	2145.057143
471.84375	2143.84375
885.7446809	2147
891.2857143	2145.5
897.65	2145.975
983.640625	2145.40625
153.8947368	2147.342105
841	2147.5
855.7105263	2145.368421
134.5	2147.666667
861.1666667	2148.481481
1072.5	2148.105263
870.6981132	2149.566038
202.2295082	2151.04918
846.7596154	2148.086538
880.6315789	2150.684211
285.91	2153.33
426.25	2153.75
498.12	2153.56
273.972973	2154.216216
863.3428571	2154.342857
520.2857143	2155
898.9655172	2155.586207
482.3	2157.014286
492.9444444	2157.388889
610.9444444	2159.888889
135.2096774	2161.516129
530.5	2161.5
904.1463415	2161.780488
1203.803922	2161.509804
320.5454545	2163.575758
504	2163.25
829.969697	2165.909091
516.5714286	2167.542857
904.8529412	2167.588235
457.2804878	2171.170732
525.67	2169.32
418.7777778	2170.25
405.9487179	2169.185897
412.75	2173.15625
744.5238095	2176.380952
1228.345679	2177.160494
538.6666667	2178.727273
704.8135593	2177.762712
419.1555556	2179.8
864.4153846	2178.630769
491.0638298	2180.510638
227.5	2183.339286
487.375	2184.25
543.6756757	2182.081081
867.962963	2183.851852
886.425	2183.7
705.7419355	2183.741935
219.3421053	2185.210526
893.6333333	2186.283333
213.6	2186.571429
494.7647059	2187.129412
506.125	2184.4375
863.4651163	2188.162791
551.0877193	2188.192982
707.097561	2188.829268
1002.571429	2187.904762
868.9791667	2190.208333
503.8	2190.984615
424.1746032	2192.047619
890.9090909	2192.727273
1093.628571	2194.142857
513.0833333	2195.444444
519.9176471	2197.917647
256.1904762	2199.634921
435.2325581	2201.77907
511.4545455	2203.393939
469.3521127	2203.661972
889.1388889	2205.25
479.7169811	2204.90566
883.9615385	2203.705128
878.84	2209.02
730.5483871	2211.580645
869.8245614	2211.175439
459.1272727	2213.127273
864.7333333	2215.2
486.852459	2215.147541
498.8297872	2216.723404
866.8148148	2220.592593
928.6666667	2220.083333
846.2083333	2221.430556
560.9636364	2223.018182
858.7843137	2221.54902
482.3504274	2223.948718
852.3181818	2221.909091
864.0625	2223.375
494.625	2227.0625
436.0447761	2227.134328
851.537037	2228.62963
446.2333333	2230.2
557.2272727	2230.5
860.0740741	2231.251852
427.4615385	2232.307692
439.5714286	2233
500.0714286	2232.107143
487.0784314	2233.647059
530.5	2233.4
456.6818182	2234.651515
465.0769231	2233.583333
493.9145299	2238.179487
449.5625	2238.09375
469.4444444	2238.055556
465.7142857	2243.714286
501.4375	2242.625
251.1265823	2244.544304
876.9473684	2244.210526
447.6666667	2246.111111
780.9	2242.83
786.5882353	2245.941176
456.6666667	2248.333333
387.1818182	2248.69697
782.4722222	2249.444444
872.5116279	2247.837209
467.4310345	2249.62069
776.1940299	2252.074627
1013.923077	2254.192308
183.8888889	2256.481481
778.0666667	2261.966667
810.968254	2262.253968
793.0714286	2264.690476
490.9324324	2267.202703
741.0909091	2268.227273
872.890625	2270.65625
829.0285714	2277.628571
200.5806452	2278.354839
208.3684211	2278.263158
783.0909091	2277.781818
1114.5	2278.2
868.4805195	2283.571429
313.4565217	2284.695652
252.2807018	2286.736842
306.875	2287.475
1150.186047	2289.930233
717.0357143	2292.107143
726.3709677	2293.967742
140.1666667	2296.277778
777.3333333	2297.666667
803.5454545	2298.818182
292.4444444	2303.222222
709.5757576	2305.575758
490.5	2307
259.1714286	2308
172.7777778	2313
808.6956522	2314.434783
1048.214286	2315.5
809.4583333	2319.354167
848.8888889	2319.666667
386.5	2321
801.8474576	2322.169492
420.8	2323.5
810.6835443	2324.911392
862.516129	2327.677419
795.4583333	2327.520833
830.4468085	2327.744681
802.25	2330.115385
748.2926829	2332.073171
289.9189189	2335.459459
226.6153846	2336.384615
324.7162162	2337.472973
763.25	2345.145833
818.7758621	2343.793103
245.6153846	2348.128205
823.8367347	2348.122449
510.3333333	2352.055556
342.1764706	2353.617647
796.7111111	2353.688889
826.25	2354.3
708.0769231	2354.820513
840.5	2360.5
243.5833333	2361.766667
278.8431373	2362.058824
551.9	2363.666667
810.4117647	2363.882353
445.0333333	2365.666667
861.7012987	2377.12987
490.5	2379.5
1054	2379.5
703.6571429	2379.942857
837.1612903	2380.612903
802.3043478	2383.608696
329.9166667	2387.6
239.4827586	2392.206897
555.7826087	2394.608696
973.5833333	2394.25
980.2580645	2394.290323
985.4074074	2395.074074
924.5	2395.714286
848.7258065	2395.33871
962.5151515	2397.020202
951.0588235	2398.323529
975.7272727	2400
548.7241379	2402
852.0363636	2402.054545
541.8666667	2402.133333
788.7708333	2403.3125
770.125	2403.5
784	2403.8
845.6309524	2405.178571
530.76	2406.28
450.7142857	2410.428571
530.7619048	2411.968254
658.2	2411.5
537.173913	2412.391304
863.7916667	2412.541667
576.9508197	2414.409836
698.0652174	2414.5
703.1	2414.2
814.8	2414.966667
861.3846154	2416.615385
532.5238095	2419.142857
537.55	2418.45
725.21875	2417.90625
811.8586957	2419.217391
701.2028986	2422.15942
865.3030303	2420.734848
530.2972973	2424.783784
817.5555556	2424.111111
555.6730769	2424.057692
545.1428571	2426.928571
552.0384615	2427.576923
870.3584906	2426.160377
1180.106383	2426.404255
846.9855072	2427.913043
701.6122449	2429.816327
852.453125	2427.90625
1186.666667	2430.106061
694.3157895	2430.894737
557	2433.016129
857.2758621	2435.017241
549.1857143	2433.4
585.3146067	2436.438202
539.3604651	2437.011628
851.5263158	2436.052632
510.7882353	2438.388235
547.4615385	2441.317308
843.64	2439.34
852.1724138	2441.241379
532.7083333	2442.229167
192.7857143	2443.464286
539.7346939	2449.673469
757.7428571	2446.428571
847.3333333	2448.857143
222.047619	2448.642857
531.2222222	2449.111111
869.7045455	2448.659091
761	2451.5
614.625	2450.854167
611.1372549	2456.078431
300.2068966	2455.827586
617.5819672	2461.008197
622.875	2456.125
722.2777778	2455.277778
713.3225806	2458.774194
130.1	2461.8
553.2432432	2459.77027
607.9344262	2462.934426
715.88	2462
522.1521739	2464.391304
526.8510638	2459.904255
557.1521739	2466.108696
520.4615385	2467.892308
552.0266667	2469.773333
712.6744186	2469.232558
722.6034483	2467.362069
728.7974684	2469.632911
412.6363636	2469.961039
531.6956522	2471.652174
717.75	2469
681	2471.8
708.7692308	2474.538462
722.4225352	2478.619718
834.2432432	2474.797297
716.45	2476.716667
1075.714286	2476.428571
896.6052632	2477.434211
990.4130435	2477.956522
455.7142857	2482.181818
462.9642857	2482.642857
142.6111111	2483.972222
717.2857143	2485.428571
831.9852941	2486.367647
248.6875	2488.354167
715.627907	2490.139535
524.6808511	2489.744681
1040.666667	2492.083333
831.7647059	2495.529412
517.5365854	2499
626.6404494	2502.11236
199.8928571	2504.571429
669.24	2505.36
618.8823529	2506.470588
598.4038462	2506.769231
497.8095238	2512.130952
670.6346154	2511.653846
527.75	2511.645833
593.7037037	2511.481481
410.2	2515.5
534.3333333	2515.356322
591.9354839	2515.064516
708.6	2515.066667
717.32	2518.52
572.4444444	2519.481481
672.1683168	2522.118812
521.92	2521.04
528.5789474	2520.973684
914.4285714	2521.190476
679.8235294	2523.901961
816.4545455	2525.636364
128.3636364	2529.409091
397.6521739	2529.347826
538.4333333	2534.233333
472.5	2534
745.6818182	2534.204545
578.5	2537.222222
304.0434783	2540.26087
666.4313725	2539.490196
460.969697	2543.757576
440.2586207	2545.344828
1154.6875	2545.0625
1151.347826	2547.826087
1166.09	2547.88
1181.157895	2549.175439
1185.793103	2556.448276
856.4025974	2561.766234
1185.105263	2564.131579
861.125	2566.84375
204.6231884	2569.84058
642.5	2569.4
218.1029412	2572.029412
835.2586207	2574.293103
1183.904762	2572.238095
829.4666667	2579.866667
313.96875	2582.09375
1180.176471	2581.764706
629.2380952	2587.142857
842.125	2594.075
557.0740741	2595.740741
624.8474576	2597.457627
654.8979592	2598.428571
882.6666667	2598.074074
564.1538462	2599.451923
460.95	2600.175
659.2	2601.5
824.8510638	2601.489362
927.1041667	2604.5
855.7352941	2606
1087.222222	2606.444444
672.4117647	2612.676471
675.125	2616.875
228.8035714	2622.196429
308.5	2635.647059
827.0357143	2643.47619
844.5294118	2643.911765
828.3870968	2654.177419
334.4102564	2655.717949
248.1785714	2656.607143
621.0277778	2657.472222
614.4693878	2658.877551
618.0675676	2664.283784
1150.3	2669.8
498.7575758	2673.030303
1085.387755	2680.081633
803.2790698	2679.488372
612.7017544	2683.859649
799.7777778	2686.511111
1093.095238	2688.777778
1041.657143	2698.4
629.7419355	2699.677419
626.8064516	2703.193548
635.25	2702.416667
576.220339	2704.372881
357.7096774	2704.548387
625.030303	2709
628.9529412	2712.870588
849.9807692	2726.115385
125.3809524	2728.428571
850.5483871	2735.354839
697.6176471	2745.117647
1093.684211	2749.131579
1077.116279	2750.465116
1098.590909	2751.636364
1070.575	2753
849.9130435	2755.782609
685.3333333	2765.133333
311.8064516	2766.935484
140.6666667	2775.190476
295.5333333	2775.1
146.1578947	2778.736842
757.0481928	2792.325301
801.0952381	2794.206349
984.0882353	2796.088235
989.8636364	2798.5
426.9591837	2802.755102
432.4492754	2805.565217
751.7777778	2805.888889
412.4615385	2806.569231
159.6829268	2810.292683
400.6086957	2811.043478
182.1428571	2811.857143
697.1960784	2818.960784
851.75	2824.083333
846.88	2829.32
833.0277778	2835.444444
832.74	2840.1
786.5238095	2855.031746
793.7096774	2855.806452
789.5285714	2861.614286
144	2864
752.1011236	2864.494382
1093.655738	2874.442623
1102.307692	2876.846154
748.0677966	2877.237288
740.7037037	2880.407407
855.8888889	2888.481481
738.7083333	2898.875
1089.785714	2907.5
963.2096774	2915.193548
778.6909091	2918.318182
785.5	2916.222222
772.6923077	2923.653846
785.7380952	2923.02381
781.9230769	2926.423077
129.7619048	2928.535714
782.76	2931.52
402.453125	2932.875
142.075	2934.075
409.6666667	2936.7
400.46875	2938.59375
414.255814	2940.790698
406.4418605	2942.930233
400.5625	2948.229167
409.0666667	2948.755556
847.7777778	2949.611111
404.6666667	2952.388889
154.0810811	2952.459459
403.3035714	2958.035714
352	2956.1
791.7916667	2955.75
354.8235294	2961.352941
887.9454545	2969.381818
220.12	2971.56
787.8604651	2972
725.5263158	2974.157895
955.754717	2980.018868
402.7142857	2977.97619
399.7894737	2982.657895
1036.628571	2983.942857
1041.380952	2987.404762
394.7323944	2987.985915
404.7777778	2990.907407
408.0757576	2985.393939
400.2564103	2992.410256
369.9666667	2995.666667
390.6363636	2998.121212
395.4423077	2997.692308
276.6818182	3000.318182
410.4173228	3000.440945
402.1942857	3006.8
769.9782609	3005.532609
392.7108434	3007.819277
158.7272727	3014.727273
212.3877551	3016.591837
369.1851852	3017.185185
393.5098039	3019.235294
362	3018.793103
382.7297297	3019.189189
367.9767442	3025.139535
1087.102941	3027.941176
1093.027778	3026.25
1099.125	3029.818182
380.4893617	3033.148936
407.0677966	3031.101695
359.6451613	3033.483871
973	3035
783.4482759	3035.586207
373.5078125	3034.601563
407.3012048	3041.301205
362.2432432	3038.162162
367.2272727	3036.772727
178.23	3039.54
337.3544304	3039.151899
369.5	3041.181818
357.03125	3041.5
363.0666667	3042.933333
402.7333333	3045.4
364.09375	3046.625
353.6851852	3047.444444
356.9333333	3051
361.1746032	3053.142857
353.4166667	3056.880952
367.6551724	3053.965517
125.2352941	3055.823529
377.4210526	3055.736842
406.4931507	3056.027397
344.7692308	3060.076923
372.7878788	3059.515152
394.6451613	3060.064516
368.05	3060.35
401.6818182	3060.977273
382.0923077	3061.230769
175.6285714	3062.885714
374.125	3063.9375
360.9	3063.357143
353	3065.103448
366.2222222	3066.425926
377.2857143	3067
341.9056604	3068.339623
391.5230769	3066.861538
431.6818182	3071.318182
1026.814815	3070.592593
356.5	3072
362.1935484	3071.709677
377.3157895	3071.884211
137.2	3076
126.5	3077.5
367.9354839	3078.685484
360	3079.372549
134.125	3081.875
359.8	3084.3
355.7037037	3084
384	3084.5
818	3086.291667
361.8090909	3093.354545
758.9152542	3090.415254
353.5436893	3092.582524
1042.590909	3091.772727
390.962963	3092.462963
428.6216216	3093.621622
745.5208333	3094.104167
384.5737705	3092.622951
398.1864407	3096.016949
357.9655172	3100.965517
405.3333333	3096.592593
394.75	3099.392857
789.1666667	3098.616667
408.1428571	3100.514286
430.4893617	3099.446809
402.4642857	3102.071429
832.9166667	3102.833333
836.7619048	3100.238095
362.7297297	3105
397.2	3103.066667
784.7857143	3104.357143
983.9117647	3103.676471
388.2758621	3103.931034
400.7142857	3106.857143
807.1724138	3106.931034
838.9830508	3104.042373
382.6226415	3109.113208
395.5714286	3109.119048
801.75	3109.5
871.7419355	3111.145161
387.9333333	3113.4
677.4	3113.05
829.6	3113.05
394.8510638	3114.829787
837.6140351	3117.649123
383.9722222	3119.527778
390.0754717	3119.339623
687.2957746	3121
399.7575758	3122.636364
827.2105263	3122.526316
149.6190476	3131.238095
194.5862069	3133.655172
177.4230769	3134.807692
184.7777778	3134.555556
277.6551724	3141.241379
836.9310345	3141.965517
282.4444444	3142.962963
862.173913	3144.032609
672.859375	3148.40625
877.3448276	3149.275862
883.4230769	3150.019231
677.6818182	3152.795455
884.4897959	3154.897959
1008.588235	3155.5
672.1428571	3156.571429
839.787234	3155.851064
839.8727273	3161.818182
677.2307692	3163.153846
847.65	3166.05
856.8305085	3164.20339
955.7560976	3166.804878
854.5565217	3172.365217
359.5142857	3172.914286
772.6521739	3180.956522
773.875	3184.125
830.3709677	3185.983871
991.825	3190.2
864.2153846	3192.246154
860.0638298	3196.297872
284.8421053	3199.039474
800.9565217	3198.086957
738.2142857	3199.214286
277.7692308	3203.384615
762	3207.235294
769.4032258	3209.887097
264.2727273	3211.272727
738.125	3211.5
772.7	3214.8
930.0888889	3214.488889
255.4888889	3217.4
836.238806	3217.970149
858.8378378	3222.378378
860.88	3225.56
246.2222222	3225.277778
343.9285714	3227.714286
746.962963	3230.259259
754.75	3230.5625
237	3233.134615
341.24	3232.8
826.9814815	3233.324074
608.0740741	3240.592593
790.0666667	3241.3
824.0481928	3242.939759
301.9534884	3242.790698
653.6447368	3243.026316
797.3461538	3243.653846
659.5977011	3245.252874
725.9456522	3246.195652
651	3251.179104
723.4918033	3254.786885
661.2987013	3255.155844
1056.02439	3255.439024
211.6190476	3258.952381
649.1756757	3259
655.7083333	3258.625
661.75	3263.192308
647.2	3267.1
657.7222222	3267.25
994.4117647	3267.882353
386.3333333	3270.142857
759.0625	3269.8125
745.1818182	3270.290909
661.5555556	3271.955556
753.1428571	3271.357143
666.7368421	3273.894737
314.2	3275.5
649.4052288	3271.849673
753.2682927	3275.853659
746.72	3277.26
652.792	3280.696
660.8571429	3279
248.7906977	3279.44186
728.8070175	3277.842105
686.4473684	3280.552632
746.2903226	3283.548387
657.2978723	3284.595745
667.65	3282.45
676.0338983	3281.576271
681.4761905	3281.952381
690.3142857	3284.371429
730.4545455	3284.727273
723.8888889	3284.5
683.5185185	3288.092593
676.5744681	3288.234043
689.2631579	3289.368421
671.7352941	3290.088235
693.2972973	3290.945946
734.2682927	3299.268293
735.5	3307
432.6857143	3310.171429
671.9807692	3311.846154
1012.095238	3311.428571
1016.555556	3312.916667
438.1875	3315.395833
524.7446809	3320.680851
521.5238095	3326.833333
528.5377358	3326.933962
726.9242424	3329.530303
717.2535211	3332.352113
383.6981132	3332.867925
373.9358974	3334.423077
680.1034483	3333.172414
518.275	3335.95
795.0967742	3337.354839
800.0666667	3337.133333
722.6463415	3337.02439
733.9393939	3337.030303
738.25	3337.75
507.4320988	3338.111111
678.88	3338.8
791	3339.5
507.5892857	3343.142857
797	3344.447761
511.7272727	3345.909091
802.9166667	3344.833333
485.3645833	3345.802083
675.2830189	3346.773585
685.4705882	3350.485294
693.7037037	3350.296296
490.6960784	3350.54902
520.2592593	3353.925926
514.1538462	3356.076923
519.0731707	3359.731707
499	3360.5
539.1470588	3360.470588
706.21875	3360.375
700.7083333	3364.583333
1021.428571	3362.952381
353.984375	3362.8125
347.9411765	3367.911765
1026.242424	3367.484848
1029.157895	3370.736842
960.9113924	3373.303797
1031.518519	3374.296296
1034.5	3376.722222
391.0465116	3379.023256
491.1157895	3378.084211
699.6477273	3378.988636
827.6097561	3381.804878
1036.84	3380.12
545.3030303	3382.272727
693.84	3382.32
696.7209302	3387
509.9871795	3388.602564
493.5737705	3390.409836
508.6785714	3397.803571
854.4390244	3406.04878
525.6923077	3407.884615
857.9565217	3411.086957
1018.68	3414.56
690.7555556	3416.822222
398.4074074	3422.444444
310.3170732	3426.04878
493	3427.5
518.3611111	3426.944444
693.5070423	3426.746479
693.4	3433.266667
480.25	3432.833333
685.7540984	3433.098361
663.5945946	3437.216216
684.6857143	3439.485714
507.1836735	3438.77551
477.7	3440.6
685.4347826	3443.173913
473.8333333	3442.611111
671.3580247	3442.54321
928.1538462	3443.115385
663.7027027	3443.918919
489.9069767	3447.139535
481.3627451	3447.754902
494.1363636	3449.363636
474.6578947	3450.131579
658.6511628	3450.162791
306.8684211	3455.605263
481.9333333	3455.066667
486.3478261	3456.130435
1003.916667	3459.5
492.48	3459.013333
399.7428571	3462.228571
686.86	3462.04
560.5333333	3467.433333
679.7931034	3468
543.4651163	3469.55814
1022.25	3470.083333
548.775	3471.3
561.9824561	3475.157895
540.5263158	3474.736842
545.7368421	3476.157895
277.3888889	3476.055556
922.4666667	3478.4
666.9107143	3483.589286
671.8787879	3486.969697
663.7647059	3490.058824
318.1587302	3490.063492
752.125	3492.791667
867.5	3496.2
697.4444444	3499.638889
751.0909091	3500.318182
972.6666667	3504.125
530.5714286	3510.107143
459.8695652	3516.26087
455.6621622	3523.175676
534.9166667	3524.291667
288.8	3527.5
535.2692308	3534.410256
680.2	3548.2
751.9459459	3550.054054
477.4117647	3554.882353
320.3043478	3562.782609
940.44	3563.22
818.6428571	3570.142857
755.9259259	3575.62963
758.2653061	3581.387755
357.4117647	3586
676.6904762	3586.952381
760.1794872	3589.794872
300.0666667	3588.8
392.5384615	3592.115385
434.4285714	3595.619048
523.3428571	3595.942857
471.76	3608.2
913.3589744	3608.282051
764.3606557	3604.377049
767.2307692	3613.769231
780.7083333	3616.916667
310.8857143	3629
486.3695652	3637.282609
401.9642857	3640.142857
408.7297297	3641.756757
801.3043478	3642.043478
808.2083333	3643.291667
976.24	3644.2
522.4038462	3646
798.7627119	3648.169492
447.9069767	3653.465116
316.9411765	3654
795.1122449	3656.928571
476.1818182	3658.818182
800.9130435	3662.826087
482.44	3664.68
777.6857143	3664.771429
794.5	3665.857143
820.1967213	3664.885246
508.6206897	3667.982759
515.1538462	3669.538462
798.425	3672.1
817.0454545	3673.409091
907.125	3673.125
803.2666667	3673.666667
800.6304348	3678.608696
791.0090909	3677.345455
814.3	3680.1
513.1791045	3701.835821
509.5882353	3704.882353
496.8125	3712.5
290.1176471	3712.882353
570.9104478	3712.597015
575.8484848	3716.272727
571.4693878	3721.489796
575.8214286	3726.267857
564.112069	3723.043103
486.2142857	3731.285714
574	3731
348.5384615	3732.038462
563	3732.409091
745.0243902	3733.609756
559.9459459	3734.837838
573.2926829	3736.04878
558.9583333	3739.625
518.2424242	3742.181818
571.68	3741.28
570.1944444	3746.25
558.0857143	3744.485714
561.8888889	3749.111111
556.7419355	3749.612903
568.1428571	3751.828571
691.0657895	3753.644737
556.0168067	3759.310924
564.527027	3758.378378
692.3269231	3759.730769
559.862069	3765.689655
559	3770.698113
555.3125	3774.6875
551.1111111	3772.472222
560.3023256	3777.186047
468.047619	3778.166667
548.6969697	3779.545455
556.3728814	3782.169492
356.3666667	3784.366667
553.0425532	3787.510638
739.1428571	3785.057143
547	3789.707692
723.5	3792.8
552.3043478	3795.130435
544.4915254	3798.152542
676.1794872	3798.358974
551.195122	3803.109756
650.231405	3803.578512
640.4661017	3803.110169
704.625	3804.982143
541.1428571	3805.306122
653.7837838	3809.202703
545.7272727	3808.272727
660.1538462	3805.564103
663.6	3809.58
550.9	3810.7
675.2191781	3809.315068
546.6764706	3813.529412
701.6071429	3810.178571
706	3811.483871
540.0380952	3815.790476
499.1525424	3817.338983
549.3448276	3818.689655
368.8545455	3821.109091
545.8571429	3820.714286
443.25	3821.458333
497.6056338	3823.676056
676.8085106	3822.297872
542.7941176	3825.779412
441.3863636	3827.886364
336.6666667	3828.083333
701.6753247	3829.935065
738.3396226	3844.792453
716.047619	3845.507937
720.9324324	3847.905405
740.7142857	3849.603175
732.4571429	3850.114286
418.2702703	3853.648649
728.28	3851.88
725.1780822	3856.410959
732.7241379	3857.655172
760.5517241	3857.310345
722.6666667	3860.333333
716.9032258	3859.306452
701.4482759	3862.810345
758.4769231	3862.030769
720.64	3864.44
726.8076923	3865.384615
373.6086957	3865.217391
722.4193548	3868.290323
598.5	3884.222222
606.1809524	3885.47619
598.7	3888.95
670.275	3888
722.59375	3888.84375
644.2718447	3892.757282
647.9888889	3899.1
903.2244898	3897.469388
471.1363636	3898.5
724.2592593	3898.296296
734.5	3899.086957
727.6857143	3901.714286
653.2222222	3902.888889
641.3	3904.833333
649.2539683	3906.984127
736.7	3907.62
718.5	3909.5
732.4869565	3911.930435
590.3823529	3922.088235
483.0392157	3923.666667
445.7	3926.175
487.875	3930.96875
482.9393939	3933.878788
478.2307692	3935.846154
391.8064516	3936.903226
487.9230769	3938.115385
485.6315789	3941.789474
481.2307692	3942.5
876.75	3947.083333
752.8405797	3951.347826
415.5925926	3952.074074
482.5090909	3952.890909
698.9393939	3957.575758
501.238806	3958.313433
753.3934426	3961.196721
757.8714286	3966.428571
866.2777778	3964.888889
356.4772727	3965.977273
367.5774648	3967.915493
721.25	3969.666667
736.9117647	3969.058824
376.1142857	3970.457143
726.48	3971.2
905.9787234	3970.638298
381.0571429	3972.2
912.9130435	3972.304348
311.9705882	3972.352941
731.9	3970.783333
920.1521739	3973.152174
739.2045455	3975.795455
728.7333333	3977.2
735.0833333	3977.666667
761.5151515	3977.666667
688.25	3979.95
736.2758621	3981.034483
260.68	3983.16
714	3981.241379
719.3684211	3983.197368
735.4545455	3984.090909
482.1481481	3985
728.9787234	3984.425532
765.25	3984.821429
480	3990.5
726.5777778	3989.911111
735.8505747	3991.850575
716.0526316	3993.105263
480.3478261	3995.652174
721.278481	3997.582278
729.3333333	3996.74359
440.3684211	3999.394737
726.4857143	4001.628571
831.8125	4001.1875
733.244898	4002.857143
499.695122	4004.292683
363.3870968	4006.096774
693.5833333	4009.472222
370.2	4011.5
699.6346154	4011.807692
708.1612903	4014.854839
692.3	4014.833333
434.0769231	4017.153846
686.4897959	4015.653061
501.7142857	4019.285714
511.0555556	4018.055556
690.4363636	4021.218182
494.3243243	4021.621622
488.7692308	4023.442308
500.8444444	4026.088889
507.4651163	4025.430233
251.5	4027.5
688.3846154	4027.076923
452.0666667	4027.9
295.5	4031
863.2857143	4035.5
497.3269231	4038.134615
253.25	4045.85
259.0857143	4047.342857
468.0333333	4047.733333
324	4052
376.4358974	4060.641026
386.4	4061.6
266.5	4072.722222
703.2467532	4073.987013
486.26	4078.84
400.7192982	4081.105263
698.5833333	4082.25
699.0869565	4090.086957
882.8095238	4092.761905
442.5531915	4096.446809
295.3125	4097.625
301.375	4100.291667
307.5	4101.153846
618.8333333	4103.1
624.6777778	4105.011111
667.3478261	4104.23913
674.3913043	4105.695652
440.5	4107
634	4109.054545
415.74	4109.72
616.7346939	4108.77551
668.125	4110.107143
804.875	4111.333333
627.6764706	4112.941176
665.7	4116.06
681.7931034	4115.45977
613.2539683	4114.174603
700.8709677	4119.903226
626.2962963	4120.092593
680.7027027	4121.337838
615.890411	4123.164384
623.4848485	4123.848485
619.8333333	4128.25
679.9358974	4129.602564
683.3809524	4134.166667
661.0344828	4133.689655
683.5909091	4141.424242
659.76	4141.8
568	4144.5
400.5	4160.5
454.6593407	4185.087912
373.5833333	4190.383333
591.654321	4190.592593
812.5714286	4193.057143
649.5918367	4203.316327
439.893617	4206.425532
405.7916667	4208.416667
643.2028986	4209.855072
660.7142857	4213.5
538.5	4214
638	4215.333333
649.525641	4225.423077
593.16	4237.826667
586.6086957	4239.304348
597.7938144	4241.896907
391.2222222	4243.444444
580.0344828	4242.275862
641.9459459	4243.783784
574.3965517	4247.189655
590.0645161	4247.806452
381	4248.619048
583.0701754	4248.77193
640.925	4248.75
568.1538462	4251.461538
586.9090909	4252.409091
643.1445783	4256.240964
582.9090909	4255.772727
577.7446809	4256.276596
586.0425532	4260.595745
577.9230769	4261.692308
581.2068966	4262.448276
534.1282051	4264.192308
647.9183673	4268.642857
545.3076923	4272.895105
650.4375	4275.8125
554.4666667	4276.666667
516.5348837	4283
463.0185185	4292.259259
629.8275862	4297.275862
635.2777778	4299.222222
522.8947368	4299.921053
630.3870968	4302.419355
526.9157895	4305.368421
472.4655172	4317.724138
479.6610169	4321.338983
335.9142857	4334
704	4337.2
570.0192308	4347.038462
567.7096774	4355.596774
473.9069767	4362.930233
469.28125	4361.5625
466.6538462	4365.730769
478.877551	4365.285714
468.9	4369.15
397.5625	4370.4375
473.9178082	4371.958904
760.5526316	4378.421053
591.7966102	4380.915254
597.5555556	4379.888889
383.4666667	4387.866667
212.0909091	4398.909091
201.6451613	4404.806452
646.4285714	4404.892857
418.9565217	4412.26087
512.6388889	4418.138889
496.6363636	4416.818182
491.4444444	4419.422222
500.9	4421.64
610.702381	4422.904762
495.875	4422.9375
506.6666667	4423.733333
399.2272727	4425.272727
492.4583333	4425.416667
498.5217391	4428.108696
665.673913	4433.586957
354.9259259	4438.148148
615.7241379	4443.586207
340.4285714	4448.380952
653.2368421	4448.552632
601.1408451	4459.042254
451.5666667	4462.483333
518.5686275	4469.27451
372.2916667	4471.854167
751.7857143	4483.571429
757.030303	4486.69697
555.9090909	4491.75
563.6666667	4490.985507
559.9032258	4495.806452
534.3454545	4498.781818
582.3333333	4500
526.8	4501.23
532.0645161	4505.483871
511.9090909	4512.969697
515.4042553	4516.829787
532.2159091	4516.193182
524.9444444	4518.833333
519.8333333	4520
511.5480769	4526.451923
521.8292683	4524.926829
515.9411765	4526.529412
513.8461538	4532.153846
522.0571429	4530.514286
611.38	4533.86
519.3243243	4534.918919
490.0149254	4534.686567
483.1785714	4536.142857
509.1714286	4537
488.4666667	4540.4
497.1764706	4538.705882
511.7222222	4540.166667
518.3636364	4539.181818
527	4538.586207
521.2	4540.5
515.48	4541.96
524.9459459	4543.702703
462.9782609	4554.543478
455.1666667	4554.833333
466.9148936	4554.723404
458.9310345	4555.931034
502.9180328	4573.213115
506.6388889	4576.111111
529.3421053	4581.5
527.7407407	4590.592593
253.5333333	4608.133333
348.2318841	4626.028986
344.6206897	4632
202.3157895	4651.578947
183.8333333	4660.055556
191.1416667	4688.291667
189.75	4696.75
183.7173913	4694.152174
227.4761905	4696.690476
219.6206897	4697.775862
236.3375796	4712.802548
229.1	4720.66
219.3333333	4720.205128
275.5	4728.5
327.3695652	4735.434783
194.0243902	4761.536585
389.5	4795.5
367.1875	4811.8125
406.9625	4819.8875
405.62	4826.12
514.2857143	4833.142857
509.6	4836.2
552.5	4836
304.6075949	4841.531646
296.5535714	4844.678571
508.626506	4847.385542
514.3	4849.7
505.8181818	4854.272727
542.1654676	4859.726619
488.5	4867.5
531.5090909	4870.454545
491.1304348	4873.217391
438.4545455	4886.472727
466.6037736	4915.849057
448.8928571	4943.232143
143.8235294	5042.558824
360	5065.875
161.4821429	5149.089286
271.1666667	5152.944444
161.9583333	5155.375
265.7407407	5158.703704
262.0666667	5164.266667
182.7608696	5174.391304
165.3333333	5174.166667
202.4	5179.6
170.875	5182.875
172.2105263	5186.947368
176.1111111	5186.888889
174.9166667	5192.416667
