X	Y
0	0
0	6000
6000	0
6000	6000
342.6904762	58.80952381
347.9166667	64.33333333
235.3636364	89.01136364
161.4444444	103.6666667
149.9230769	131.0384615
255.6516854	146.0449438
451.65	153.05
207.3962264	169.6792453
472.8148148	177.5185185
144.734375	186.53125
546.0333333	193.3
146.68	196.08
330.1724138	206.2241379
551.3846154	212.2692308
503.32	213.92
558.1538462	244
452.7407407	263.7962963
580.7135135	276.5675676
820.875	280.125
493.0588235	281.4117647
504.9310345	280.0689655
426.2272727	281.6363636
176.4	283.04
444.4727273	281.2181818
451.78125	281.8333333
583.6078431	286.1078431
797.2962963	284.962963
481.0909091	288.6363636
485.6938776	289
450.4772727	290.75
448.75	296.1428571
474.7605634	295.0140845
482.3896104	297.0779221
456.0510204	296.0714286
371.6590909	299.8863636
412.3	299.3363636
494.5102041	302.4693878
475.5	307.5
446	311
152.8235294	322.6176471
187.4736842	324.6315789
246.9090909	328.969697
544.2142857	329.5
254.125	332.25
521	332.2
390.0526316	333.7719298
490.7692308	338.2307692
495.2321429	339.9821429
392.8609626	339.6042781
398.2083333	347.2083333
508.5555556	344.7777778
489.4516129	348.7096774
515.4777778	349.1444444
508.3846154	352
416.9189189	358.6621622
414.1864407	365.1186441
491.7567568	369.4864865
412.3793103	371.2413793
470	372.0444444
482.8484848	370.8181818
368.5882353	372.1176471
499.925	373.225
381.0495868	372.0330579
374.1960784	376.7647059
704.8	376.4
304.8787879	376.969697
355.9615385	378.0769231
483.8728814	377.5847458
495.0555556	378.1888889
368.1186441	382.3050847
375.3333333	382.4666667
473.0535714	380.1607143
490.1891892	383.9459459
520.9	381.75
480.6516854	385.8426966
469.9081633	387.4489796
524.9387755	386.4081633
421.4722222	387.3888889
419.8181818	392.2727273
475.0769231	394.1538462
490.6206897	392.3448276
412.6206897	394.862069
481.5762712	394.9830508
489.7	395.9
486.2631579	400.0526316
501	405.0789474
480.9384615	410.7230769
389.9230769	415.6923077
514.030303	415.7575758
532.3214286	418
523.9863014	419.1369863
537.6	421.32
532.9655172	423.5172414
517.8571429	423.1428571
526.0571429	425.9857143
483.1363636	428.9545455
517.695122	429.2195122
478.2598425	433.6062992
408.4166667	439.3333333
452.4637681	441.0289855
552.8405797	442.1304348
447.8378378	446.1351351
453.1304348	448.4347826
242.5	451.5
409.5151515	453.1136364
528.8461538	456.1076923
534.9375	460.6785714
454.4925373	460.3283582
543.1470588	459.2941176
422.875	461.9375
511.6666667	461.25
403.5321101	464.2568807
545.9032258	465.3548387
518.7647059	465.1176471
525.1525424	465.5423729
537.3333333	468.2280702
530.9166667	468.875
540.972973	471.6486486
488.7	470.3
460.5473684	470.8526316
822.7	470.75
827.5454545	472.4545455
526.3529412	472.7058824
468.7948718	478.9487179
440	483
736.452381	484.3809524
448.875	486.125
473.9393939	485.4848485
522.5581395	491.6395349
479	492
522.0384615	498.1153846
527.3870968	497.3870968
486.9619048	501.0285714
734.4473684	505.8157895
558.8	512.5
999.1052632	517.5789474
798.1	532.7
628.7692308	539.6025641
254.875	541.6666667
632.8333333	543.5
637.7681159	546.5652174
395.8928571	550.6785714
388.2571429	552.6571429
653.972973	554.1081081
510.8717949	559.6410256
626.0131579	563.7763158
629.7058824	567.8529412
635.0625	567.3125
632.011236	575.3483146
786.5	571.75
623.1044776	572.3731343
666.7435897	573.4358974
720.3170732	574.8536585
639.972973	576.2162162
672.5897436	577.6923077
658.125	577.78125
646.52	578.72
723.0217391	580.3478261
652.3684211	581.7368421
666.7209302	582.1860465
793.1818182	581.8181818
267.0967742	586.4516129
648.3225806	586.483871
656.0689655	586.4137931
873.3333333	587.25
963.8095238	587.047619
627.5657895	586.2631579
728.95	587.9
582.0833333	588.9166667
761.4444444	587.8148148
634.0123457	593.6666667
714.6086957	589.5652174
625.2736842	594.7684211
736.5806452	594.7741935
755.4	594.6666667
760.7777778	596.1111111
630.2	595.1
432.826087	596.6956522
655.1142857	597.4857143
745.6666667	599
750.7924528	599.3396226
427.6111111	599.9444444
730.0925926	599.6851852
725.2758621	601.137931
622.1470588	605.4117647
391.2352941	606.3529412
696.9090909	605.6363636
630.7037037	607.3703704
729.8095238	606.8571429
749.8181818	605.9090909
538.4166667	608.2916667
636.1875	607.6875
724.2244898	607.8979592
615.3265306	608.4489796
649.74	607.91
399.4	611.7
543.4705882	611.4705882
621.8648649	612.1351351
616.7297297	614.1351351
744.1111111	613.1666667
889.9032258	614.1935484
728.3939394	615.030303
645.7027027	615.9594595
653.6666667	616.8
758.8809524	617.7857143
636.5901639	619.6721311
924.75	620.03125
809.7457627	620.4915254
820.2653061	621.1836735
643.3529412	621.4705882
752.1911765	623.3823529
834.8235294	622.4117647
951	623.1363636
829.9166667	622.875
813.9076923	626.1846154
822.0508475	628.440678
817.4444444	632.6388889
771.5	632.1875
739.9189189	633.4594595
679.5833333	634.1666667
673.2857143	637.7857143
697.4117647	639.0588235
682.0806452	640.4193548
676.2962963	644.6666667
757.4117647	643.8823529
763.3913043	644.3043478
497	645.8
701	647
807.05	647.55
685.7687861	648.9421965
769.2040816	648.0408163
644.9285714	649.8571429
814.3125	646.6875
878.4	648.15
811.7619048	649.8571429
821.2037037	649.537037
604.5681818	651.4772727
870.4482759	651.4137931
704.5652174	652.8695652
746.7567568	654.3918919
666.44	654.6
874.1111111	653.6666667
736.5625	655.1458333
547.375	657.5625
711.0472973	655.9864865
744.1428571	659.3571429
803.584507	658.8873239
761.7631579	663.5526316
654.7435897	666.4615385
939.5	668.7777778
800	669.625
874.3461538	669.4615385
898.9672131	671.4918033
659.6923077	672.8205128
792.6470588	672
1133.411765	674.8823529
799.475	675.7625
480.09375	678.125
707.2580645	678.4516129
719.9354839	677.3870968
808.6190476	677.9761905
885.025641	677.4871795
909.6666667	677.9166667
895.7313433	678.2089552
802.1153846	682.0769231
619.5	681.7857143
768.5882353	683.5392157
815.047619	683.3809524
808.4285714	684.5714286
890.6266667	683.56
681.3863636	686.1590909
721.40625	684.96875
803.6842105	687.1578947
510.3846154	687.3846154
870.5	689.125
812.9375	690.6875
902.8	691.1666667
873.2444444	695.4444444
709.8636364	697.9545455
681	703.1363636
873.1296296	703.4444444
719.8611111	703.9166667
688.7384615	703.4307692
988.1176471	705.5882353
1029.928571	706.9285714
685.4084507	710.5633803
694.0857143	709.1142857
639.2413793	710.1034483
862.7083333	709.9583333
923.0227273	709.7272727
725.5757576	715.4242424
929.6915888	715.2803738
948.3461538	715.1153846
918.6969697	715.5606061
951.5789474	719.4210526
963.2173913	720.2608696
923.25	721.0833333
929.4	724.15
681.12	725.68
926.4193548	727.9677419
749.7647059	727.0588235
755.9122807	728.7192982
842.7272727	728.1212121
431.9111111	731
800	732.3076923
424.7	733.6
795.9444444	734.8888889
842.5641026	735.5897436
850.1818182	736.8181818
762.6875	737.890625
937.3	741.3181818
406.7662338	740.974026
927.1428571	741.8809524
305.6923077	743.5384615
428	747.5
825.9166667	748.1666667
719.5925926	749.5555556
841.137931	750.5862069
881.0612245	750.3469388
918	749.5681818
590.6	751.8571429
796.6153846	751.0641026
913.8333333	751.8095238
319.2857143	757.5
953.2164948	755.7731959
669.84	758.6
947.4925373	759.7761194
867.3666667	760.4
962.626506	762.3012048
980.7346939	763.7755102
951.6538462	765.1153846
956.9565217	765.6086957
973.9104478	763.5522388
924	766.1538462
409.3793103	766.7241379
866.047619	766.9285714
956.3030303	770.2727273
972.8307692	770.9846154
916.08	770.8
965.9545455	770.5
860.6170213	772.1489362
961.3793103	771.2068966
866.2702703	773.5945946
984.8395062	769.5185185
327.1666667	774.25
947.8484848	774.1515152
980.2903226	774.483871
951.6888889	772.0888889
975.4444444	775.7777778
889.65	776.875
991.4915254	775.559322
858.8695652	777.6956522
956.16	778.08
882.1111111	779.037037
968.16	778.08
948.5	779.7058824
865.125	781.0416667
893.9375	782.4375
952.2307692	783.6923077
961.5047619	783.8857143
973.6538462	781.6730769
958.5333333	782.0666667
980.3675214	783.4615385
989.0454545	783.3181818
923.5	781.4705882
968.7222222	785.8333333
887.1746032	786.0238095
869.2571429	787.1428571
953.7804878	788.7560976
982.7142857	790.2653061
871.5853659	791.1463415
965.5833333	792.8541667
975.6666667	792.3888889
1184.289855	793.7971014
874.2711864	796.0338983
936.8481013	795.3924051
971.3863636	792.8181818
527.3636364	795.9090909
959.0909091	796.9393939
878.8125	796.9375
951.7222222	796.2222222
973.6890756	800.8739496
949.3333333	803.3055556
955.6290323	802.8709677
666.5873016	805.8412698
966.1860465	807.5116279
978.0967742	809.516129
349.5789474	809.3684211
951.7714286	809.2571429
879.0363636	807.8909091
963.52	812.72
607.8333333	814.3333333
876.90625	814.75
883.4683544	816.2025316
348.3846154	815.4230769
764.826087	819
958.0652174	820.0217391
964.884058	818.826087
893.2307692	820.8846154
888.0625	822.09375
877.5666667	822.6333333
884.0465116	825.4651163
891.2352941	827.0882353
961.4677419	826.3225806
870.1162791	826.0465116
874.1458333	829.1458333
551.1666667	830.6111111
997.8888889	830.5
398.875	833.875
878.6842105	833.0350877
526.5833333	838.25
810.875	839.125
393.3928571	839.5357143
389.32	843.56
522.8717949	842.4358974
385.7083333	847.7083333
730.5806452	850.5483871
828.3611111	851.1111111
823.1	852.3
1049.461538	853.8461538
432.4285714	855.3809524
819.5	854.9117647
840.06	857.44
815.3841463	859.945122
826.2727273	860.2727273
876.2083333	862.1041667
836.3275862	863.4310345
1005.125	863.25
1092.0625	864.625
830.3488372	867.8604651
835.5272727	871.7090909
843	868.7291667
815.4137931	870.4482759
761.2666667	874.0833333
822.8541667	872.9375
664.4047619	874.5
444.8571429	876
1216.2	875.8
463.5	882.7272727
1161	883.5
435.5	886.5
734.325	890.375
735.3174603	895.7301587
730.4594595	899.1081081
741.1785714	900.2142857
561.5714286	899.6190476
733.2777778	902.7222222
737.8297872	904.5744681
743.5625	910.359375
520.375	917
681.8484848	920.8484848
717.2	930.1428571
1098.272727	931.5
508.5925926	932.7407407
1062.375	935.25
1213.833333	939
891.4285714	941.3809524
689.8043478	943.826087
956.5833333	949.75
529	955.5
847.752809	957.4831461
876.4	958.24
1149.5	959.0833333
849.8	963.5666667
843.6315789	964.0789474
1248.15	965.05
588.25	969.25
844.4078947	973.3026316
596.4411765	970.6764706
604.8461538	970.2820513
849.8869565	977.3130435
969.5422222	974.2133333
444.25	976.75
449.475	978.975
465.48	984.44
753	987.5
662.3846154	988.3333333
908.2608696	994.5217391
912.3888889	995.2777778
975.7244094	995.1023622
1164.323529	997.0882353
982.0142857	997.4714286
946.5	999.5
961.96	1002.16
875.1521739	1004
973.125	1004.875
979.7857143	1008.071429
961.0442478	1008.300885
831.2244898	1007.693878
879.744186	1006.209302
988.125	1008.208333
847.0277778	1013.388889
998.0375	1009.6625
992.09375	1013.359375
836.2116788	1014.562044
502.9	1017.1
952.5	1017
996.84375	1018.5625
828.0232558	1017.953488
983.9620253	1016.21519
840.8	1021.892308
989	1021.525
925.9569892	1021.204301
996.1428571	1023.071429
848	1024.380952
974.2916667	1022.916667
919.1212121	1026.090909
948.45	1025.95
981.0729167	1026.8125
924.65625	1027.9375
951.3928571	1029.285714
972.2307692	1030.492308
1002.101449	1028.173913
915.2363636	1032.4
922.84	1032.24
963.1578947	1030.368421
996.8421053	1030.070175
917.4	1037.883333
473.6666667	1036.333333
975.4375	1035.75
979.25	1037.666667
945.4333333	1040.066667
1063.12766	1040
696.25	1042.321429
963.03125	1039.914063
985.9836066	1042.393443
1073.883721	1042.581395
1102.341176	1044.941176
1112.065789	1043
971.247619	1044.295238
977.2758621	1046.224138
958.6571429	1047
995.5	1047.214286
962.8679245	1051.018868
969.8333333	1052.833333
1048.5	1051.537037
743.4285714	1054.371429
494.6842105	1052.894737
974.05	1059.25
1052.117647	1062.588235
760.6666667	1062.5
507.255814	1064.534884
710	1069.5
1102.666667	1074
789.8	1076.5
525.2592593	1081.703704
1028.888889	1082.444444
438.8461538	1088.076923
1032.75	1089.145833
1038.560976	1096.926829
739.6176471	1098.852941
758.7435897	1099.076923
916.2857143	1098.5
1009.236364	1097.963636
1044	1101.884615
531.1290323	1100.741935
734.2692308	1102.461538
1048.481481	1106.666667
671.3939394	1106.484848
733.862069	1112.741379
736.1866667	1125.16
1098.268293	1126.487805
489.125	1133.1875
785.7368421	1134.131579
491.9333333	1134.933333
659.5	1136.4
384.9130435	1137.565217
498.04	1137
690.122807	1137.877193
430.2666667	1139.566667
414.53125	1143.65625
433.7878788	1143.727273
652	1144
673.6607143	1143.982143
437.875	1148.25
722.4285714	1148.75
692.15625	1149.96875
891.75	1150.25
444.7105263	1151.842105
674.6341463	1150.390244
991.3333333	1151.939394
679.7647059	1152.382353
712.8317757	1153.448598
451	1154.5
660.9944134	1156.357542
970.5	1155.5
677.2941176	1157.019608
458.9649123	1158.263158
646.3095238	1156.785714
675.5294118	1161
710.1538462	1160.769231
1094.15	1160.7
665.9655172	1162.87931
470.6530612	1164.040816
648.625	1163.125
670.7272727	1161.883117
682.686747	1164.240964
1124.633333	1165.5
479.0666667	1168.066667
682.7142857	1169.44898
748.2613636	1167.295455
486.125	1171.825
659.0384615	1172.269231
667.8275862	1172.603448
493.2903226	1175.935484
665.3	1178.1
652.3454545	1178.236364
676.0882353	1178.078431
657.2884615	1180.75
503.453125	1180.78125
643.9354839	1182.387097
1163	1187.5
641.22	1187.96
1031.208333	1188.875
1081.625	1189.75
636.8536585	1192.195122
606.173913	1192.630435
644.6481481	1193.851852
652.0851064	1198.319149
697.1232877	1196.452055
1158.75	1197.625
990.3529412	1198.470588
692.5454545	1202.506494
326.4375	1214.041667
335.5	1221
1086.162162	1226.702703
345.2424242	1228.090909
906.875	1234.5
428.4230769	1236.423077
1127.666667	1236.888889
569.8461538	1239.384615
641.5714286	1241.428571
652.8666667	1243.333333
632.1428571	1245.909091
650.3333333	1248.939394
626.3714286	1250.728571
639.2413793	1249.034483
1086.909091	1250.575758
644.7	1250
664.3950617	1251.395062
649.7857143	1253.785714
714.6875	1254.1875
625.245283	1258.018868
637.0645161	1253.935484
645.7169811	1256.981132
656.5	1254.714286
632.5	1257.625
640.625	1259.75
667.4444444	1260.333333
651.5	1267.5
1097.76	1268.16
698.4666667	1269.216667
311.0789474	1269.552632
630.6576577	1272.414414
316.8148148	1273.851852
321.7058824	1276.411765
649.6315789	1277.473684
689.8421053	1276.947368
326.5757576	1279.363636
635.5135135	1281.648649
332.1	1282.566667
631.6153846	1285.615385
867.4705882	1286.235294
678.4302326	1286.511628
682.7936508	1290.333333
802	1288.578947
387.03125	1290.84375
1134.571429	1290.619048
684.3409091	1294.295455
807.6949153	1293.864407
798.0571429	1295.571429
395.5	1294.5
877	1296.131579
873	1297.571429
858.3157895	1299.5
870.1875	1299.6875
931.2272727	1298.681818
994.7428571	1299.171429
876.0943396	1302.622642
887.7027027	1302.72973
927.3783784	1302.486486
797.7468354	1305.164557
792.5	1304.5
823	1311.75
851.7741935	1314.612903
1097.184211	1314.894737
828.7142857	1315.5
697.35	1317.3
823.5625	1316.625
832.5652174	1316.782609
701.95	1318.1
912.6470588	1317.882353
827.14	1320.26
938.6060606	1319.30303
707.483871	1320.225806
711.6363636	1321.409091
979.2051282	1321.025641
851.6	1320.914286
933.5740741	1321.074074
953.4285714	1324.365079
702.6666667	1324.083333
717.64	1323.54
845.2857143	1322.946429
938.6984127	1327.190476
854.0869565	1326.130435
928.4444444	1327.907407
947.5172414	1326.034483
677.9462366	1326.268817
717.525	1328.975
843.6052632	1328.907895
710.3076923	1328.861538
816.58	1329.9
821.164557	1333.303797
944.25	1331.166667
843.09375	1332.34375
850.9411765	1333.352941
703.5084746	1332.033898
693.5932203	1333.389831
894.375	1334.166667
698.8709677	1337.596774
842.9772727	1337.818182
1161.205882	1339.058824
428.7692308	1339.538462
920.0833333	1339.083333
932.4096386	1338.156627
952.56	1340.12
642.9104478	1342.791045
922.5206186	1349.979381
930.2727273	1345.757576
918.0285714	1343.228571
433.7708333	1345.5
662.2403846	1344.663462
674.5813953	1348.348837
959.4067797	1349.152542
286.76	1351.8
666.0365854	1353.195122
959.5555556	1355.111111
1033.956522	1351.695652
911.0566038	1352.471698
927.3333333	1354.777778
857.8181818	1353.181818
679.7222222	1355
860.4693878	1357.244898
916.0769231	1358.153846
953	1357.5
674.825	1358.575
842.7419355	1357.451613
848.7586207	1357.103448
355.68	1357.12
854.1621622	1360.324324
689.1081081	1360.864865
843.0952381	1362.904762
887.2142857	1360.464286
360.325	1362.475
847.8478261	1363.847826
669.8431373	1364.098039
679.231405	1366.61157
685	1366.625
717.5	1371.5
812.34375	1370.28125
817.0645161	1373.064516
698	1374.45283
813.375	1376.85
337.3714286	1378.971429
698.6909091	1380.709091
844.2121212	1378.787879
948.3571429	1377.785714
983.3714286	1379.628571
836.5757576	1380.333333
843.8275862	1383.896552
838.7083333	1384.958333
988.972973	1384.162162
982.3428571	1385.885714
975.9361702	1388.829787
869	1390.727273
891.1136364	1392.545455
980.3888889	1392.907407
364.0357143	1393.035714
896.6842105	1392.421053
370.0625	1395.625
972.8958333	1395.479167
870.1282051	1396.153846
964.8571429	1396.190476
863.4482759	1396.965517
900.6153846	1397.615385
892.65	1398.65
377.7419355	1399.516129
961.547619	1399.97619
386.462963	1403.703704
889.4	1404.2
925.5238095	1402.357143
929.3030303	1404.666667
955.8166667	1401.966667
966.4769231	1406.015385
935	1406.375
398.7681159	1409.26087
959.1176471	1406.941176
848.2777778	1410.055556
853.1142857	1409.628571
923.3673469	1410.285714
950.728972	1411.056075
933.0714286	1411.571429
927.6060606	1412.515152
248	1413.5
847.40625	1414.53125
883.6111111	1413.333333
965.4880952	1413.464286
668.2876712	1415.917808
854.8526316	1417.642105
958.5	1415.7
812.5434783	1417.130435
914.2321429	1418.053571
931.4	1416.909091
332.3529412	1418.235294
974.3508772	1416.754386
947.2553191	1420.425532
968.6363636	1421.454545
337.3571429	1419.821429
891.5	1420.5
933.25	1422.728261
977.7111111	1421.9
668.02	1421.7
961.5517241	1421.413793
843.1578947	1424.342105
850.125	1423.833333
862.779661	1422.610169
617.5263158	1424.631579
981.7291667	1424.604167
855.9354839	1426.354839
914.3	1427.333333
942.3181818	1426.636364
690.0652174	1428.5
983.8709677	1428.645161
862.6451613	1430.27957
851.775	1431.925
846.1081081	1433.297297
618.28	1433.46
863.9642857	1436.75
892.265625	1438.203125
620.7142857	1439.5
828.1153846	1438.269231
877.0526316	1441.315789
230.1578947	1442.842105
888.1818182	1444.181818
718.3939394	1448.515152
586.9259259	1454.407407
851.3846154	1456.384615
871.3	1455.9
858.8666667	1456.466667
864.3333333	1455.520833
866.7594937	1462.468354
847.0294118	1459.794118
858.0694444	1463.833333
875.0869565	1463.717391
889.5090909	1464.654545
731.25	1465.25
631.2222222	1468.592593
958	1469
965.6363636	1468.909091
732.4081633	1471.081633
952.46	1472.52
634.7	1473.975
856.4897959	1473.346939
881.1666667	1474
1195.888889	1474.666667
967.6666667	1476.08046
947.5	1477
960	1477
922.7894737	1476.105263
852.0571429	1478.857143
914.9340659	1476.615385
907.516129	1479.741935
595.5	1481
903.8	1483.5
910.6	1484.1
975.7692308	1482.205128
900.0416667	1484.541667
195.6129032	1486.16129
968.925	1486.175
980.8823529	1485.705882
725.1666667	1487.833333
528.3333333	1488.875
854.5	1489.2
893.0740741	1487.592593
859.1428571	1490.357143
979.125	1490
731.5	1492
745.5284553	1490.097561
974.3678161	1491.735632
865.1363636	1492.818182
890.9574468	1494.712766
750.6363636	1494.818182
587.2380952	1496.738095
735.4	1497.4
731.5882353	1497.470588
739.6470588	1497.529412
853.7678571	1496.892857
877.4666667	1500.1
471.6	1500.96
896.0833333	1500.916667
732.2711864	1503.983051
738.6956522	1504.217391
856.1111111	1502.809524
870.2682927	1501.121951
717.1076923	1500.892308
747.9090909	1506.202797
871.9473684	1506.105263
434.4	1506.933333
703.5	1507.5
851.9555556	1507.444444
876.0277778	1506.805556
721.0547264	1510.696517
935.7301587	1509.857143
940.1384615	1512.184615
271.65625	1513.59375
906.7741935	1515.096774
645.2564103	1518.820513
932.58	1518.14
726.9761905	1519.547619
329.137931	1520.017241
721.12	1520.08
719.5242718	1527.961165
743.597561	1525.036585
340.7592593	1525.12963
933.5294118	1524.352941
717.0625	1528.8125
710.504065	1528.081301
881.375	1532.4375
1158.628205	1534.846154
1173.284615	1534.253846
639.9302326	1535.534884
717.3529412	1537.941176
1143.5	1538
722	1539.428571
602.7435897	1539.974359
727.2708333	1539.916667
797.1929825	1540.368421
712.4647887	1539.732394
721.8	1542.9
636.2	1544.2
962.4210526	1544.315789
714.0714286	1545.357143
920.974359	1544.935897
708.7407407	1544.296296
732.9833333	1545.283333
756.7878788	1547.69697
739.9379845	1545.767442
707.0833333	1549.486111
716.9178082	1549.136986
725.6481481	1547.407407
915.7777778	1549.888889
733.4242424	1555.878788
755.1276596	1553.425532
513.2	1553
724.203125	1554.875
743.8888889	1554.222222
629.9722222	1556.722222
709.6575342	1556.753425
728.6666667	1557.857143
740.4888889	1559.644444
720.9705882	1557.441176
280.75	1561
716.3793103	1561.017241
720.1621622	1565.432432
729.2083333	1565.84375
287.3636364	1564.060606
739.483871	1566.516129
968.1875	1573.46875
335.5384615	1576.923077
1078	1580
573.49	1590.92
547.5	1592
846.5357143	1606.928571
908.8571429	1637.357143
432.4	1642.671429
444	1646.328767
788.9090909	1649.909091
822.1698113	1650.471698
935.4571429	1650.857143
826.1304348	1655.043478
168.1733333	1654.56
309.3	1656.3
820.6136364	1656.431818
1263.745098	1660.686275
559.1818182	1661.818182
372	1669.666667
764	1670.324324
719.625	1673.25
192.5	1678
797.5555556	1678.666667
291.7419355	1682.258065
234.1904762	1684.047619
984	1684.576271
1010.673469	1684.979592
1017.472727	1684.218182
543.8333333	1687.5
450.5	1702.382353
635.5	1704
964.7733333	1705.733333
815.6363636	1710.30303
821.5319149	1708.276596
965.5	1711.657895
962.8606557	1716.918033
497.96	1712.6
817.6346154	1715.884615
824.3030303	1714.121212
920	1713.678571
563.25	1715.09375
945.1066667	1715.093333
956.1346154	1710.615385
380.16	1716.36
577.1111111	1720.333333
827.0172414	1718.775862
940.0625	1718.3625
340.52	1720.38
551.7272727	1720.954545
384	1721.21875
819.5522388	1722.731343
346.6964286	1725.446429
1026.615385	1724.384615
459.2592593	1725.407407
1013.022222	1725.922222
978.25	1728.944444
352.25	1729.85
168.5	1730.8
897	1734
1021.153846	1733.346154
215.21875	1733.875
1068.903226	1734.967742
938.8076923	1736.25
1078.666667	1736.833333
219.4166667	1737.5
947.9655172	1738.793103
225.2264151	1743.075472
509.0645161	1738.870968
438.5	1742.5
519.0416667	1743.395833
987.8846154	1743.057692
1004	1745.2
504.5116279	1748.906977
805.2	1746.05
230.875	1749.375
1018.923077	1750.576923
997.7647059	1757.529412
765.5333333	1757.866667
919.7142857	1759.028571
1022.434783	1759.086957
1247.5	1758.5
1030.529412	1763.529412
800.5	1765.5
1023.714286	1769.571429
1027.421053	1769.105263
1033.704545	1768.704545
843.5	1771.222222
1046.282353	1770.223529
849.375	1773.625
1029.544643	1774.883929
855.9594595	1776.445946
1030.278481	1782.341772
1037.571429	1778.857143
1051.818182	1778.454545
1058.525	1778.9
862.1111111	1779.111111
913	1779.705882
1022.564516	1782.806452
1042.550562	1780
858.5714286	1781.571429
911.2	1782.333333
852.6595745	1783.93617
955.5416667	1785.666667
1047.474576	1786.508475
712.4	1787.08
835.0638298	1787.638298
1023.318182	1789.681818
1040.311475	1789.606557
158.5769231	1789.846154
843.3846154	1789.615385
1033.413793	1788.827586
827.047619	1791.071429
951.6727273	1791.218182
965.031746	1793.349206
1028.333333	1791.72549
1046.757576	1792.939394
167.4074074	1793.703704
956.36	1795.133333
822.9016393	1794.704918
1024.237288	1798.305085
1043.75	1798.136364
1084.780488	1800.634146
1014.225	1803.425
1018	1803.5
1041.636364	1803.795455
1051.989011	1806.252747
943.8412698	1806.15873
988.2708333	1808.25
842.9076923	1808.738462
899.8717949	1808.179487
929.5503876	1808.348837
1022.546667	1810.28
1029	1810.1875
1015.357143	1811.952381
425.9166667	1813.666667
845.3157895	1813.578947
922.7291667	1813.833333
1018	1816.638889
588.7837838	1817.621622
842.1666667	1816.111111
1053.682927	1817.621951
924.2439024	1819.707317
952.0634921	1817.84127
980.3114754	1819.47541
162.7674419	1819.953488
1023.514286	1821.285714
843.5	1823.128571
1046.032258	1822.064516
1016.116667	1823.433333
1021.678571	1827.928571
591.7301587	1826.301587
588.84	1830.92
1027.617978	1828.41573
840.3454545	1833.745455
595.5333333	1835.466667
803.9642857	1835.75
1030.208333	1834.333333
1035.710526	1835.131579
213.1666667	1836.648148
951.5950413	1838.495868
957.3958333	1840.166667
969.4074074	1839.074074
224.2586207	1839.827586
1032.650794	1840.761905
249.8363636	1842.709091
945.8039216	1845.627451
973	1842.769231
1023.461538	1843.384615
236.5862069	1843.172414
907.5	1844.272727
967.6111111	1844.277778
596.3095238	1844.357143
818.2777778	1846.444444
530.4761905	1848.380952
709.6451613	1848.387097
925.8333333	1849
990.3015873	1852.857143
598.1442308	1854.596154
987.245614	1857.192982
1035.316239	1860.495727
1048.206897	1859
1018.103448	1859.655172
808.3	1859.6
570	1860.875
1029.4	1863.314286
188.2142857	1864.107143
803.6517857	1863.839286
812.25	1864.392857
829.0263158	1865.157895
1137.5625	1866.375
438.5	1866.7
955.7586207	1867.241379
1011.954545	1866.727273
569.5384615	1869.153846
386.6153846	1869.769231
398.5263158	1871.631579
468.7	1871.55
810.55	1874.35
1027.5	1875
471	1877.115385
877.4210526	1876.666667
312.2333333	1879.266667
809.59375	1879.84375
974.4222222	1879.733333
927.5	1879.7
871.2954545	1883.636364
962.7142857	1882.428571
969.5571429	1884.528571
883.5448276	1884.275862
924.6060606	1883.878788
874.0731707	1888.365854
546.7619048	1886.428571
806.5	1886.305556
839.6195652	1887.815217
947.1875	1889.0625
471.6144578	1890.807229
880.6904762	1892.690476
875	1894.980392
888.5	1894.46
903.5357143	1896.035714
961.8125	1895.59375
842.9285714	1897.142857
881.7560976	1898.585366
283.7105263	1899.763158
315.5	1898.842105
805.952381	1899.190476
966.5194805	1900.532468
538.0333333	1901.1
875.7222222	1902.277778
474.8333333	1904
588.6842105	1902.789474
902.8493151	1905.424658
555.5	1903.777778
562.3478261	1904
535.8039216	1905.862745
557.725	1908.7
569.7305389	1910.035928
905.8	1908.866667
582.5	1910.5
590.8846154	1909.038462
880.9375	1909.5625
875.56	1914.2
884.4888889	1914.911111
925.8888889	1914.62963
581.24	1915.8
845.7058824	1916.831933
549.35	1917.516667
572.0384615	1918
518.8125	1918.75
166.2777778	1920.166667
524.1875	1920
879.7777778	1919.888889
884.7142857	1920.214286
926.75	1919.65
989.6818182	1922.068182
875.9333333	1922.844444
883.203125	1926.90625
846.3714286	1924.971429
939.4893617	1927.12766
874.4210526	1928.631579
508.3125	1929.1875
989.0588235	1929.294118
546.4827586	1930.275862
955.5	1930.785714
477.6176471	1931.352941
490.9666667	1930.633333
898.1262136	1928.456311
844.7916667	1933.666667
497	1932.518519
850.0888889	1933.2
512.3	1933.7
899.7272727	1935.712121
975.3274336	1936.309735
497	1937.901639
982.3777778	1938.733333
589.0864198	1939.160494
961.6923077	1943
149.2424242	1945.606061
157.137931	1945.482759
498.71875	1946.59375
891.6190476	1951.52381
897.6190476	1953
492.5555556	1954.027778
915.0588235	1954.764706
479.5588235	1954.970588
910	1955.575758
949	1957.2
588.3571429	1957.928571
978	1957.833333
904.0909091	1958.636364
1267.222222	1958.333333
482.1142857	1960.257143
911.1929825	1961.385965
971.9122807	1961.175439
530.8	1963.92
965.8125	1966.1875
528.0344828	1967.758621
940.5	1970
596.4	1972.828571
359.8095238	1976.857143
919.1111111	1977.333333
973.6129032	1977.193548
552.9387755	1981.244898
922.5	1980.442308
970.7333333	1984.493333
913.875	1984.75
906.1705426	1986.627907
705.85	1993.3
945.1086957	1995.130435
462.6904762	1998.404762
469.1940299	1999.208955
946.2931034	2001.310345
928.6315789	2002.552632
465.7272727	2004.606061
915.6388889	2006.083333
459.8	2006.54
461.1666667	2012.125
468.7066667	2010.76
922.7333333	2010.466667
441.8863636	2012.386364
1028.967742	2012.870968
842.4615385	2013.961538
474.5348837	2014.22093
397.4722222	2017.25
408.5	2017.5
491.8	2018.2
462.6923077	2018
472.1	2019.84
481.9230769	2019.153846
466.1333333	2023.633333
480.4578313	2027.777108
667.7826087	2023.695652
471.1578947	2025.842105
995.5	2027.5
1002.041667	2026.583333
468.4807692	2030.173077
474.2857143	2028.571429
459.3636364	2028.363636
1010.905263	2029.421053
462.8965517	2033.896552
471.4761905	2035.666667
900	2033
939.4098361	2036.311475
518.0714286	2034.142857
505	2035.5
930.8787879	2035.575758
476.0666667	2038.4
536.8383838	2038.868687
941.8780488	2043.121951
112	2044
177.3	2046.333333
485.2258065	2047.741935
540.1538462	2049.846154
1010.959184	2048.183673
475.0307692	2050
491.5882353	2049.088235
498.92	2051.746667
818.5	2051.5
920.9259259	2050.555556
723.0243902	2056.182927
730.5785714	2058.15
914.0645161	2055.33871
1006.95	2054.2
379.1111111	2055.666667
472.46875	2056.09375
541.5	2056.740741
735.2291667	2058
555.8285714	2058.685714
724.8055556	2063.555556
551.1612903	2060.983871
407.0909091	2062.090909
475.8666667	2062.533333
498.8421053	2066
779.75	2064.46875
144.46875	2066.4375
352.9285714	2067.142857
924.3421053	2067.736842
786.0666667	2067.833333
791.2763158	2068.828947
529.3333333	2072.30303
823.9016393	2070.459016
842.6491228	2069.561404
828.6428571	2072.607143
878.4193548	2073.516129
1016.631579	2073.736842
694.7419355	2075.8
951.6041667	2073.770833
826.1470588	2076.794118
838	2076.666667
440.6470588	2075.882353
686.28	2074.08
687.4963504	2085.569343
532	2079
791.4285714	2080.97619
835.3888889	2080.722222
178.2222222	2080.518519
438.7391304	2080.652174
615.2777778	2081.277778
171.1666667	2081.666667
899.974359	2082.846154
567.7777778	2083.5
694.7868852	2085.557377
921.3636364	2084.545455
925.4035088	2084.877193
791.5833333	2087.5
886.6363636	2084.090909
935.5454545	2086.136364
461.7083333	2087.5
518.7283951	2089.074074
534.2	2088.2
1145.904762	2091.52381
890.8571429	2089.571429
537.8375	2090.1875
773.6486486	2092.891892
921.1041667	2092
599	2094.795918
532.962963	2096.777778
770.0454545	2096.545455
907.8333333	2095.916667
894.328	2097.6
462.3333333	2098
474.05	2097.9
541.254902	2099.333333
527.5365854	2099.682927
890.0833333	2097.083333
921.48	2103.053333
874.7878788	2103.060606
895.3636364	2105.348485
903.5428571	2103.2
539.3157895	2103.736842
910.1451613	2102.548387
336.2857143	2104.821429
472.71875	2104.59375
833.3076923	2104.923077
916.031746	2106.809524
542.5384615	2106.153846
425.5238095	2106.619048
396.5740741	2110.203704
522.5333333	2111
917.2	2112.266667
376.6470588	2112.882353
501.8289474	2112.315789
531.0606061	2113.727273
456.7142857	2116.928571
908.8139535	2117.124031
309.2647059	2118.558824
531.2307692	2119.817308
464.3333333	2120.888889
695.703125	2121.5
902.0833333	2121.416667
539.8709677	2123.451613
1114.538462	2123.846154
534.5526316	2127.828947
497	2127.678571
896.9642857	2127.107143
344.3880597	2132.253731
696	2132.8
558.972973	2135.162162
505	2137
468.7096774	2137.548387
453.0178571	2146.017857
496.962963	2146.222222
132.1521739	2149.652174
116.2068966	2155.241379
189.4736842	2164.210526
196.1714286	2165.514286
531.7368421	2165.552632
145.3255814	2167.116279
522.7857143	2167.607143
519.4571429	2171.257143
531.5925926	2171.925926
524.1891892	2173.783784
510.2121212	2178.454545
918.2222222	2180.055556
516.2	2182.22
175.0606061	2183.727273
486.6571429	2185.485714
492	2185.333333
900.21875	2188.09375
721.1111111	2188.777778
851	2192.408163
902.4705882	2193.352941
855.0714286	2194.464286
707.7757576	2203.036364
539.1578947	2198.868421
602	2199.818182
545.5	2201.5
770.6010363	2204.253886
843.6111111	2202.777778
487.9617834	2202.88535
214.2280702	2205.982456
713.74	2209.3
499.7777778	2207.666667
844.0909091	2207.636364
518.75	2209.464286
524.5625	2210.583333
701.7	2207.357143
854.447619	2205.590476
772.5	2212.5
822.7352941	2213.235294
856	2213.5
769.744186	2215.232558
699.3269231	2215.961538
857.1785714	2216.107143
412.7058824	2215.941176
705.5357143	2217.857143
736.25	2217.8125
858.2604167	2223.791667
710.0645161	2218.709677
228.65	2219.45
375.0869565	2218.782609
799.4137931	2218.724138
895.3333333	2219.125
748.7058824	2220.764706
493.5	2220.5625
711.5248869	2232.628959
702.7652174	2226.33913
887.8636364	2224.378788
880.3454545	2224.163636
892.8695652	2225.956522
847.3580247	2228.17284
415.0588235	2228.088235
439	2230
445.047619	2231.142857
850.4242424	2233.757576
407.3888889	2233.277778
705.2760563	2248.557746
891.1884058	2232.608696
1036.708333	2234.458333
413.4242424	2234.939394
826.3253012	2233.506024
839.9166667	2235.231481
984.4594595	2237.081081
548.0833333	2238.333333
206.7804878	2238.731707
413	2241.090909
177.9347826	2241.152174
823.65	2240.6
861.6906475	2241.906475
818.5	2242.659091
420.3618421	2241.565789
839.3717949	2242.935897
846.8545455	2241.745455
400.75	2248.9375
543.5	2249.5
462.5	2251.5
418.5	2252.285714
330.3461538	2252.730769
422.8387097	2252.741935
532.1060606	2254.621212
547.1785714	2253.821429
876.7407407	2254.333333
873.1538462	2256.846154
551.547619	2258.97619
841.525	2258.35
445.1764706	2259.470588
537.7884615	2257.442308
883.0857143	2256.457143
877.3962264	2260.415094
545.3478261	2262.891304
705.3818182	2264.054545
449.3333333	2266.083333
815.2	2265.666667
550.5714286	2267
554.8125	2266.6875
741.5	2267.5
805.5384615	2267.153846
531.875	2267.791667
844.326087	2270.152174
886.1780822	2270.424658
428.3857143	2271.814286
888.9807692	2275.346154
503.8470588	2276.858824
752.3	2276.15
907.5882353	2278.117647
431.2826087	2279.836957
450.125	2281.208333
805.28	2282.36
422.2857143	2282.285714
999.3571429	2283.595238
439.0333333	2283.216667
807.4444444	2286.666667
420.24	2287.8
426.95	2287.566667
435.0588235	2288.803922
445.25	2286.125
799.6938776	2289.265306
422.6129032	2292.322581
439.625	2292.5
158.6371681	2292.761062
906.6756757	2293.783784
135.5394737	2294.565789
147	2293.916667
441.6666667	2296.407407
804	2297.2
436.6	2300.2
869.5	2302
569.3666667	2302.633333
437.8387097	2305.516129
298	2305.789474
427.8846154	2307.653846
1158.111111	2308.666667
1247.470588	2309.647059
301.6666667	2312.62963
859.7142857	2319.357143
807.4897959	2320.081633
497.6285714	2320.342857
736.7142857	2322.771429
515.6666667	2328.121212
305.2467532	2333.792208
222.6296296	2336.666667
898	2336.906977
934.3333333	2336.888889
970.16	2337.68
563.5	2339.285714
978.3703704	2338.444444
153.2352941	2339.647059
819.7096774	2340.145161
963.2173913	2342.695652
359.0952381	2344.380952
892.3333333	2346.733333
961.4461538	2347.107692
355.3809524	2349.809524
858.3968254	2351.365079
386.1891892	2352.891892
888.875	2354.333333
350.6521739	2355.130435
852.4102564	2359.282051
831.8378378	2362.135135
822.24	2371.4
174.5897436	2376.717949
1119.85	2377.2
880.7777778	2387.111111
866.5384615	2391
223.7222222	2394.333333
929.2666667	2396.1
846.8392857	2399
343.5	2403.5
902.8627451	2401.54902
810.1904762	2406.928571
845.9012346	2413.876543
413.1538462	2410.923077
961.03125	2410.921875
858.5142857	2415.057143
863.2	2413.753846
790.5	2417.4
854.7391304	2417.695652
1077.677419	2418.645161
868.4962963	2421.933333
339.7073171	2421.658537
344.8125	2421.8125
307.66	2424.12
461.3636364	2423
859.8571429	2423.178571
184.6	2424.6
845.0487805	2427.658537
521.4117647	2429.882353
765.6666667	2430.866667
307.1052632	2432.368421
375.5714286	2432.714286
818	2431.631579
357.6190476	2433.22619
368.55	2433.828571
823.7252747	2434.395604
844.3030303	2435.939394
853.5263158	2436
124.5	2437.5
800.0526316	2437.947368
336.95	2439.25
305.8684211	2439.631579
827.5	2440.5
939.6857143	2440.171429
821.5789474	2440.789474
279.5862069	2442.724138
876.5639098	2444.360902
556.3333333	2451.636364
568.5609756	2451.634146
568.2	2457.433333
799.5333333	2458.533333
367.5	2462.5
715.9333333	2461.85
676.125	2463.666667
807.4444444	2464.083333
839.7384615	2464.338462
358.0571429	2466.657143
416.7608696	2473.826087
850.1162791	2473.651163
221.4210526	2475.105263
271.9666667	2476.666667
853.84375	2476.9375
891.1944444	2477.25
895.40625	2478.96875
902.5283019	2479.415094
929.6842105	2479.394737
911.36	2480.22
211.9130435	2482.202899
674.53	2485.35
566.75	2491.5
591.03125	2496.09375
707.5	2498.272727
375.8208955	2499.19403
552.8125	2500.75
882.4571429	2500.485714
460	2502.5
572.75	2507.05
868.9814815	2506.314815
852.56	2509.92
648.125	2511.5
653.7413793	2511.051724
841.2222222	2511
582.1162791	2515.116279
558.5072464	2516.318841
595.7222222	2521.240741
544.75	2524.75
539	2530
1065.2	2530.9
967.2222222	2533.777778
1102.545455	2533.590909
723.8727273	2539.872727
857.125	2540.333333
166.72	2540.32
863.4545455	2541.927273
579.8666667	2547.066667
839.5	2547.214286
241.6923077	2550.128205
347.3333333	2550.666667
408.1481481	2555.222222
522.5277778	2558
517.44	2557.88
422.1363636	2559.75
142.7631579	2562.078947
519.1714286	2563.457143
823.5	2564.5
267.5	2567.055556
955.4545455	2568.659091
458.8125	2570.3125
939.2307692	2570.461538
946.8387097	2570.387097
189.025641	2572.076923
523.4428571	2574.642857
877.375	2578.5
548.4615385	2580.307692
579.875	2581.875
719.3142857	2581.457143
899.4210526	2582.842105
497.5365854	2584.804878
902.9230769	2589.346154
342.9117647	2591.941176
538.7115385	2591.788462
423.8571429	2594.47619
947.5	2597.714286
671.4791667	2599.145833
840.4848485	2601.292929
753.88	2604.2
586.7272727	2604.863636
866.0588235	2604.647059
841.2142857	2607.821429
409.5	2612.5
673.1111111	2615.111111
472.8148148	2616.037037
666.0526316	2615.315789
197.4242424	2616.363636
192	2622
914.65	2620.7
479.125	2623.875
669.5	2624.5
189.6666667	2625.3
583.0925926	2626.555556
739	2627.5
812.5	2628
474.2	2629.2
162.4444444	2631.777778
405.25	2632.083333
503.137931	2632
863	2638.6
1003.5	2638.375
717.7272727	2639.545455
859.3793103	2642.103448
713.7619048	2642.714286
386.9333333	2644.333333
708.1	2644.8
721.027027	2643.783784
492.7	2645.6
717.4117647	2647.117647
860	2647.121212
866.0714286	2648.178571
570.6585366	2650.463415
657.8636364	2650.818182
857.9655172	2651.982759
651.0657895	2651.157895
335.5789474	2653.105263
710.6907216	2653.814433
756.6774194	2662.935484
190.4807692	2667.326923
824.7926829	2664.792683
837.5535714	2667.535714
751.1363636	2668.924242
499.5384615	2670.641026
821.5373134	2671.641791
830.3207547	2671.132075
883.6111111	2672.722222
134.862069	2674.413793
472.6296296	2674
854.9459459	2673.810811
502.24	2674.76
795.5	2676.222222
908.5384615	2679.230769
568.5060241	2681.638554
849.3529412	2678.009804
168.2	2681.542857
666	2683.5
702.4705882	2689.058824
258.025641	2691.051282
204.92	2692.68
853.4782609	2690.293478
247	2694.170213
288.5	2693.5
199.2758621	2701.448276
709.8974359	2702.74359
857.1	2704.1
119.7	2707.2
567.6944444	2713.388889
333.4444444	2714.222222
176.4583333	2716.916667
363.4358974	2720.153846
691.3636364	2722.886364
698.203125	2721.828125
687.640625	2735.078125
337.0909091	2758.909091
329.6904762	2762.309524
645.7692308	2763.076923
364.5925926	2766.185185
630.6404494	2772.629213
637.1515152	2776.878788
848.5	2779.5
792.2	2780.24
627.8333333	2793.75
621.6585366	2793.292683
616.8421053	2796.77193
145.8222222	2804.8
807.6	2808.7
854.6666667	2819
493.1509434	2829.811321
920.0555556	2829.583333
126.84375	2836.5
327.3636364	2836.666667
131.9090909	2838.636364
691.3684211	2839.552632
856.3636364	2838.654545
128.2	2844.5
314.5	2844.5
658.6111111	2846
671.9148936	2848.638298
814.5	2848.5
858.4375	2850.1875
261.7272727	2848.454545
407.6764706	2851.176471
565.4166667	2852.125
859.75	2856.083333
143	2857.5
655.6666667	2857.266667
463.875	2858.666667
674.2	2858.76
803.95	2862.55
756.3963964	2866.63964
447.5294118	2873
760.3541667	2875.166667
443	2876.45283
749.9622642	2875.188679
744.2325581	2876.27907
756	2878
448.2727273	2879.840909
750.9904762	2888.847619
229.8064516	2889.548387
222.3	2890.3
702.2142857	2892.595238
832.3333333	2900.733333
374.4642857	2913.535714
798.6388889	2926.986111
735.4827586	2931.655172
731.96	2934.32
427.4615385	2940.807692
431.2173913	2940.826087
738.32	2940.84
519.25	2950.05
798.8333333	2950.083333
411.5172414	2956.103448
790.4473684	2956.947368
739.5833333	2958.5
735.96	2961.32
399.875	2962.125
418.1454545	2959.854545
739.1666667	2964.833333
751.3214286	2964.75
784.2	2964.1
783.2	2968.3
418.0517241	2968.517241
403.18125	2973.8875
526.0666667	2976.266667
942.2068966	2977.482759
135.5357143	2979.357143
523.2272727	2978.818182
784.4276316	2982.282895
401.8947368	2982.447368
837.5294118	2983.117647
728.9090909	2989.636364
735.6721311	2989.95082
273.6444444	2991.022222
712.2571429	2992.2
263.9787234	2995.957447
742.9318182	2995.727273
732.7230769	2997.723077
738.9655172	2998.517241
256.9090909	2999.136364
410	2999.5
252.5652174	3000.608696
782.0882353	3000.323529
173.6923077	3002.538462
473.1111111	3006.333333
733.3142857	3008.914286
779.1515152	3008.484848
722.0222222	3012.288889
257.6875	3012.729167
726.5	3016.666667
779.173913	3015.76087
572.5	3018.3
778.0357143	3022.517857
273.3043478	3023.847826
733.0166667	3023.433333
739.921875	3024.453125
737.2790698	3031.348837
905	3031.8
183.8148148	3033.333333
402.4444444	3042.233333
316.9583333	3042.833333
324	3042.605263
767.2051282	3043.871795
772.8787879	3052.863636
343.71875	3055.34375
207	3056.636364
238.5333333	3056.566667
394	3063.535714
742.1538462	3065.076923
740.2340426	3071.404255
419	3073
189.9090909	3074.909091
441.3571429	3091.404762
410.1186441	3093.118644
353.6756757	3096.054054
442.0357143	3098.107143
392.6458333	3099.645833
372.8181818	3108.75
371.95	3114
730.1875	3112.145833
785.6153846	3119.692308
270.3809524	3124.190476
396.2702703	3125.324324
381.7142857	3125.369048
850.9230769	3127.596154
271.4736842	3128.052632
389.6428571	3127
833.3333333	3127.3
843.6190476	3127.571429
788.5894737	3129.042105
387.5526316	3132.289474
397.5272727	3131.327273
831.3181818	3133.25
391.3666667	3138.611111
748.5967742	3133.790323
363.0645161	3133.247312
441.2307692	3135.538462
851.9245283	3137.320755
413.648855	3137.091603
763.3770492	3137.590164
419.8571429	3138.928571
761.5	3143
769.4615385	3141.884615
852.9818182	3142.563636
418	3143.974359
767.075	3145.525
404	3145.217391
417.5652174	3149.695652
824.5	3147.326087
407	3150.945946
821.8809524	3154.02381
399.8214286	3154.607143
395.4117647	3157.117647
757.9722222	3158.25
1014.12	3163.44
854.4761905	3163.857143
777.4193548	3165.451613
406.7142857	3169.714286
691.4583333	3169.611111
318.24	3173.48
687.2830189	3173.283019
681.7352941	3175.088235
826.1325301	3175.277108
836.5	3174.5
696.2432432	3175.864865
700.852459	3178.754098
825.2857143	3181.271429
682.5568182	3182.920455
690.2	3179.28
856.2439024	3182.121951
421.0377358	3182.849057
838.2307692	3185.230769
866.122449	3184.44898
691.6136364	3184.318182
698.8723404	3185.276596
184.9038462	3184.942308
687.575	3189.1375
789.4878049	3185.268293
190.36	3188.88
698.1818182	3190.212121
858.6065574	3189.163934
787.5142857	3191.142857
793.452381	3190.47619
194.78125	3191.5
866	3192.76
200.3870968	3193.870968
208.244898	3196.122449
696.7692308	3195.4
858.1666667	3195.47619
873.5217391	3195.173913
686.28125	3195.46875
645.4942529	3195.252874
706.5192308	3196.884615
826.5172414	3197.275862
691.5789474	3198.578947
866.5	3198.388889
216.4545455	3199.606061
699.1818182	3201.030303
783.9666667	3199.9
853.5806452	3199.741935
860.8947368	3200.157895
872.0833333	3200.5
705.6111111	3203.777778
867.1428571	3204.5
872.68	3209.86
673.1111111	3209.611111
880.2777778	3210.166667
860.3157895	3210.710526
479.7142857	3213.571429
668.0425532	3216.702128
849.72	3216.16
988.1666667	3216.083333
675.6052632	3216.986842
776.9130435	3216.956522
927.2916667	3217.708333
680.72	3218.16
746.1041667	3220.395833
772.4583333	3221.166667
866.0952381	3222.587302
495.0344828	3222.517241
752.7142857	3223.428571
679.2954545	3224.613636
761.7961165	3224.291262
804.0769231	3224.179487
762.5675676	3228.594595
853.8846154	3229.846154
496.4081633	3231.836735
681.908046	3231.655172
765.3023256	3232.883721
823.3617021	3233.148936
818.027027	3235.243243
850.5641026	3235.025641
865.1428571	3234.936508
741.9268293	3235.341463
498	3238
742.225	3240.875
762.5483871	3239.903226
778.8181818	3240.181818
854.5238095	3239.940476
499.6607143	3244.964286
748.0769231	3243.788462
282.3846154	3246.923077
740	3246.8
858.34375	3247.90625
754.9090909	3249.909091
501.4761905	3257.412698
657.6567164	3259.447761
785.1	3263.925
768.6266667	3265.826667
501.5	3267.5
655.2162162	3265.675676
663.4	3272.665306
780.5454545	3267.5
652.5285714	3270.242857
768.2580645	3271.096774
761.9512195	3269.804878
852.2	3271.15
784.5757576	3271.666667
501.65625	3274.28125
651.75	3278.411765
795.5	3275.5
658.3488372	3281.976744
781.3384615	3282.138462
364.6216216	3283
202.5263158	3284.473684
772.0357143	3288.107143
475.5	3288.666667
662.9583333	3290.972222
651.8053097	3288.610619
663.1	3294.6
657	3294.0625
774.3661972	3297.873239
652.1791045	3301.208955
664.2424242	3299.212121
658.8	3299.566667
657.877551	3305.061224
398.3571429	3309.785714
821.3472222	3309.388889
683.1428571	3314.142857
617.2162162	3315.891892
819.6590909	3318.011364
737.1428571	3315.285714
731.54	3316.2
738.5384615	3321.769231
730.4375	3323.15625
682.75	3322.916667
676.5714286	3329.571429
680.9722222	3332.527778
687.4615385	3334.294872
675.859375	3337.546875
721	3338
420.5714286	3339.666667
682.05	3341.4
483	3342
681.1636364	3347.090909
665.2926829	3346.609756
690.7692308	3346.615385
262.9722222	3349.222222
279.1463415	3348.829268
686.5952381	3350.809524
232.3095238	3352.047619
248.3913043	3351.673913
310.7959184	3352.040816
220.962963	3352.407407
655.1428571	3353.285714
692.5714286	3354.035714
533.6923077	3355.038462
668.0697674	3355.255814
856.0263158	3355.078947
678.5	3355.5
509.9756098	3357.52439
686.7419355	3358.080645
981.7666667	3361.833333
513	3364.363636
665.8266667	3364.2
441.75	3365.514706
650.5	3368.625
858.8846154	3371.846154
506.0888889	3372.977778
254.2	3373.25
248.6190476	3375.095238
405.0727273	3375.236364
240.3372093	3376.476744
412.3333333	3376.222222
510.7857143	3376.785714
233	3380
696.5875	3379.6125
798.7333333	3381.466667
225.4909091	3382.618182
699.2037037	3385.537037
382.1578947	3384.842105
799.0535714	3387.446429
286.375	3390.541667
697.3783784	3392.189189
529.2954545	3390.5
309.5	3393.611111
459.28125	3395.125
703.5076923	3394.923077
721.9285714	3394.964286
717.5333333	3396.022222
534.1081081	3395.675676
696.1315789	3397.657895
540.875	3399.984375
365.75	3400.75
534.6067416	3404.696629
719.9666667	3403.133333
474.2307692	3403.846154
685.65625	3407.453125
475.7916667	3412.458333
230.1304348	3412.869565
406.1730769	3414.038462
508.7727273	3418.227273
929.75	3418.964286
475.7045455	3424.795455
843.0641026	3425.641026
514.5294118	3427.176471
493.4117647	3434.333333
544.2916667	3435.041667
221.5714286	3436
493.8974359	3441.641026
521.8224852	3441.769231
528.1363636	3443.045455
534.3627451	3442.911765
228.952381	3446.380952
679.375	3447.125
521.9183673	3451.510204
529.3617021	3450.851064
574.1111111	3449.888889
419.96875	3458.3125
531.4347826	3458.173913
841.0816327	3459.795918
210.85	3463.8
690.9605263	3466.065789
246.5	3466
250.5	3466
327.6060606	3465.848485
407.4230769	3465.923077
278.1904762	3467.928571
217.5	3468.888889
270.2962963	3468.407407
210.8461538	3470
840.5135135	3471.837838
494.6590909	3481.159091
255.5862069	3483.862069
667.0238095	3488.404762
213.7575758	3489.333333
491.8918919	3492.243243
496.7368421	3492.368421
680.0606061	3514.333333
534.9577465	3516.366197
689.2333333	3519.15
539.020202	3521.121212
681.7	3520.6
754.8269231	3521.461538
681.7027027	3525.405405
329.2857143	3527.5
686.75	3527.416667
708.9487179	3526.051282
692.1538462	3526.230769
673.1551724	3532.034483
663.6595745	3531.638298
693.2285714	3533.228571
697.8928571	3529.642857
684.8703704	3533.111111
894.5	3534
694.2	3537.466667
689.2702703	3538.972973
698.6	3538.6
506.2439024	3537.560976
693.6190476	3542.285714
504.7727273	3543.454545
700.3777778	3544.155556
563.7777778	3545.166667
525.1111111	3557.185185
706.6935484	3557.822581
270.1891892	3560.972973
304.2631579	3561.763158
703.875	3564.375
453.9552239	3565.119403
258.05	3580.9
275.6666667	3583.859649
747.5	3587.5
934.2222222	3587.5
332	3592.55
632.9428571	3592.428571
792.3888889	3591.75
732.9333333	3610.366667
259.68	3613.64
472.1052632	3613.842105
672.2765957	3615.829787
915.6875	3616.395833
243.78125	3617.65625
529.8285714	3619.085714
790.0294118	3620.323529
791.5714286	3626.095238
255.4	3627.44
815.673913	3626.73913
576.9347826	3629.195652
787	3631.666667
354.52	3633.28
521.3461538	3633.153846
574.1153846	3635.5
406.8604651	3635.139535
776.6052632	3635.368421
792.2758621	3634.775862
846.8157895	3635.684211
421.3	3639.1
572	3640.4
292.7333333	3640.666667
671.4516129	3642.580645
899.5	3645.5
569.375	3650.775
817.5428571	3652.628571
818.974359	3659.307692
817.3939394	3666.575758
408.8405797	3671.275362
478.58	3677.42
416.3142857	3680.914286
440.7714286	3683.571429
322.6	3686.6
769.3953488	3695.116279
304.5	3699.5
446.5142857	3698.885714
770.3809524	3706.428571
769.8727273	3713.490909
787.0454545	3710.909091
724.1830986	3714.943662
785.4	3717.96
791.0909091	3723.090909
641.7592593	3762.148148
471.2833333	3776.383333
299.6785714	3776.892857
251.4516129	3780.741935
244.9318182	3786.636364
254.9142857	3788.8
261.6	3788.55
762.5128205	3789.410256
241.8461538	3791.461538
978	3790.5
557.6818182	3791.068182
256.6538462	3793.192308
553.7727273	3792.454545
550.2777778	3794.416667
548.6486486	3799.72973
556.5081967	3799.47541
980.625	3799
549.5	3803.1
545.9298246	3805.070175
555.7	3806.275
542.88	3809.48
554.4375	3812
686.6129032	3808.16129
542	3813
684.1666667	3813.111111
689.3653846	3814.192308
952.6268657	3815.208955
541.4567901	3819.987654
550.5352113	3818.647887
548.7384615	3827.661538
538.8787879	3827.121212
536.75	3831.555556
539.7352941	3836.205882
533.0731707	3836.341463
544.8706897	3837.344828
539.6666667	3843.055556
532.4418605	3842.813953
695.08	3846.02
537.75	3848.4375
531.1086957	3848.130435
694.0625	3851.484375
529.1428571	3852.857143
535.5714286	3852.685714
541.2295082	3854.04918
369.7931034	3857.241379
528.4680851	3857.744681
633.137931	3854.988506
533.9090909	3860.431818
638.4888889	3859.844444
539.3684211	3860.736842
634.1948052	3866.077922
527.9038462	3864.288462
538.3888889	3865.5
628.25	3863.694444
729.7	3865.2
537.2903226	3870.548387
526	3872.858974
531.9302326	3871.325581
730.4778761	3872.690265
868.4642857	3872.357143
785.8888889	3874.185185
431.3230769	3874.830769
535.95	3876.1
733	3876.5
524.7058824	3879.823529
534.5263158	3878.894737
533.3404255	3883.765957
527.0153846	3884.015385
531.375	3890.46875
725.9347826	3889.5
706.056338	3890.535211
725.75	3894.916667
526.6206897	3893.62069
711.4468085	3894.06383
707.0365854	3900.146341
715.4333333	3897
253	3898.173913
718.9830508	3913.050847
271.0588235	3920.176471
242.4210526	3926.105263
632.3225806	3925.709677
625.4117647	3931.647059
632.1	3932.1
243.137931	3933.413793
590.4117647	3934.647059
850.6785714	3935.321429
814.4444444	3937.777778
630.3	3938.3
893.4230769	3938.230769
461.4269663	3937.382022
687.32	3938.68
461.1111111	3943.222222
259.64	3943.36
680.3243243	3943.486486
463.4883721	3946.488372
262.6	3948.666667
466.1702128	3952.106383
827.5	3952.272727
578.3098592	3952.690141
707.6176471	3953.470588
713.2978723	3956.787234
707.0833333	3958.805556
955.5384615	3959.769231
704.9384615	3963.230769
713.2580645	3963.419355
645.3030303	3965.30303
458.8939394	3969.878788
480.72	3969.76
644.3181818	3970.227273
485.6326531	3972.040816
474.84	3971.88
479.7777778	3975.611111
718.125	3974.25
671.8837209	3977.116279
714.7341772	3980.822785
289.8947368	3980.263158
950.1777778	3982.666667
685.2337662	3989.194805
426.3030303	3990.575758
519.12	3996.12
467.775	3999.075
243	4000.5
474.625	3999.84375
520.9189189	4001.297297
947.3611111	3999.583333
481.3194444	4000.583333
489.0294118	4004.970588
232.9230769	4004.307692
255.0555556	4004
308.88	4004.88
484.5106383	4008.723404
845.4181818	4019.036364
844.4193548	4047.451613
711.7358491	4052.339623
717.6547619	4054.535714
706.3333333	4054.766667
678.5862069	4056.275862
708.173913	4060.434783
636.173913	4059.076087
714.3793103	4061.206897
636.0526316	4066.280702
711.2380952	4064.761905
679.0178571	4063.964286
709.6557377	4069.213115
690.1428571	4082.952381
685.5428571	4084.685714
483.5	4086.444444
453.5789474	4089.894737
609.6896552	4090.448276
627.0833333	4090.416667
710.1428571	4091.936508
622.2413793	4093.310345
702.6176471	4096.029412
657.1612903	4098.612903
244.125	4117.666667
390.2	4124.9
678.6785714	4124.857143
805.2413793	4128.172414
469.1176471	4128.941176
684.0892857	4127.017857
674.5396825	4131.603175
799.2727273	4131.8
611.4107143	4132.0625
687.3666667	4132.633333
603.6153846	4132.641026
608.4054054	4134.459459
679.3023256	4133.674419
602.4166667	4138.479167
681.75	4137.645833
601.0727273	4144.763636
610.2368421	4143.684211
605.8695652	4143.043478
505	4144.5
599.0952381	4149.333333
611.25	4149.25
660.1818182	4148.181818
649.3414634	4148.585366
397.4761905	4151.380952
609.0689655	4153.37931
600.1666667	4154.833333
819.9166667	4156.291667
599.7333333	4160.333333
606.0333333	4159.366667
609.3030303	4158.030303
820.375	4161.625
603.3461538	4164.384615
631.1504425	4167.610619
656.5862069	4166.862069
723.9666667	4165.9
649.3333333	4166.6
663.5277778	4168.388889
672.1764706	4168.705882
809.6013986	4164.881119
662.1186441	4173.847458
536.8811881	4172.930693
674.3714286	4175.428571
682.925	4173.9
806.2909091	4177.090909
815.3207547	4176.264151
542.6666667	4177.277778
681.1764706	4178.264706
618.9333333	4178.5
546.92	4181.78
623.6666667	4180.487179
548.9310345	4187.37931
617	4188.99115
625.4603175	4187.984127
670.9375	4187.59375
815.12	4188.24
673.902439	4192.146341
626.6	4194.066667
648.9714286	4191.828571
608.5238095	4190.698413
512.4137931	4196.034483
622.7567568	4195.540541
608.6842105	4200.013158
667.9512195	4197.341463
604.6896552	4197.586207
822.4318182	4198.318182
626.2352941	4200.794118
656.53125	4198.8125
636.5833333	4203.25
597.8	4207
662.3333333	4208.888889
592.1578947	4212.017544
625.2788462	4210.067308
846.7916667	4212.395833
624.2926829	4216.390244
615.6090226	4217.022556
596.7	4215.75
853.8461538	4216.538462
591.1714286	4219.257143
620.3333333	4222.148148
636.5909091	4217.454545
634.5294118	4221.823529
608.4893617	4223.957447
633.195122	4226.390244
436.2272727	4228.227273
354.6315789	4231.210526
573.5890411	4231.465753
181.75	4236.666667
646.625	4265.583333
620.8888889	4286.355556
565.28125	4306.03125
470.047619	4309.595238
502.1290323	4317.370968
508.5714286	4318.97619
526.2	4324.68
538.9642857	4337.071429
448.8780488	4342.02439
526.55	4377.75
441.0192308	4426.884615
503	4434.134146
440.8297872	4433.680851
445.6486486	4431.27027
493.1621622	4431.513514
496.7192982	4438.45614
489.027027	4436.756757
509.3137255	4438.666667
492.8888889	4440.166667
497.5833333	4443.083333
488.8461538	4444.076923
492.6875	4445.3125
500.8571429	4445.761905
508.725	4445.725
492.4193548	4450.322581
500.4252874	4451.37931
493.7368421	4454.578947
507.7307692	4491.019231
498.7105263	4496.171053
504.9459459	4498.297297
509.097561	4498.170732
501.375	4501.875
493.9411765	4504.897059
507.6410256	4505.512821
498.7904762	4512.638095
459	4510.875
489.4137931	4512.672414
505.4	4514.376471
492.40625	4517.625
570.4545455	4518.030303
497.5930233	4523.860465
504.5652174	4523.521739
488.4722222	4522.055556
479.8611111	4525.25
472.0740741	4526.407407
490.3863636	4528.590909
501.1666667	4529.25
496.5757576	4531.939394
187.5	4536.222222
144.4054054	4539.675676
182.875	4542.125
141.4444444	4545.777778
159.9259259	4550.592593
466.6744186	4557.72093
148.8205128	4564.769231
141.9090909	4572.227273
499.1320755	4576.056604
529.2926829	4578.731707
162.8181818	4581.136364
170.75	4581.840909
523.0363636	4582.145455
502.969697	4583.717172
530.8823529	4584.205882
166.137931	4584.655172
519.5806452	4587.580645
144.4285714	4589.914286
152.3650794	4589.206349
550.9565217	4591.652174
191.1025641	4595.461538
484.4666667	4598.022222
479.8958333	4600.708333
174.4864865	4606.081081
480.8947368	4606.421053
647.2105263	4608.789474
548.1034483	4610.103448
697.0357143	4631.607143
444.7592593	4633.037037
483.1086957	4658.434783
478.0789474	4659.657895
681.8	4659.5
486.5714286	4661.107143
461.2571429	4662.542857
487.2777778	4665.777778
475.9555556	4666.2
481.9230769	4667.576923
406.0571429	4669.314286
471.3125	4670.1875
489.5	4670.692308
479.2666667	4671.3
474.5652174	4673.565217
484.0277778	4673.944444
470.4666667	4675.066667
472.3043478	4678.826087
478.8153846	4679.338462
455.4074074	4683.925926
449.7096774	4684.258065
319.6153846	4690.025641
452.38	4689.98
475.64	4692.02
609.8571429	4694.5
410.6181818	4698.927273
407.8571429	4705.063492
413.2058824	4710.088235
408.3181818	4711.318182
406.3023256	4716.093023
411.7777778	4717.277778
121.6	4734.309091
153.3962264	4743.735849
146	4751
376.2553191	4762.787234
211.9285714	4763.952381
478.175	4764.625
402.2641509	4796.566038
407.5833333	4795.5625
178.875	4807.8
459.5	4807.727273
146.6923077	4813.769231
471.5853659	4829.536585
483.6382979	4847.829787
519.3333333	4869.355556
528.88	4872.8
105.7692308	5106.846154
257.3703704	5135.481481
137.2222222	5143.555556
287.2	5146.5
200.0169492	5170.966102
194.7894737	5173.236842
249.6470588	5176.27451
147.44	5184.12
245.2888889	5183.755556
255.825	5188.15
280.1612903	5237.83871
276.9787234	5242.06383
307.5757576	5294.757576
320.7083333	5294.708333
324.35	5297.65
171.5	5299.5
