X	Y
0	0
0	6000
6000	0
6000	6000
341.1397849	41.86021505
417.5396825	43.53968254
430.2459016	46.6557377
348.5714286	51.5
404.2571429	57.65714286
315.4821429	60.03571429
332.5223881	60.08955224
486.0519481	60.76623377
360.2	60.95714286
312.6	62.46666667
249.544	63.104
360.3703704	65.22222222
227.075	70.05
274.4078947	70.72368421
489.2142857	69.64285714
240.2666667	75.06666667
527.3866667	75.82666667
218.5319149	77.78723404
438.9428571	78.08571429
539.3333333	81.90277778
439	84.41176471
306.6571429	85.6
529.6990291	87.37864078
303.8	89.4
523.5	90.25
260.5	92.5
394.2837838	93.13513514
197	93.27027027
264.125	94.25
496.875	96.875
186.7931034	99.03448276
190.9387755	97.81632653
197	100
183.6086957	102.9565217
189.9677419	105.483871
179.8	105.5
332.5294118	106.0588235
565.5555556	106.6666667
330.3142857	110.0857143
466.3	109.48
452.4556962	109.9873418
604.078125	110.78125
189	112.68
381.22	112.5
596.2758621	111.4482759
464.6578947	114.1052632
620.4285714	112.3809524
571.2680412	113.6804124
175.8409091	116.6363636
308.6962025	116.5949367
181.46875	120.203125
553.25	119.375
176.5714286	122.5357143
575.125	120.875
406.8571429	122.2857143
189.6666667	122.75
618.047619	124.9285714
610.78125	126.28125
521.3571429	127.25
520.4047619	132.0238095
656.3513514	132.4594595
302.9	136.62
389.2711864	137.9661017
181.9090909	138.4090909
647.5	137.675
167.65	138.9
338.075	138.85
644.8	141.4285714
665	141.5
474.097561	142.1219512
570.9302326	141.8139535
251.5753425	142.3835616
618.5909091	144.4545455
671.4487179	144.7948718
602.2	149.02
597.8947368	151.5263158
173.7241379	155.3448276
687.779661	156.0338983
692.5625	156.78125
204.4117647	157.6470588
651.6896552	160.7586207
699.0408163	162.2857143
254.9263158	164.8
651.8139535	165.8372093
706.7272727	167.0909091
627.1470588	168.1617647
160.1014493	172.884058
710.7692308	171.7692308
717.6666667	172.8172043
183.1463415	174.4146341
610.5	175.0375
684.4117647	174.8823529
606.28125	177.09375
707.09375	176.921875
706.3	181.925
212.8867925	183.7358491
176.0588235	188.2352941
214.0344828	190.362069
723	189
206.8571429	191.5714286
742.1860465	191.6744186
723.0434783	193.6304348
211.3125	195.1875
224.5102041	195.5714286
577.6575342	196.8219178
218.5	198.2666667
222.8	200.44
537.6575342	199.3424658
544.1304348	198.326087
245.7945205	199.7123288
157.5373134	201.8731343
239.8333333	202.9333333
743.8333333	204.6212121
250.1724138	206.9310345
687.8275862	207.7241379
692.06	208.44
627.5	210.6
304.0512821	216.5641026
730.5466667	218.56
307.5833333	219.75
742.8214286	218.8928571
347.8235294	220.5098039
636.5846154	221.3076923
347.4210526	224.6842105
439.2352941	223.6176471
197.6923077	225.2051282
406.4634146	224.4878049
279.1578947	226.8421053
740.2033898	227.2542373
290.6666667	229.2708333
150.372549	230.2843137
389.5	231.6190476
824.3088235	235.3823529
710.0119048	239.6547619
213.65625	247.46875
388.9189189	247.4864865
395.84	248.1
446.0714286	250.375
482.8095238	249.9047619
152.64	252.36
253.9512195	253.6829268
416.3571429	252.5238095
398.8780488	255.4146341
448.9512195	256.3902439
328.8846154	259
838.1238095	259.3142857
411.9166667	260.9444444
583.0178571	260.7142857
860.5529412	261.8941176
134.4166667	264
435.0540541	263.8648649
674.5	266.2058824
868.9811321	266.3584906
847.6969697	266.969697
420	268.8947368
413.7272727	269.6363636
449.7931034	269.862069
788.0377358	269.7924528
761.8	272.8714286
472	275.3809524
847.6666667	276.28125
865	276.2
160.4827586	276.5862069
156.3529412	278.3823529
205.8518519	279.1851852
881.7605634	279.4366197
402.2790698	280.8372093
472.1176471	281.5882353
888.5641026	284.1794872
231.2295082	283.9344262
462.12	283.84
505.6	284.4
881.25	286.75
469.5	287
663.22	286.9
694.8846154	287.3076923
452.6666667	289
873.4878049	289.5609756
826.3787879	289.5909091
364.7222222	291.875
891.9166667	291.7916667
875.76	295.6
885.8125	294.6875
843.9565217	295.3913043
479.1875	297.3125
337.5384615	299.6153846
363.0232558	299.8604651
871.375	299.625
884.7936508	299.6825397
497.6	301.6
881.8902439	304.6585366
892.2142857	302.9285714
500.1818182	304
351.2391304	305.0217391
499.2142857	307.6428571
565.32	308.16
758.1384615	310.6
340.5	310.44
886.9166667	311.1666667
503.1343284	312.5970149
166.1428571	313.3626374
243.9310345	315.1206897
518	319.3880597
905.3066667	318.8933333
212.6521739	320.7101449
506.7317073	321.7804878
786.3913043	322.0652174
915.5	321.5714286
670.5230769	324.8461538
357.3571429	325.4761905
277.875	327.875
625	330.8
872.8240741	332.8240741
890.8181818	332.1818182
828.4117647	332.745098
362.1111111	334.8888889
461.2553191	335.1702128
936.3157895	334.4210526
768.9642857	336.1071429
375.5	338.4
472.8823529	339.4117647
933.3043478	340.0434783
568.3421053	340.9210526
254.9230769	342.4923077
744.015873	342.1428571
183.0909091	344.8181818
361.9032258	341.4516129
333.4107143	344.5714286
363	345.9
531.4516129	345.4193548
351.9047619	347.6190476
929.4347826	347.173913
348.85	350.7
925.4791667	350.3333333
357.3030303	349.5757576
275.5	351
450.9901961	350.7843137
665.7407407	350.8518519
531.1111111	352.4444444
381.5789474	356.8245614
216.5	356.78125
415.2045455	356.5909091
637.7721519	357.9113924
401.2307692	358.6410256
318.2911392	359.8607595
454	363.5
372.8846154	364.3076923
607.025974	363.6363636
262.7894737	365.0526316
342.4285714	365.0612245
409.82	366.58
899.375	367.625
377.6034483	371.5862069
767.9333333	371.7333333
429.8505747	372.9885057
452.9361702	374.6382979
737.9666667	373.1
531.375	375.15625
896.3125	375.484375
490.6785714	378.3214286
928.3417722	378.7088608
627.4666667	380.0166667
991.9803922	380.7058824
376.030303	382.1818182
963.7121212	382.3181818
402.5	383.5
409.5714286	383.5428571
529.65	384.225
388.258427	383.8314607
555.7857143	386.2142857
475	386.5
384.6875	389.375
376.9090909	389.0909091
402.2727273	393.8787879
489.36	392.82
396.2545455	396.8545455
316.6964286	395.625
313.1071429	398.1071429
542.1666667	398.3541667
353.7941176	401.0294118
406.1911765	402.3970588
787.5	402.5
149.4375	404
273	406.7647059
475.5	409
187.0740741	410.5925926
497.7037037	411.1481481
412.5	412.6923077
921.2272727	413.2878788
972.8333333	413.8974359
155.942029	412.8115942
403.625	419.21875
420.7567568	419.3783784
529.4285714	418.9428571
495.8604651	419.9302326
624.1	420.0333333
642	423
866.5555556	424.2539683
243.9180328	423.6557377
429.56	424.28
273.4428571	424.5142857
539.9130435	425.0434783
611	426.1538462
530.2	427.5
435.4819277	428.9638554
223.1272727	428.8363636
467.25	428.6666667
944.2680412	431.1752577
221.9583333	433
186.2666667	431.6666667
195.3291139	430.6329114
514.0740741	433.5925926
441.968254	434.9365079
351.6	435.425
889.2962963	436.1111111
159.5147059	436.8529412
355.04	437.76
520.9333333	436.6
753.9830508	437.3728814
1007.596774	441.0645161
476.5	440.5
993.0566038	441.8679245
528.5	442.6034483
591.2727273	443.4909091
238.6666667	444.7916667
1064	449.5
521.8571429	449.9285714
499.5	451.5
749.3870968	451.6290323
517.1777778	455.4
532.0869565	456.7826087
933.8939394	456.6818182
593.2666667	462.3333333
825.4545455	462.2121212
178.440678	464.0338983
648.0684932	463.9041096
1040.1	464.1625
194.9111111	466.4222222
371.057971	466.4637681
200.4444444	468.2222222
189.9361702	469.1489362
171.5	472
223.9	470.8
395.7377049	473.2786885
277.0731707	475.5853659
195.8611111	482.3888889
444.09375	483.25
642.3406593	483.6593407
281.9361702	486.106383
286.5957447	484.2765957
648.8627451	486.6666667
1021.898734	486.278481
406.86	487.04
1110.615385	492.6153846
430.1086957	493.7608696
423.1269841	496.1746032
656.4166667	496.4166667
1079.659091	496.1590909
661.78125	499.78125
1008.527778	503.1666667
672.7954545	506.7272727
655.4	508.5142857
645.6296296	509.7037037
700.0888889	514.7111111
933.4716981	515.2075472
871.8823529	518.3921569
401.3636364	518.7818182
1129.86	518.52
474.5764706	520.0235294
1135.410256	522.7435897
215.3	522.9
747.5	523.5
1029.84	524.74
665.15625	525.875
1051.4125	527.7625
627.0350877	528.5614035
701.6181818	527.1636364
271.2352941	528.2941176
771.2222222	531.5
251.4285714	531.0571429
944.9	531.75
707.3793103	533.5862069
735.5882353	532.5882353
246.45	535.78
668.5789474	535.4210526
267.6363636	536.0909091
353.6125	537.0625
403.7826087	536.3043478
680.5	536.5
1069	536.9122807
1067.653846	540.6923077
659.5	540.8
604.8392857	544.5714286
502.7647059	545.1764706
631.4489796	546.3877551
650.4477612	547.2835821
711.3333333	547.2962963
1138.732394	545.8732394
1154.580645	547.1935484
619.3035714	549.1785714
677	550.5
814.7804878	551.5121951
426.9836066	551.2295082
637.5441176	551.3676471
665.9459459	552.972973
741.2608696	553.6086957
658.6551724	554.3448276
670.5806452	556.8709677
1096.323529	556.9117647
969.8490566	558.0566038
639.6129032	559.2903226
700.2608696	559.4130435
821.8666667	560.2444444
667.3095238	561.2142857
1017.851852	561.7777778
799.3150685	562.0821918
240.1166667	562.5666667
262	563
731.5	562.8333333
743.8043478	564.2173913
1151.797872	566.1170213
812.0769231	564.4423077
811.1153846	569.9615385
866.1956522	569.4130435
1172.622951	569.9836066
411	571
571.6415094	571.1698113
543.3584906	573.3773585
691.2051282	572.7692308
442.8064516	573.5806452
683.0483871	574.7419355
1086.123288	576.3972603
833.6764706	576.4117647
678.5405405	578.8378378
1090.388889	578.1666667
869.1463415	579.3658537
423.4615385	581.3076923
633.627907	580.4883721
1005.5	581.1666667
871.3225806	584.0967742
923.6119403	583.358209
635.5428571	585.3714286
645.2727273	587.5
709.9090909	587.6969697
740.5	590.5
278.28	591.24
1130.337349	592.5542169
1187.947368	593.4736842
693.1538462	594
895.3939394	595.3030303
819.5614035	597.1052632
900.3333333	598.5111111
670.8181818	597.6060606
920.9375	598.4375
723	600
622.557377	601.8032787
795.3548387	602.2580645
825.0909091	603.6363636
894	603.5
1184.875	604.125
912.5217391	604.7826087
755.5	607
657.7391304	607.4347826
1195.358209	608.1940299
236.1333333	609.4666667
517.9795918	609.5714286
802.2333333	607.9
846.9666667	609.1
967.7083333	609.7083333
873.1923077	613.4038462
913.9069767	614.2790698
763.8181818	615.8181818
923.5	617.1666667
867.326087	618.0652174
560.5740741	619.6296296
759.9565217	620.1521739
1054.514706	619.7205882
900.2413793	620.7931034
747.7777778	622.2407407
768.0555556	622.1111111
501.16	622.66
881.0769231	626
941.4166667	624.4166667
953.8301887	624.7169811
541.4153846	625.8923077
787.2375	626.475
856.862069	627.1034483
674.84	630.04
1171.916667	630.1666667
889.440678	631.5254237
944.0425532	634.5744681
1212.490566	634.8301887
664.9411765	636.2794118
1020.731343	636.2089552
1114.909091	636.1090909
601.8666667	636.4666667
686.7037037	637.7407407
810.9285714	638.7142857
448.1029412	640.5
486.9782609	639.6304348
882.1176471	639.8676471
802.1219512	641.097561
779.28125	642
945.5555556	643.5
367.1428571	643.9285714
719	644.0392157
865.4	644.5777778
386.8611111	647.3888889
561.2222222	647.4444444
790.02	652.62
1092.217949	653.8717949
1209.062937	653.6643357
284.627907	654.7674419
291.2394366	656.1690141
830.0789474	655.9736842
511.2857143	659.5
753.0377358	659.3584906
796	659.3846154
933.5	659.3157895
1228.962963	659.7777778
1067.38806	660.8208955
758.0714286	662.8571429
766.3125	663.5208333
737.8205128	665.3846154
755.6111111	666.5833333
776.3111111	666.0222222
849.7096774	666.2903226
975.4117647	667.0588235
982.0754717	668.5283019
409.1746032	670.5555556
818.15	669.6
874.5	670.2105263
447.5416667	671.7916667
922.7068966	672.4310345
577.9714286	673.8285714
784.2571429	675.2285714
874.875	679.3333333
273.8888889	680.3333333
826.9166667	679.3666667
283.2923077	681.6
690.2058824	681.4705882
758.4137931	682.7931034
1203.787879	683.8181818
1208.62	682.64
1067.685714	684.1
739.5	684.5
929.4137931	684.7241379
595.1666667	685.75
1206	688
784.171875	686.578125
1045.015873	689.7142857
943.0909091	692.1515152
461.5	693
897.4166667	694.1458333
994.78	695.34
984.65	697.4
989.7647059	697.6470588
804.4901961	698.6666667
812.0967742	698.7419355
1101.806452	699.516129
648.1666667	701.3611111
827	700.5
930.1578947	700.8421053
992.75	702.5208333
912.5277778	704.1666667
957.4285714	704.0892857
322.5	706.2222222
408.6229508	705.9508197
1239.721519	705.8101266
1000.288136	710.1525424
1207.792683	710.902439
870.7894737	710.8947368
877.7777778	710.8888889
1245.875	712.125
892.8	713.5
877.3333333	713.7777778
970.6	714.24
999.8181818	715.8181818
593	715
494.6315789	715.5614035
886.2459016	715.0983607
870.6304348	717.8913043
892.5882353	717.7058824
899.28	716.9
1175.808989	717.4269663
1229.23913	717.5652174
330.4666667	719.3333333
888.9166667	721.5555556
934.76	724.04
1155.292683	725.0731707
813.7058824	729.0392157
871.8431373	728.8039216
1034.346154	732.6538462
1090.474576	734.2372881
1243.363636	732.6060606
881.0232558	735.0697674
890.6153846	736.3461538
936	736.5
1205.168831	736.1558442
875.8076923	737.0769231
426.5735294	738.6617647
987.0222222	737.8222222
282.875	739.5
800.04	740.48
1245.088889	739.2666667
880	740.3333333
991.85	740
980.4117647	740.8823529
996.4375	743.3125
975	742.637931
893.9824561	743.754386
770.0833333	746.8333333
813.3424658	749.2465753
691.4210526	749.0701754
286.5	750.2
648.5909091	751.8636364
1001.5	750.5
1119.123596	750.6292135
1250.37037	753.1481481
380.0769231	751.4153846
804.2878788	752.6060606
379.7	756.9
905.1578947	756.1929825
990.4081633	755.9591837
410.6949153	756.7118644
1240.103448	757.8362069
411.9189189	761.1891892
854.4385965	760.4561404
963.5	759.8888889
438.8656716	760.8656716
910.4	762.5230769
1257.813559	761.5423729
506	761
698.3272727	763.3272727
1244.928571	762.8571429
503.5757576	764.6060606
800.5471698	763.4339623
1235.75	765.3333333
383.9012346	767.0246914
379.7727273	769.5454545
621.9259259	769.7037037
1041.022727	767.2386364
1213.91	769.37
340.8571429	771.8571429
1045.333333	772.0666667
1256	771.8108108
336.6101695	771.7966102
350.0188679	778.9056604
345.4074074	779.1481481
949.5471698	779.6415094
1248.181818	781.4545455
1256.33945	779.3486239
443	781.7571429
1216.132743	781.2743363
1224.625	782.0416667
399.1578947	783.1578947
1248.605263	785.2368421
1256.967742	786.2903226
1266.37037	786
824.8780488	787.8780488
1252.444444	788.4444444
957.5660377	788.3584906
999.6666667	788.5238095
846.7058824	790.6176471
954.5581395	792.627907
364.3157895	791.7894737
873.7272727	794.3333333
366.3384615	795.7384615
848.6290323	796.6774194
535.025974	797.9350649
1108.454545	797.4318182
827.5641026	805.0769231
306.5555556	818.2222222
397.3877551	818.244898
518.9069767	819.4883721
544.75	821.4642857
987.5	820.5882353
415.962963	821.7592593
623.2333333	823.1
595.5	823.2727273
426.12	825.44
788.32	824.98
500.0666667	828.4
797.9615385	828.1730769
766.1111111	831.3333333
895.4137931	835.6551724
442.6944444	838.6944444
516.3863636	841.2954545
583.557377	845.4590164
451.2380952	847.6666667
896.175	846.625
656.5857143	849.0428571
912.4166667	848.875
489.5510204	848.3673469
487.1944444	852.2777778
524.0652174	851.0652174
754.75	850.07
455.4025974	853.7532468
739.7777778	854.5714286
826.9268293	855.6829268
890.9310345	856.3965517
1050.5	857.5
831.2040816	859.4897959
324.1470588	859.8823529
783.2	860
938.5172414	859.6724138
484.4487179	861.525641
434.3333333	862.0666667
1005.184211	863.6842105
1037.46	863.26
518.0967742	864
321.4	865.75
890.65	867.3
927	867
469.6811594	867.5652174
736.2580645	868.2903226
450.0111111	870.5333333
321.35	871.45
447.9	873.2
678.0506329	871.6075949
454.7058824	875.9411765
1258.615385	874.3076923
831.877193	876.2982456
882.1803279	878.5901639
774.7012987	878.2467532
1158.301887	879.0943396
427.5185185	879.462963
1253.861538	878.6
415.9529412	880.2588235
422.7741935	880.6451613
1249.536585	883.3170732
948.4210526	883.3947368
809.9615385	886.3076923
946.1304348	887.9130435
420.3333333	886.8888889
898.9038462	887.8076923
459.9411765	890.3235294
793.14	891.82
937.1794872	892.1025641
978.3103448	895.137931
994	895
1227.384615	894.3846154
414.6716418	895.8507463
1217.857143	896.5142857
921.7162162	896.8243243
1168.259259	898.3518519
894.6666667	899.5
553.7692308	900.1538462
1019.314286	900.1714286
1164.84375	900.09375
1217.62069	901.0344828
394.0909091	902.0909091
1189.574468	902.3404255
1193.733333	902.8
667.5	903.2857143
973.9032258	901.2903226
972.8556701	906.0309278
1105.2	905.3333333
910.4505495	908.1318681
342.1304348	909.2608696
1108.545455	908.6818182
407.2674419	911.3255814
524.8	910.9230769
571.2222222	911.2539683
1236.891304	912.8152174
970.8181818	913.4393939
339.5882353	914.8823529
486.2461538	915.0923077
840.2461538	918.3230769
890.8095238	916.3095238
444.65625	917.21875
668.1538462	916.4615385
546.5675676	918.7297297
387.0847458	919.0508475
854.5217391	918.3478261
794.5857143	922.6857143
832.65	923.85
1029.35	924.05
847.3333333	924.9166667
452.2956522	925.9565217
728.7183099	925.2957746
295.5517241	927.3103448
833.3333333	927.8666667
504.8970588	929.4117647
606.6268657	928.9104478
674.3442623	930.0819672
838.6315789	930.1315789
327.7222222	930.6111111
308.6363636	933.5454545
346.4	934.04
297.6896552	935.4482759
1126.76	936.04
850.3333333	937.3589744
866.4722222	940.3888889
947.8837209	939.8837209
418.5744681	940.9148936
394.0294118	940.8529412
389.2195122	944.2439024
775.1276596	943.7234043
830.5555556	943.2222222
844.5263158	944.1052632
394.9666667	945.8333333
1155	945.2727273
1237.5	944.9545455
857.5	946.5
793.4642857	946.8571429
812.1428571	947.9285714
581.1612903	948.6935484
960	948.15
973.1029412	951.2058824
1241.617647	950.0294118
874.875	954.5
1022.266667	953.6222222
1026.576923	953.2692308
283.5	956.2222222
1221.222222	956.5555556
627.25	959.4117647
710.25	959.6875
441.4698795	959.7590361
478.9333333	961.1666667
1226.986111	961.1805556
849.9186047	961.3139535
1192.190476	962.7142857
833.0882353	965.8676471
288.8285714	969.6857143
788.0625	970.015625
838.6315789	970.8684211
1120.931034	972.2931034
954	976.5
884.7647059	976.7647059
1142.742857	977.6714286
954.2666667	984.3333333
280	985.2
839.877193	985.1403509
1114.688525	985.0655738
354.36	986.44
925.5	987.6451613
1240.913043	988.7391304
280.2173913	990.3043478
1210.803571	989.3928571
348.9677419	990.9354839
1102.969697	990.1818182
1206.945946	993.1351351
843.5	993.8666667
632.9565217	995.6666667
962.04	997
966.04	996.24
407.3125	1002.125
1014	1003.25
969.2957746	1003.492958
1178.132353	1006.735294
1091.06383	1008.744681
323.92	1008.8
706.5	1009
1210.492537	1010.402985
321.9655172	1014.241379
538.4827586	1013.896552
747.0172414	1013.534483
844.6415094	1015.301887
399.9324324	1016.189189
1234.363636	1020.909091
708.625	1021.604167
1228.804878	1025.195122
583.0555556	1028.944444
1142.253165	1030.417722
1122.615385	1030.978022
362.8918919	1033.378378
1069.162791	1036.348837
800.7083333	1039.166667
1234.070588	1038.270588
811.0227273	1040.386364
702.4772727	1043.613636
323.9508197	1044.459016
331.3148148	1043.611111
481.4032258	1046.387097
1161.037736	1047.132075
286	1049.135135
1156.465116	1049.162791
1210.488095	1048.357143
411.8589744	1054.294872
539.0322581	1056.387097
630.2857143	1056.5
804.3492063	1057.920635
711.5	1060.941176
704.787234	1063.148936
1183.423423	1063.333333
758.32	1062.14
957.0681818	1062.931818
648.5263158	1063.473684
1054.298246	1063.736842
340.3186813	1066.582418
697.7142857	1067.904762
326.3571429	1074.071429
331.3571429	1073.833333
291.7931034	1074.448276
670.5294118	1074.647059
1179.166667	1076.648148
663.6029412	1074.720588
1174.666667	1076.888889
711.25	1077.666667
759.5555556	1077.666667
664.0731707	1081.121951
730.754717	1081.490566
763.6206897	1082
1029.862069	1083.810345
1115.544118	1083.338235
361.7948718	1083.717949
366	1083.5
476.5	1083.5
1048.807692	1084.288462
387.5633803	1086.366197
320.3571429	1086.785714
827.5	1087.777778
1196.616667	1087.85
322.9677419	1093.741935
611.8478261	1093.5
273.9583333	1094.833333
830.3333333	1094.875
844.5	1096.5
1157.2375	1097.1875
766.483871	1098.483871
936.1126761	1098.422535
1006.734375	1101.703125
462.0196078	1102.137255
1204.698413	1102.380952
681.8913043	1105.26087
852.8823529	1106.588235
514.2222222	1108.222222
1161.223684	1107.447368
301.3095238	1109.678571
311.75	1113
357.6774194	1113.145161
1234.869565	1114.217391
731.6530612	1115.346939
751.3142857	1116.4
690.4285714	1116.942857
931.7192982	1117.22807
399.9090909	1118.054545
410.6521739	1117.847826
572.7884615	1117.403846
726.4615385	1119.794872
1074.410256	1118.589744
239	1122.05
1072.214286	1122.892857
337.8591549	1121.760563
379.0731707	1121.658537
585.2786885	1121.672131
623.8095238	1122.952381
1216.909091	1122.636364
559	1125.326087
736.4705882	1126.117647
1205.116667	1128.266667
779.0888889	1129.288889
691.0222222	1129.955556
1200.92	1129.84
1223.820513	1131.25641
629.4761905	1133.47619
552.9354839	1136.129032
662.5	1136.5
833	1138.057143
744.9354839	1139.935484
1073.791667	1139.875
515.5901639	1141.557377
677.421875	1140.5
667.2741935	1142.83871
1075.666667	1144.444444
416.7254902	1145.960784
678.8444444	1147.2
686.1132075	1145.811321
742.5862069	1145.793103
1032.84375	1147.125
639.25	1150.75
1055.965517	1150.706897
688.5925926	1151.296296
770.1315789	1151.789474
606.9189189	1154
689.4117647	1155.617647
753.1034483	1154.827586
695.025641	1159.74359
753.6363636	1163.5
850.76	1163.4
640.7894737	1162.5
359.6410256	1164.897436
640.5777778	1167.422222
712.3571429	1165.809524
633.44	1167.04
971.3768116	1167.217391
652.6617647	1168.441176
1172.27451	1171.313725
788.18	1171.74
1222.066667	1172.444444
680.9482759	1172.724138
613.5333333	1174.044444
801.4857143	1173.928571
637	1175.333333
943.8235294	1176.647059
921.375	1178.34375
1231.083333	1182.25
284.0851064	1183.042553
404.0857143	1184.4
783.5789474	1183.947368
836.5757576	1183.757576
1089.921053	1183.631579
1216.222222	1184.055556
606.4642857	1187.357143
317.2987013	1187.883117
843.1111111	1188.555556
620.0512821	1189.769231
702.3142857	1189.914286
1156.767123	1190.808219
579.1428571	1191.897959
833.5	1192.272727
1111.984375	1196.09375
828.2073171	1195.573171
1225.509804	1197.960784
213.4	1199.25
313.3333333	1199.5
615.1176471	1199.5
802.4545455	1200.090909
910	1200.5
294.2173913	1201.869565
680.5925926	1200.962963
794.6885246	1201.016393
833.6666667	1200.755556
741.875	1204.666667
862.2686567	1204.985075
1207.457627	1205.254237
586.9375	1205.734375
806.125	1207.333333
871.3333333	1206.583333
729.3888889	1209.25
760.4285714	1208.714286
1221.578947	1209.657895
700.6363636	1209.969697
349.84375	1211.578125
710.3214286	1213.142857
1244.195652	1212.934783
741.9310345	1213.310345
1128.833333	1213.597222
878.5757576	1217.575758
756.7	1219.44
901.5	1218.5
911.875	1219.5
729.972973	1220.378378
564.7323944	1221.042254
762.5	1222.666667
794.8214286	1220.892857
222.2	1223.5
1231.023256	1223.418605
486.7659574	1223.87234
528.0363636	1224.127273
994.1470588	1226.117647
257.2105263	1226.508772
806.125	1227.125
596.9433962	1228.792453
793.9130435	1228.434783
743.1555556	1228.955556
353.7567568	1232
671.6964286	1232.178571
854.2	1234.153846
583	1236.125
775.9193548	1236.16129
619.125	1236.875
1202.746988	1238.120482
671.6333333	1239.633333
840.6904762	1240.357143
321.4242424	1241.575758
1077.592593	1242.296296
708.65625	1243.28125
938.8431373	1242.529412
1232.744186	1242.27907
239.9295775	1245.43662
1101.720588	1246.147059
718.8780488	1247.121951
856.7076923	1247.076923
890.7777778	1247.75
816.6730769	1248.019231
400.2857143	1247.714286
847.6779661	1248.864407
927.4615385	1248.538462
983.6744186	1248.930233
668.925	1250.1
963.3478261	1250.5
938.7391304	1251.536232
1057.927273	1250.418182
765.76	1252.8
1218	1256
591.5932203	1257.067797
842.1176471	1258.470588
664.4	1258.52
811.7142857	1259.5
856.1923077	1259.230769
654.4888889	1261.955556
693.4166667	1263.75
719.2045455	1264.045455
882.625	1266.125
983.5942029	1264.884058
1149.38806	1266.029851
649.1714286	1267.914286
828.0465116	1267.162791
687.6176471	1269.676471
972.2763158	1270.802632
1232.484848	1271.333333
930.1923077	1271.192308
581.0425532	1272.87234
829.7303371	1275.101124
884.5416667	1275.375
924.4444444	1274.740741
979.4285714	1274.380952
1009.946429	1275.892857
1151.4	1276.833333
626.2439024	1277.292683
637.9210526	1277.368421
1192.925373	1277.283582
828.6229508	1281.344262
893.0777778	1279.922222
934.4090909	1279.613636
621.8076923	1280.307692
616.6428571	1281.690476
564.6875	1282.5625
627.9761905	1282.904762
644.752809	1282.359551
631.8636364	1283.363636
973.25	1283.5
636.2545455	1284.218182
1227.573171	1284.646341
678.8648649	1285.256757
714.1764706	1284.794118
252.7619048	1285.142857
726.0833333	1286.833333
248.5714286	1287.77551
663.5945946	1287.621622
917.6862745	1288.54902
641.72	1289.88
709.9230769	1289.564103
906.975	1290.325
1237.774194	1290.16129
781.852459	1291.344262
850.9090909	1292.090909
1062.271186	1292.830508
1135.621212	1292.909091
1100.564103	1297.435897
842.5	1300.5
1249.421053	1304
713.9166667	1304.666667
867.0625	1304.3125
880.1363636	1306.409091
451.1363636	1307.909091
554.3666667	1307.366667
797.3157895	1306.842105
845.2608696	1306.478261
865.245614	1310.245614
902.4324324	1312.864865
943.1578947	1314.552632
495.3571429	1314.714286
1080.26	1320.34
915.3333333	1322.357143
211.125	1324.875
363.5692308	1324.369231
743.9275362	1325.072464
628.1818182	1326.681818
1252.25	1325.875
653	1326.756098
713.2571429	1327.057143
623.6111111	1328.333333
981.0967742	1327.483871
911.2307692	1328.615385
912.375	1331.25
1005.333333	1331.5
1129.943396	1334.433962
170.5641026	1334.74359
351.0701754	1336.035088
969.4390244	1336.073171
1019.268293	1335.902439
831.787234	1339.723404
542.8032787	1339.721311
233.1891892	1341.540541
616.3770492	1342.819672
782.1864407	1342.898305
1234.056604	1343.886792
1259.43662	1343.774648
850.6734694	1345.979592
489.6956522	1347.5
1158.391304	1349.536232
900.4	1350.35
1266.414634	1350.414634
637.2380952	1351.904762
1084.070175	1354.122807
846	1355.5
352.4225352	1355.492958
800.4444444	1356.755556
885.8571429	1356.166667
1215.074627	1357.179104
771.0357143	1357.75
1276	1358.5
200	1361
823.25	1363.566667
1033.770492	1363.737705
665	1365.137931
230.0588235	1366.338235
724.5	1366.285714
786.6142857	1366.914286
834.4117647	1366.294118
649.7692308	1366.769231
302.9710145	1369.115942
752.7272727	1368.5
898.24	1368.8
969.375	1368.875
162.1333333	1372.288889
1257.769231	1372.205128
870.4545455	1373.212121
916.9	1374.35
1273.181818	1374.163636
848.7887324	1375.295775
684.84375	1373.84375
559.8571429	1379.52381
736.4594595	1379.081081
923.7058824	1381.117647
832.0789474	1381.368421
914.7818182	1382.618182
1218.821429	1382.321429
1267.922222	1383.222222
947.5	1385.15
1061.9	1384.35
772.45	1386.233333
686.7575758	1386.545455
818.6486486	1386.702703
623.875	1388.354167
868.6140351	1387.210526
1214.5	1388
1223.62069	1387.517241
789.546875	1388.09375
975.2075472	1388.245283
864.7	1391.5
974.7058824	1392.705882
170.0655738	1392.032787
771.8809524	1393.238095
987.2169811	1393.084906
1250.741379	1393.310345
851.5671642	1396.343284
880.483871	1393.827957
338.14	1395.4
517.6666667	1395.822222
1125.819672	1396.377049
997.3653846	1397.788462
1004.772727	1398.386364
801.328125	1398.796875
1279.74	1398.86
850.6451613	1402.354839
384.4810127	1400.189873
994.5384615	1401.692308
1237.113636	1400.181818
1208.048387	1402.258065
564.4	1403.446154
711.1025641	1402.282051
907.6111111	1402.861111
709.5757576	1406.575758
883.1276596	1406.191489
991.1020408	1406.693878
1016.686275	1409.039216
601.9555556	1411.244444
203.031746	1414.31746
1269.601852	1415.648148
1285.461538	1413.076923
1047.019231	1416.365385
890.6833333	1416.85
713.5	1417.833333
761.1034483	1416.939655
1172.851064	1419.446809
755.9583333	1421.166667
162	1422.5
758.5625	1425.75
840.9	1423.085714
189.5058824	1424.658824
240.7313433	1425.029851
765.2608696	1424.869565
157.3739837	1429.439024
859.877193	1426.842105
359.2820513	1427.897436
657.5	1429.222222
869.2916667	1429.916667
993.0810811	1433.743243
1180.242857	1432.885714
882.4680851	1435.595745
874.3636364	1437.25
148.245614	1438.070175
160.875	1437.875
822.2121212	1438.136364
953.6304348	1437.891304
156.25	1440.25
313.691358	1440.358025
232.3783784	1443.216216
401.2758621	1444.471264
770.952381	1443.5
1061	1443.625
1276.78022	1445.098901
150.4666667	1445.866667
188.5	1445.621951
426.5151515	1445.227273
282	1446.5
925.9756098	1446.121951
953.826087	1445.565217
1260.6875	1446.125
723.5	1447.5
1260.333333	1450.333333
888.2068966	1450.086207
975.55	1450.125
758.2888889	1450.844444
825.245283	1450.867925
785.4230769	1452.269231
144.4920635	1453.015873
904.8	1453.24
544.0606061	1453.636364
698.0963855	1454.144578
187.1627907	1455.337209
863.4918033	1458.737705
141.7209302	1461.093023
981.2258065	1462.177419
312.6666667	1463.561404
705.6956522	1462.521739
770.6808511	1463.12766
248.6842105	1463
335.7692308	1464.096154
886.2758621	1464.586207
996.7586207	1465.689655
340.2083333	1466.125
918.2413793	1469.206897
930.8666667	1469.088889
1293.394737	1469.289474
1297.705882	1467.588235
721.2307692	1470.307692
285.6470588	1471.529412
282.2580645	1474.193548
914.5142857	1474.114286
138.0441176	1474.897059
981.8615385	1474.353846
581.1076923	1475.630769
468.952381	1477.634921
741.1833333	1477.233333
314.25	1478.75
1231.356164	1476.753425
703.65625	1478.46875
125.3292683	1482.670732
132.8888889	1482
591.4318182	1484.454545
613.9111111	1483.711111
1035.461538	1485.061538
1301.53125	1484.3125
611.4814815	1486.777778
711.3695652	1487.108696
1262.990196	1488.441176
610.9302326	1490.139535
903.483871	1487.516129
993.974359	1487.923077
758.2833333	1489.4
928.7868852	1488.57377
1210.689655	1489.568966
938.9473684	1491.921053
330.1780822	1494.30137
652.2535211	1493.605634
850.5	1493
1193.222222	1493.851852
174.6153846	1495.615385
651.6538462	1498.153846
271.5714286	1497.615385
722.4137931	1496.862069
915.2318841	1497.130435
209.0441176	1499.426471
181.8941176	1499.235294
485.5833333	1502.883333
291.8253968	1504.015873
370.0740741	1506.796296
523.9032258	1506.5
1275.179487	1506.871795
1271.903846	1510.75
858.1639344	1511.934426
186.2222222	1513.888889
337.9428571	1513.285714
177.8651685	1514.617978
747.4074074	1515.185185
936.9166667	1518.716667
1217.777778	1519.666667
139.4210526	1521.631579
1070.520833	1522.145833
1214.25	1522.975
145.7938931	1525.51145
330	1525
230.7115385	1525.432692
1152.558442	1527.25974
173.7307692	1529.653846
496.3432836	1530.074627
841.4146341	1529.463415
336.5333333	1530.8
137.9459459	1531.162162
141.7777778	1531.666667
657.9183673	1533.061224
1296.961538	1533.307692
122.1	1533.52
337.6363636	1535.272727
333.09375	1535.71875
131.8902439	1534.463415
337.6296296	1538.851852
124.5	1539
1006.29661	1539.161017
1296.5	1540.7
135.1846154	1544.015385
781.9333333	1541.786667
1139.765957	1541.680851
125.3913043	1544.695652
736.137931	1544.724138
1300.882353	1545.882353
223.9333333	1546.444444
977.5	1547
277.71875	1549.28125
882.4736842	1548.54386
140.2580645	1551.258065
461.7045455	1550.5
1293.37234	1550.56383
131.7692308	1552.923077
1297.722222	1552.277778
1310.1	1552.725
169.2957746	1552.507042
395.7142857	1552.892857
399.5652174	1553.565217
862.1333333	1552.933333
716.6219512	1556.853659
1318	1557.125
587.5	1558.8
626.3666667	1558.4
838.7457627	1558.762712
296.7636364	1560.163636
349.7692308	1560.615385
1254.826667	1561.24
345.7647059	1561.647059
1037.895522	1563.925373
726	1563.173913
743.260274	1564.041096
633.3265306	1564.571429
845	1564.867925
846.2	1568.066667
889	1566.3125
149.609375	1567.15625
145.7	1570.9
1280.75	1571.25
1067.112676	1572.943662
907.469697	1575.060606
1304.934783	1577.521739
173.5535714	1578.375
177.7297297	1580.621622
398.3653846	1579.153846
1336.3	1580
642.3921569	1581.686275
665.9888889	1579.166667
1331.433333	1581.2
805.2753623	1584.231884
120.1571429	1586.128571
513.6111111	1590.388889
1328.5	1591
736.8461538	1594.384615
1323.121212	1591.393939
739.5961538	1591.5
447.9230769	1594.5
797.2295082	1594.721311
970.1470588	1594.455882
466.9736842	1594.407895
819.0588235	1595.838235
337.65	1596.4
1255.021505	1597.365591
1324.805556	1596.916667
763.675	1598.025
1016.959184	1598.428571
116.25	1600
957.6428571	1600.821429
1329.472222	1600.833333
848.0365854	1601.439024
1222.595238	1601.97619
276.5	1603.791667
1313.322581	1603.709677
622	1607
880.9722222	1608.916667
772	1610.1875
1311.373134	1610.208955
147.1976744	1613.930233
152.4210526	1614.315789
439.34	1614.48
445.09375	1613.6875
644.1186441	1614.20339
1251.125	1614.775
960.5454545	1615.272727
150.1	1617.2
837.9787234	1616.404255
1008	1616.142857
943.6764706	1617.294118
604.8307692	1619.076923
1328.5	1619.5
823	1621.787879
842.0961538	1624.903846
1336.782609	1626.869565
275.975	1627.85
811.362069	1629.206897
557.9444444	1629.847222
667.4090909	1630.666667
806.5862069	1628.448276
827.6944444	1629.805556
927.7142857	1628.761905
1155.686275	1629.156863
458.8271605	1630.901235
1046.823529	1630.235294
738.5111111	1631.866667
1053.32	1632.64
1035.424242	1632.575758
775.7931034	1634.275862
121.45	1636.5
951.0247934	1636.942149
1017.777778	1635.5
1266.733333	1636.4
1044	1637.904762
1270.268293	1637.926829
250.96	1639.333333
767.7236842	1639.421053
1158.108108	1641.27027
1035.787879	1641.136364
115.1714286	1643.2
637.5333333	1644.616667
559.1780822	1645.780822
896.05	1646.075
1043.075472	1646.886792
115.2307692	1647.846154
796.3559322	1652.186441
110.46875	1653.8125
1303.630952	1654.095238
823.2586207	1654.62069
926.4468085	1656.06383
812.8035714	1658.946429
936.9	1659.333333
947.8333333	1665.0625
115	1667
1142.974359	1667.74359
932.9189189	1668.459459
1316.481481	1668.722222
148.8777778	1670.866667
554.925	1670.325
146.3636364	1673.727273
218.7301587	1673.047619
233.5952381	1673.785714
715.0461538	1673.507692
420.78	1677.2
785.4	1675.733333
814.1860465	1676.186047
416.7777778	1677.074074
821.359375	1676.328125
211.025	1676.9375
586.8529412	1677.823529
817.3684211	1680.631579
855.98	1679.16
1106.578947	1680.245614
444.6458333	1683.354167
813.4150943	1683.698113
457.0416667	1685.0625
786.7213115	1684.704918
375	1685.552239
807.875	1686
122.2	1687.5
475.5522388	1688.358209
559.0857143	1687.6
1062.561404	1689.035088
659.3333333	1689.793651
855.030303	1690.272727
873.2142857	1690
1015.4	1690.04
112.3243243	1690.702703
1066.533333	1693.2
187.3918919	1691.986486
1072.5625	1692.828125
1179.351852	1692.611111
801.7105263	1697.921053
162.0869565	1699.782609
972.5769231	1698.846154
133	1702.386364
239	1701.789474
731.75	1702.546875
736.3103448	1702.241379
1129.043478	1701.347826
102.0277778	1703.666667
792.3333333	1704.873563
1080.333333	1704.018519
847.1538462	1705.461538
1251.223881	1706.298507
810.1538462	1708.358974
882.0555556	1707.5
703.4090909	1709.272727
1315.797297	1710.094595
608.8958333	1711.291667
1100.509804	1711.666667
1280.971429	1711.2
496.962963	1712.759259
814.84	1712.68
530.3703704	1714.296296
952.0232558	1714.581395
740.984127	1714.825397
389.3829787	1716.148936
791.8867925	1716.358491
921	1716.102564
935.8928571	1715.571429
1147.5	1716
1027.418182	1717.309091
137.6	1719.235294
503	1717.93617
766.2380952	1717.269841
145.2	1718.566667
500.1388889	1724.527778
567.2545455	1720.563636
439.3404255	1722.829787
844.275	1723.075
1112.185185	1724.018519
241.969697	1724.060606
572.4871795	1725.410256
225.9054054	1727.756757
1002.25641	1728.076923
660.5	1729.16129
946.779661	1728.322034
1076.508772	1730.578947
1237.849315	1730.479452
111.9210526	1735.289474
1135.686275	1736.254902
412.4761905	1737.690476
1324.522388	1737.343284
819.5	1740.222222
537.0847458	1743.440678
956.125	1742.666667
685.5675676	1744.054054
148.1428571	1744.228571
132.7971014	1746.623188
939.5	1747
807	1748
443.3846154	1750.326923
1257.769231	1750.884615
1262.222222	1750.888889
1050.869565	1753.478261
635.7021277	1755.06383
1052.888889	1756.111111
91.62711864	1756.152542
929.5063291	1758.556962
1013.575758	1760.69697
110.0266667	1761.666667
320.5106383	1763.829787
427.4166667	1763.65
988.875	1764.375
1334.703704	1764.111111
336.2	1764.8
368.9090909	1765.636364
951.0379747	1767.025316
646.1034483	1767.293103
1193.278689	1767
538.65625	1768
941.5394737	1769.684211
1257.493976	1769.46988
1006.6875	1770.953125
948.875	1773.125
1337.441176	1773.470588
165.6976744	1775.232558
963.3714286	1774.828571
465	1775.5
901.3333333	1778.875
1091.565217	1782.173913
500.8333333	1782.8
506.3461538	1782.846154
981.6170213	1783.829787
415.5531915	1785.93617
666.5128205	1786.128205
1238.214286	1787.083333
741.0163934	1787.295082
482.3846154	1789.384615
180.0769231	1791.153846
533.0425532	1790.319149
750.4150943	1793.169811
1324	1794.542857
786.4285714	1794.959184
359.25	1798.134615
844.6226415	1797.962264
1297.208791	1800.615385
333.0131579	1800.197368
450.5	1800.5
899.5	1802.666667
1117.571429	1805.492063
458.5	1807.423077
523.5	1807.5
425.6206897	1809.172414
805.4482759	1809.655172
380.9242424	1811.075758
860	1811.877551
877.2727273	1811.5
957.3870968	1812.258065
151.6666667	1814.111111
536.2857143	1814.959184
455.2352941	1817.705882
547.1538462	1817.346154
525.1724138	1820.758621
410.7619048	1822.111111
444.2162162	1821.324324
461.1578947	1821.842105
796.6470588	1821.72549
938.1176471	1822.588235
539.0208333	1822.4375
713.7586207	1825.534483
798.0526316	1827.052632
153.4489796	1825.22449
157.9354839	1825.419355
928.8157895	1826.052632
628.2666667	1827.233333
264.6	1828.822222
1009.851852	1828
481.9333333	1831.4
1020.102564	1831.128205
805.7857143	1832.178571
169.0694444	1836.097222
1229.077922	1836.441558
868.3846154	1837.384615
1266.54	1837.38
1270.761905	1837.857143
429.8064516	1838.548387
121.5795455	1840.181818
222.0133333	1840.32
821.0689655	1840.517241
326.225	1840.85
1096.530612	1840.571429
550.7058824	1843.205882
1304.628571	1842.857143
516.1463415	1844.731707
630.3684211	1845
1202.121951	1844.682927
1318.933333	1844.026667
504.875	1846.875
825.6326531	1849.387755
115.6153846	1850.602564
953.4705882	1850.882353
256.8533333	1852.066667
681.877551	1851.673469
391.7272727	1854.530303
1155.163265	1855.061224
1159.333333	1854.041667
177.7901235	1855.740741
779.5	1856
504	1857.5
1006.463415	1859.719512
1012.790698	1856.790698
970.5192308	1858.134615
998.7272727	1857.5
1340.604651	1857.744186
718.7027027	1859.324324
1071.980392	1858.607843
572.95	1860.175
646.0666667	1860.444444
211.7142857	1862.357143
215.893617	1863.042553
444.2978723	1861.659574
1329.092308	1861.646154
302.6530612	1864.346939
493.5952381	1863.642857
984.9230769	1864.435897
1187.40625	1864.921875
906.9210526	1866.552632
355.1016949	1867.186441
684.5	1867.166667
787.4117647	1867.686275
525.8611111	1867.361111
521.7333333	1869.533333
1322.097561	1868.439024
1326.555556	1869.296296
582.5483871	1869.580645
259.6176471	1871.426471
93.42647059	1872.867647
763.6	1872.966667
869.4909091	1873.163636
576.4137931	1875.724138
1250.5	1876
124.5	1878.203125
482.5138889	1878.152778
1336.060606	1877.787879
519.8783784	1879.810811
855.5740741	1880.518519
1157.565217	1879.594203
467.2285714	1881.228571
963.5	1880.919355
1314.680556	1882.166667
494.75	1883.1875
476.0930233	1884
622.6458333	1886.041667
1195.191489	1886.468085
480.5	1887.8
786.7380952	1887.095238
1199.88	1886.8
208.2068966	1890.086207
177.8	1891.5
493.0526316	1891.907895
973.3777778	1891.622222
526	1893.09375
551.7435897	1893.974359
79.24590164	1898
488.6857143	1899.771429
1297.288889	1899.866667
358.5	1902.307692
738.5	1901.5
966.1463415	1901.853659
189.5172414	1904.517241
350.75	1904.611111
371.9310345	1906.206897
1141.614035	1906.719298
939.5813953	1907.976744
551.2758621	1909.655172
543.5	1911
343.4561404	1912.438596
514.3478261	1911.347826
972.0714286	1911.547619
1278.283019	1911.830189
1283.107143	1912
1329.636364	1912.285714
349.2142857	1912.214286
785.25	1912.75
967.0540541	1913.675676
465.2	1913.76
509.0681818	1913.795455
750.7692308	1914
933.1481481	1912.37037
929.0625	1915.0625
1172.761905	1915.285714
1096	1915.860465
933.8604651	1918.302326
504.1707317	1918.926829
881.53125	1921.0625
962.8550725	1921.289855
1305.807692	1922.5
1056.279412	1922.544118
888.44	1925.12
482.05	1927.6
543.2407407	1927.481481
285.4102564	1929
489.5	1930
536.6944444	1931.305556
987.9	1931.225
1080.034483	1930.948276
75.32075472	1932.735849
407.3695652	1933.021739
884.8095238	1932.928571
442.893617	1933.361702
674.6585366	1933.902439
1252.396226	1936.283019
662.6818182	1938.454545
891.5116279	1940.906977
1277.058824	1940.411765
1335.304348	1944.195652
483.2291667	1945.0625
1120.076923	1948.25
106.597561	1949.5
487.5909091	1949.545455
522.1	1952.46
1342.131579	1951.605263
484.7586207	1954.344828
920.9272727	1954.272727
824.3666667	1954.633333
1128.1	1955.35
984.015873	1958.761905
162.4222222	1960.733333
228.9189189	1961.594595
927.075	1962.6
269.1142857	1964.671429
462.974359	1965.692308
866.4444444	1966
400.9818182	1967.054545
1163.097561	1967.731707
123	1967.625
1286.773585	1967.509434
97.94736842	1968.815789
863.260274	1967.657534
920.390625	1969.046875
954.5757576	1970.939394
314.5319149	1975.425532
821.0888889	1975.933333
553	1977.692308
1092.708333	1976.208333
859.2	1980.222222
391.5223881	1983.447761
168.9466667	1983.453333
952.1702128	1984.574468
434.1111111	1984.611111
853.6086957	1986.434783
683.5	1988
980.3636364	1988.909091
248.3333333	1989.770833
916.5	1989.5
924.122807	1989.578947
887.6575342	1991.438356
473.5769231	1993.423077
878.2682927	1992.853659
843.9142857	1993.485714
121.0833333	1995.5
803.5	1995.1
911.9230769	1997.75
78	1997.37037
754.5	1998
643.0769231	1999.179487
534.9473684	1999.842105
782.75	2001.333333
498.5294118	2003.431373
584.9545455	2002.931818
821.8541667	2002.0625
1230.065574	2002.836066
418.1944444	2003.805556
1041.85	2009.15
103.325	2010.975
914.9090909	2011.090909
529.0869565	2013.217391
297.2	2013.82
475.7826087	2014.76087
636.3333333	2015.960784
1157.561404	2015.824561
554.0833333	2017.583333
175.8	2018.74
899.5531915	2019.234043
68.96153846	2020.269231
611.5	2020.5
81.75757576	2022.090909
1323.843137	2021.745098
450.5423729	2023.677966
1324.214286	2026.178571
979.7179487	2027.820513
1289.282609	2028.652174
520.3125	2029.015625
68.31111111	2029.222222
1215.542373	2029.644068
1343.692308	2031.615385
533.6296296	2031.462963
80.11627907	2033.55814
1334.636364	2037.727273
95.36842105	2038.859649
1145.171429	2040.657143
527.66	2042.14
1333.571429	2043.035714
211.1515152	2043.727273
742.6233766	2045.922078
1318.088889	2044.288889
491.1923077	2047.403846
282.5	2047.88
1320.653061	2048.693878
529.8	2049.5
798.6153846	2048.615385
1250.5	2049.5
600.0967742	2051.951613
1278.315068	2051.493151
752.7105263	2055.394737
81.88059701	2056.835821
325	2057.583333
877.9285714	2059.190476
490.3389831	2061.033898
1323.728814	2062.135593
1344.311475	2062.196721
432.7407407	2062.888889
898.5614035	2064.350877
513.76	2066.2
235.8	2068.78
70.10344828	2070.172414
1249.860759	2071.063291
725.7234043	2071.276596
502.4255319	2072.276596
1342.235294	2072.117647
214.0625	2073.15625
137.1090909	2074.309091
821.4	2074.04
132.1086957	2073.217391
597.7068966	2074.793103
536.5641026	2078.153846
544.7058824	2077.647059
1171.138889	2077.611111
763.704918	2081.508197
1313.0625	2081.9375
1317.956522	2081.804348
164.25	2085.1875
427.5	2084.8
83.89705882	2086.661765
1286.6	2087.86
752	2089.625
779.5	2090.178571
1099.630435	2093.108696
240.537037	2094.259259
865.125	2094.125
722.1034483	2094.827586
336.4193548	2095.822581
920.0526316	2096.649123
442.4285714	2096.875
503.9142857	2097.314286
810.8928571	2097.107143
652.1	2100.38
1289.855556	2101.333333
994.5952381	2100.809524
1228.80597	2102.432836
66.51612903	2102.870968
435.2222222	2103.722222
455.627907	2103.860465
253.3191489	2105.744681
449.8823529	2107.411765
827.6744186	2106.837209
1329.057143	2106.428571
1050.034483	2108.862069
592.1206897	2110.034483
670.225	2110.825
839.6129032	2111.258065
164.7820513	2112.102564
427.8214286	2112.107143
776	2112.5
969.03125	2113.046875
323.6842105	2114.394737
1311.927273	2116.145455
151	2116.537313
216.1	2116.7
284.04	2117.32
122.2077922	2119
691.5	2119.32
896.4117647	2121.117647
1067	2121.5
196.6461538	2121.076923
247.0298507	2124.283582
728.2	2124.633333
80.19444444	2125.763889
185.22	2127.08
138.1176471	2129.019608
143.0526316	2128.157895
533.0833333	2131.166667
913.0625	2131.09375
853.9032258	2131.806452
469	2133
736.2769231	2132.723077
525.6296296	2134.407407
931.2978723	2136.531915
63	2138.395833
390.7875	2137.6375
818.875	2138.166667
1151.758065	2137.096774
765.0980392	2139.294118
730.5853659	2140
1294.791045	2139.492537
1321.54386	2140.54386
897.5	2140.5
942.90625	2140.9375
159.4242424	2142.030303
600.3571429	2142.928571
177.625	2144.472222
618.8222222	2143.6
739.4565217	2145.043478
1329.357143	2144.821429
626.7115385	2147.288462
939.3809524	2146.47619
1181.692308	2146.551282
410.7333333	2148.166667
756.516129	2148.225806
932.6610169	2148.118644
825.9166667	2149.083333
1034.873016	2149.063492
321.8863636	2150.636364
390.8461538	2152.589744
401.047619	2150.714286
595.5	2150.5
907.3684211	2151.157895
655.5555556	2152.587302
1319.020833	2152.791667
565.6666667	2153.625
1100.454545	2153.8
109.8307692	2154.8
932.5416667	2155.958333
546.84	2158.12
500.704918	2156.885246
798.3333333	2157.555556
536.3684211	2161.736842
700.2608696	2162.543478
577.0188679	2164.886792
801.1428571	2164.928571
447.34	2165.3
531.1632653	2166.693878
757.5405405	2165.918919
793.1818182	2165.818182
89.72340426	2167.276596
196.9772727	2166.090909
199.4571429	2169.771429
440.15625	2169.46875
570.3888889	2169.277778
942.3043478	2169.782609
291.8536585	2170
405.7659574	2170.234043
113.890411	2171.630137
447.5172414	2172.034483
745.9038462	2172.153846
423.16	2172.72
510.85	2172.65
1186.2	2174
1104.5	2175
1315.117647	2173.882353
404.3055556	2176.083333
450.25	2177.35
493.7234043	2176.531915
699.5	2177
1300.280899	2178.629213
808.0869565	2180
515.0769231	2182.461538
740.5	2184.45
937.8070175	2184.017544
1322	2183.5
825.8032787	2184.967213
408.6206897	2186.448276
1025.923077	2186.307692
640.8478261	2187.956522
196.983871	2188.693548
440.4848485	2191.272727
1314.342857	2191.828571
1324	2191.5
469.4375	2192.375
983.5	2193
839.1875	2194.5
262.8461538	2196.564103
800.9142857	2197.542857
160.0961538	2200.423077
399.6615385	2199.707692
103.4727273	2201.4
948.5	2203.5
1263.914634	2202.365854
781.4761905	2205.357143
131.2982456	2206.087719
908.4	2206.2
419.5	2207.777778
478.24	2207.28
920.2121212	2208.121212
482.7777778	2208.740741
872.1153846	2209.538462
1005.333333	2210.229167
1213.655738	2211.557377
814.3666667	2212.633333
833.8604651	2213.069767
960.1166667	2213.533333
1091.307692	2214.753846
1139.561404	2215.666667
1319.921875	2215.671875
770.6949153	2216.59322
1067.666667	2218.490196
1308.458333	2217.75
493.1290323	2221.532258
718.2093023	2223.360465
108.2580645	2223.419355
456.4545455	2223.409091
408.3538462	2225.923077
383.6	2226.75
458.8214286	2228.071429
493.9375	2228.09375
732.9166667	2228.4
1036.702128	2229.744681
1305.555556	2230.5
478.8985507	2231.362319
850.3870968	2230.354839
887.296875	2230.296875
323.9183673	2232.571429
693.6363636	2232.909091
1166.525641	2233.384615
638.8474576	2234.186441
827.6	2234.375
833.5925926	2234.925926
427.6888889	2235.577778
581.875	2236
1230.392857	2234.321429
1315.5	2236.222222
1306.105263	2237.421053
384.6428571	2237
908.1351351	2237.702703
1118.444444	2237.611111
130.8135593	2238.372881
520.2285714	2239.571429
935.0571429	2239.442857
779.9180328	2240.655738
557.5454545	2242.909091
1293.8	2243.85
1060.653846	2245.153846
96.33333333	2247.227273
398.4791667	2248.229167
447.9347826	2249.065217
1169.346154	2248.794872
277.6944444	2250.069444
419.5	2251.5
498.34375	2250.78125
562	2250.928571
1284.423729	2251.389831
353	2252.416667
600.6727273	2252.563636
539.75	2255.125
492.4705882	2255.647059
940.1818182	2256.181818
1091.288889	2256.088889
410.8	2256.563636
849.15	2258.625
1171.901961	2258.784314
110.3333333	2259.424242
1259.457143	2261.342857
707.2432432	2261.756757
94.24137931	2262.482759
313.1470588	2262.470588
522.3972603	2262.630137
825.6785714	2263.321429
402.175	2266.05
287.952381	2267.190476
787.5777778	2267.311111
956.78125	2267.375
814.5454545	2269.022727
531.2272727	2272.409091
638.9428571	2272.828571
805.6410256	2272.589744
544.05	2274.2
681.5	2273.625
975.2580645	2274.258065
483.125	2274.333333
867.6756757	2274.783784
895.9433962	2274.735849
296.0909091	2276.090909
915.8541667	2276.291667
88.84444444	2278.444444
1226.142857	2277.7
100.1842105	2278.921053
527.4594595	2279.648649
520.5263158	2280.973684
1275.121212	2280.030303
178.6521739	2280.956522
778.5479452	2281.808219
1301.4	2282.022222
137.4027778	2283.611111
228.6923077	2283.061538
513.5925926	2282.814815
847.6666667	2283.333333
852.5	2283.285714
929	2283.5
625.2727273	2284.121212
1196.43662	2283.788732
91.68888889	2284.688889
576.2	2284.75
753.0714286	2285.952381
860.3023256	2286.186047
418.4102564	2288.282051
1252.975309	2287.493827
686.1	2288.466667
863.1538462	2290.884615
330.7586207	2292.741379
958.1166667	2291.566667
1300.117647	2291.54902
166.8219178	2293.013699
467.3030303	2293.090909
558.9387755	2295.44898
793.5737705	2295.47541
1126.69697	2296.257576
1154	2296.655172
512.3965517	2297.844828
795.6470588	2302.323529
445.4716981	2300.433962
940.4363636	2303.2
1020.108696	2304.369565
1240.254902	2303.254902
1190.176471	2305.382353
894.3809524	2307.119048
507.5	2308.5
703.6984127	2310.68254
859.5	2311.307692
1266.92	2312.58
480.4683544	2313.379747
93.83673469	2314.653061
1270.911765	2315.5
1296	2314.638889
1228.117647	2316.220588
433.0357143	2318.821429
1069.784615	2322.430769
135.6184211	2325.802632
252.6388889	2328
845.3859649	2328.333333
1092.870968	2328.032258
287	2328.918919
907.0263158	2329.421053
748.1016949	2329.915254
873.220339	2331.305085
1205.608108	2332.094595
839	2333.677419
1039.549296	2333.492958
425.0943396	2335.169811
690.7619048	2335.095238
1268.5	2334.326087
1273.847458	2337.033898
1291.5	2335.068966
96.91176471	2337.485294
341.64	2337.8
1269.111111	2339.111111
1167.901235	2339.037037
160.3863636	2339.75
299.7741935	2339.951613
799	2339.854545
329.1282051	2342.128205
938.2916667	2341.4375
823.2280702	2344.140351
242.4	2344.6
721.0232558	2345.976744
774.326087	2347.152174
96.97435897	2348.25641
887.4375	2348.375
966.5757576	2349.424242
1268.276316	2347.644737
297.28	2350.58
1272.3125	2350.4375
303.4210526	2352.578947
607.4680851	2352.12766
823.1666667	2353.875
152.4390244	2356.402439
281.8913043	2356.369565
978.675	2355.975
154.625	2359.375
212.9459459	2356.567568
695.6976744	2358.255814
873.4857143	2357.4
260.0869565	2359.782609
796.9361702	2359.468085
917.0888889	2361.711111
1089.452055	2360.739726
351.6285714	2362.428571
334.969697	2363.181818
1038.8	2363.5
99.97826087	2363.913043
598.2105263	2364.157895
848.2372881	2364.067797
1205.893617	2363.638298
310.8421053	2364.578947
199.5125	2366.6125
832.6557377	2367.442623
803.2222222	2367.472222
839.9722222	2367.972222
889.2962963	2367.388889
799.1034483	2370.37931
386.9767442	2370.44186
890	2372.133333
680.8	2371.5
883.7631579	2371.815789
740.1428571	2372.301587
835.5	2373.5
364.9807692	2375.173077
1109.051724	2375.948276
307.5135135	2377.27027
883.5	2378.2
565.6666667	2380.410256
891.8311688	2379.272727
1014.77193	2380.631579
459	2381.625
434.3181818	2382.409091
484.4285714	2383.673469
375.6774194	2385.225806
436.0344828	2386.206897
783.0243902	2385.536585
1120.34	2387.06
845.8461538	2388.871795
1115.229508	2388.393443
108.6629213	2391.280899
793.5166667	2389.966667
1261.555556	2389.791667
633.8421053	2392.5
305.4716981	2394.037736
827.1538462	2393.5
354.4833333	2393.9
809	2394.910714
100.7777778	2397.111111
556.9090909	2398.090909
124.6075949	2398.772152
344.7636364	2397.963636
151.6931818	2399.795455
917.7142857	2400.095238
930.4509804	2399.568627
387.5	2401.5
1173.21875	2400.8125
341.8	2404.377778
180.5	2405
348.9736842	2404.815789
594.9019608	2405.686275
364.9	2405.666667
465.7	2405.3
812.0784314	2405.862745
374.6603774	2406.811321
839.6666667	2406.537037
1278.794118	2407.088235
1287.214286	2408
731.4390244	2409.268293
276.2711864	2410.627119
984.6481481	2409.87037
1195.423077	2411.730769
1199.113208	2409.018868
144.6716418	2411.507463
391.442623	2411.409836
757.4827586	2411.758621
842.2903226	2412.774194
364.7567568	2413.756757
690.1304348	2413.630435
355.5	2415.5
1236.978261	2416.847826
1242.638298	2417.680851
286.2432432	2418.972973
969.9672131	2418.95082
1142.538462	2419.134615
1174.767442	2419.209302
411.6842105	2420.184211
727.0681818	2420.409091
262.4823529	2421.988235
365.0555556	2422.444444
548.4705882	2421.647059
383.48	2426.4
571.5	2425.4
589.8333333	2425.5
721.8125	2425.458333
738.8541667	2424.791667
778.9259259	2426.407407
510.0526316	2426.842105
615.4594595	2427.918919
1216.452055	2427.794521
699.5	2430.272727
164.0571429	2433.1
379.9285714	2435.047619
552.4545455	2434.522727
1178.846154	2435.096154
434.8222222	2436.4
618.4047619	2436.238095
278.4444444	2437.333333
461.2173913	2436.413043
746.6578947	2437.921053
1137.225352	2437.169014
944.6111111	2438.388889
632.4313725	2442.529412
664.4651163	2442.302326
519.6363636	2443.045455
720.8	2443.5
818	2442.5
153.2911392	2444.518987
333.6938776	2444.061224
533.6388889	2444.611111
1252.013699	2444.863014
113.9215686	2445.098039
598	2445.5
184.55	2446.6125
169.2857143	2447.5
376.6538462	2448.942308
885.55	2449.55
1034.666667	2452
525.6	2453.314286
311.3846154	2454.553846
737.625	2454.75
618.2916667	2456.708333
1244.204545	2455.454545
643.22	2457.02
1085.816327	2458.734694
1247.909091	2458.363636
1275.259259	2460.407407
626.05	2462.075
1017.962264	2461.962264
723.5	2463.5
984.4807692	2465.903846
174.4477612	2466.343284
577.1458333	2467.083333
246.2083333	2466.763889
303.3076923	2467.038462
519.54	2466.96
742.5208333	2466.75
648	2468
876.5333333	2468.466667
998.2777778	2471.888889
1208.289474	2472.184211
623.5116279	2473.581395
919.8490566	2473.830189
547.1081081	2474.351351
867.3488372	2476.953488
152.1904762	2479.666667
1157.652174	2480.5
302.2653061	2481.204082
347.9069767	2481.27907
718.875	2482.125
871.8	2482.866667
802.0535714	2486.178571
134.6285714	2487.242857
479.0212766	2487.829787
560	2488.777778
527.2592593	2490.592593
913.5084746	2491.491525
775.6	2492.142857
1090.21875	2492.625
1040.689655	2494.741379
1262.416667	2495.541667
1178.574468	2495.680851
903.4761905	2497.952381
97.56666667	2498.833333
731.4545455	2500.212121
190.4468085	2502.93617
312.8	2507.5
734	2508
1065.894737	2508.263158
760.3090909	2508.909091
907.96	2508.88
539.469697	2509.19697
635.3611111	2510.305556
741.9583333	2511.625
883.1702128	2512.851064
941.7592593	2512.685185
381.015873	2515.460317
604.7708333	2515.083333
618.6511628	2514.581395
657.8888889	2514.666667
1089.493671	2513.987342
664.9166667	2518.083333
885.4	2519.4
576.5	2520
1220.5	2519.6875
598.8611111	2520.5
608.7	2520.5
1225	2521.666667
266.0983607	2521.721311
863.3050847	2521.627119
892.8421053	2522.157895
688.4666667	2523.733333
733.6111111	2523.138889
788.1818182	2524
611.5641026	2524.820513
748.3125	2524.875
506.2142857	2525.642857
669.5	2525.854167
1126.425287	2526.37931
685.3076923	2528
139.5	2530
962.0933333	2530.32
541.4482759	2531.310345
1090.153846	2531.8
1043.861111	2533.527778
692.6666667	2533.95
836.4385965	2533.631579
119.0731707	2535.243902
255.0142857	2535.071429
367.4142857	2535.285714
1204.787879	2534.878788
144.6521739	2536.913043
346.5660377	2537.09434
523.0350877	2537.929825
750.2727273	2538.5
128.5714286	2538.571429
686.0588235	2538.941176
946.0689655	2540.275862
1009.157143	2538.871429
1253.54386	2540.421053
610.7272727	2540.954545
554.5	2543.5
426.4852941	2544.632353
105.75	2546.910714
630	2547
776.8913043	2547.630435
102.6315789	2548.789474
676	2548
1250.473684	2548.947368
607.75	2549.666667
835.6	2550.2
737.8641975	2550.777778
81.87234043	2553.106383
447.7021277	2552.617021
161.1931818	2553.227273
533	2555.5
683.5352113	2555.802817
1123.851852	2555.462963
842.6790123	2555.740741
302.3921569	2557.411765
733.6428571	2558.214286
495.8461538	2559.230769
1064.303571	2558.875
1156.803571	2558.732143
164.75	2560.416667
522.1956522	2561.217391
600.2051282	2562.205128
875.5	2562.6
1234	2563.5
463.1923077	2564.538462
468.3571429	2563.214286
685.75	2564.136364
863.5272727	2565.145455
674.5074627	2565.716418
603.9069767	2567.418605
720.4	2570.35
741.3461538	2568.846154
646.7727273	2570
431.1304348	2573.478261
512	2574.464286
516.6571429	2576.228571
222.1555556	2577
804.1538462	2577.384615
860.0888889	2577.488889
500.8	2576.833333
421.3333333	2579.333333
606.5	2579.5
123.5411765	2581.047059
527.1153846	2580.692308
559.3488372	2580.302326
595.3272727	2578.563636
634.2857143	2579.971429
879.6111111	2580.055556
897.8055556	2580.25
533.5	2581.5
286.1666667	2583.354167
514.3137255	2583.607843
549.8076923	2582.230769
593.6	2584
838.7560976	2584.317073
539.6730769	2585.269231
582.7413793	2585.37931
792.1162791	2585.55814
884.5434783	2585.108696
1017.985075	2584.895522
1043	2584.72549
138.25	2587.75
140.8382353	2585.985294
1056.890625	2589.40625
131.9019608	2590.176471
709.6	2591.4
1229.553846	2591.046154
1243.320755	2590.698113
549.0638298	2592.553191
679.3623188	2593.289855
733.4444444	2593.666667
1187.079365	2594.84127
94.08333333	2594.833333
379.5	2594.777778
857.06	2594.78
653.0638298	2597.553191
1209.735632	2599.436782
728.4912281	2599.929825
933.7619048	2600.047619
514.5	2601
564.5555556	2601.777778
523.8269231	2602.192308
866.8113208	2605.018868
173.5522388	2607.537313
1085.810127	2606.025316
129.4084507	2607.788732
564.2857143	2609.942857
559.24	2610.92
1062.594203	2611.565217
141.6923077	2611.961538
663	2611.708333
759.147541	2614.180328
1241.541667	2613.791667
138.6666667	2616.083333
502.75	2616.346154
522.2592593	2616.333333
921.7884615	2615.807692
904.6086957	2616.73913
553.7352941	2618
751.7333333	2617.4
1047.527027	2619.432432
416.9459459	2620.432432
675.5483871	2620.419355
908.7826087	2619.826087
266.4137931	2621.275862
900.2666667	2621.333333
114.04	2623.6
1199.746667	2624.08
678.95	2625.9
741.9333333	2626.5
480.2	2627.5
509.375	2626.75
890	2626.826087
860.0384615	2628.038462
1240.261905	2628.428571
1029.1875	2629.625
233.25	2632.083333
684.9230769	2631.589744
846.4285714	2632.690476
1104.738462	2632.153846
319.8769231	2632.661538
772.7916667	2633.333333
853.3783784	2636.243243
622.1333333	2636.433333
74.8	2635.738462
774.46875	2638.3125
825.2173913	2637.391304
174.1585366	2643.536585
648.1428571	2642.888889
690.5	2643.5
789.2903226	2643.290323
938.3636364	2643.045455
715.3541667	2643.875
915.0333333	2644.433333
862.704918	2645.016393
117.609375	2648.859375
393.4509804	2651.921569
745.9166667	2651
98.36111111	2653.916667
744.3809524	2655.428571
828.1153846	2654.211538
1071.651515	2654.651515
137.3076923	2655.784615
80.52173913	2659.652174
694.7333333	2660.177778
1168.08642	2660
226.5555556	2662.644444
256.9803922	2663.176471
882.0344828	2663.172414
199.44	2665.706667
914	2665.472727
85.34210526	2667.921053
556.7857143	2667.5
750.452381	2666.571429
182.8571429	2671.114286
313.4153846	2674.123077
985.1282051	2673.384615
876.2307692	2676.230769
573.3043478	2677.543478
613.15	2677.1
679.4411765	2678.764706
766.2051282	2678.282051
1082.675676	2678.378378
1230.733333	2678.222222
831.4594595	2681.189189
1191.615385	2681.384615
587.5	2682.636364
747.0454545	2682.545455
883.5	2683
792.7916667	2685.5
852.6551724	2685.724138
451.1153846	2686.788462
552.8181818	2687.181818
288.7014925	2687.373134
604.1904762	2688.119048
780.0851064	2688.446809
526.2325581	2690.186047
1114.528571	2693.128571
1223.478873	2690.126761
104.3333333	2693.060606
568.421875	2693.046875
891.9736842	2692.815789
886.6829268	2694.804878
698	2695.5625
229.4074074	2697.277778
783.8333333	2696.527778
1193.625	2701
808.6052632	2701.710526
868.2911392	2702.683544
84.15789474	2703.421053
854.0350877	2702.929825
1071.556962	2703.189873
782.862069	2705.051724
815.5714286	2706.673469
1186.147541	2707.721311
1191.378378	2708.135135
585.0350877	2709.561404
719.4693878	2708.816327
883.6888889	2708.622222
335.2745098	2710.509804
963.9230769	2711.096154
187.3529412	2713.470588
110.5	2714.5
1218.695122	2713.182927
355.6833333	2715.433333
904.877193	2717.105263
928.1351351	2716.864865
838.1166667	2717.95
1134.102564	2718.320513
125.5076923	2720.584615
898.0526316	2721.131579
703.3541667	2726.645833
113.9272727	2729.309091
418.4074074	2729.074074
205.6190476	2730.238095
808.0384615	2730.192308
998.1851852	2729.851852
143.6	2732.8625
595.4528302	2732.433962
1032.884615	2733.269231
1036.156863	2735.078431
1226.490566	2734
1054.611111	2737.194444
189	2738.5
802	2738.5
1217.777778	2740.587302
607.6153846	2740.923077
851.5813953	2742.186047
1223.9	2741.3
832.2068966	2744.068966
647.5806452	2745.548387
753.475	2743.75
623.2222222	2746.5
721.8421053	2746.789474
1223.5	2747
897.7567568	2749.189189
1182.080645	2749.225806
917.6716418	2750.447761
972.804878	2750.512195
977.3235294	2749.176471
1158.216867	2752.506024
137.1492537	2752.313433
808.1111111	2752.155556
978.2272727	2754.090909
340.5147059	2752.720588
1199.818182	2754.2
723.2156863	2755.686275
975.6666667	2757.333333
118.0566038	2756.849057
447.6451613	2757.516129
244.8695652	2759.543478
1221.111111	2758.666667
634.6521739	2762.5
602.8571429	2762.809524
414.0571429	2764.571429
1026.565217	2763.521739
273.5	2766.807692
1143.576923	2765.596154
1068.117647	2767.5
626.3137255	2767.745098
638.4186047	2768.465116
784.9444444	2768.222222
656.1	2768.966667
867.5740741	2770.351852
182.6703297	2771.131868
820.4255319	2772.680851
1082.081081	2772.972973
692	2773.678571
219.8333333	2774.924242
776.12	2775.32
788.6923077	2777.423077
1135.422535	2778.183099
621.75	2781.386364
1035.878049	2783.987805
188.9090909	2785.480519
509.4057971	2790.84058
748.125	2787.666667
1164.633803	2787.788732
251.6625	2789.5375
956.5409836	2789.868852
782.097561	2789.853659
800.8125	2789.71875
365.8	2792
506.0454545	2791.409091
615.2	2794.8
108.106383	2797.638298
939.9444444	2800.240741
1070.388889	2800.388889
666.375	2800.5625
755.6666667	2802.125
480.0833333	2802.979167
777.7333333	2804.4
720.3023256	2804.860465
788.5	2806.230769
829.1886792	2806.849057
399.5	2808.5
180.1388889	2809.541667
106.4705882	2810.352941
723	2810.5
212.8536585	2812.853659
699.5862069	2813.931034
672.0454545	2813.681818
495.1071429	2816
1166.902778	2815.583333
228.0875	2822.025
669.1914894	2822.042553
699.3793103	2824.172414
478.2295082	2824.327869
348.7468354	2826.240506
603.2682927	2826.097561
199.7272727	2826.909091
1087.404255	2827.914894
644.7924528	2828.603774
651.5151515	2829.424242
1199.706897	2833.344828
589.25	2835.589286
622.2222222	2836.37037
762.8611111	2837.388889
785.1081081	2842.324324
927.0508475	2843.440678
963.2222222	2845.703704
158.0571429	2847.342857
228.1607143	2847.410714
997.2894737	2846.289474
1003.169811	2848.056604
198.0384615	2849.166667
1139.972973	2851.945946
130.6455696	2853.632911
404.2	2854
1201.369231	2856.092308
630.5142857	2856.585714
548.4444444	2858.222222
853.8873239	2857.774648
885.775	2859.025
609.1333333	2861.516667
812.2619048	2861.357143
354.358209	2863.567164
772.6923077	2862.961538
150.8983051	2865.389831
785.1818182	2866.659091
247.6	2870.04
215.5614035	2870.912281
846.9655172	2871.362069
1198.307692	2873.730769
712.0740741	2875.407407
742.2	2877.5
1098.666667	2877.289855
287.031746	2879.174603
663	2879.264706
153.2205882	2882.897059
400.7826087	2883.608696
719.3793103	2883.793103
351.6666667	2887.416667
306.9347826	2888.5
743.4827586	2887.62069
688.8888889	2888.666667
652.6111111	2892.138889
1196.131148	2891.704918
745.5806452	2893.129032
465.1290323	2896.387097
273.6111111	2898.861111
227.7288136	2899.59322
439.6727273	2900.436364
809.125	2903
1150.036364	2904.527273
1193.170213	2905
779.3673469	2906.408163
1063.18	2906.56
1145.83871	2907
413.9512195	2906.707317
174.234375	2910.109375
714.1627907	2909.674419
949.6666667	2909.235294
1090.589286	2908.803571
969.2962963	2910.962963
817.5272727	2912.036364
1095.854545	2912.581818
489.1702128	2912.829787
626.7777778	2913.5
751.2962963	2915
871.7111111	2916.133333
416.0952381	2917.869048
846.5714286	2916.619048
405.8529412	2917.911765
280.4565217	2919.347826
679.3137255	2920.313725
781.6470588	2920.411765
1137.283951	2922.074074
1048.571429	2922.122449
896.5306122	2925.122449
366.5	2927.862069
1064.246575	2929.246575
1102.826923	2930.461538
739	2930.5
682.6415094	2930.641509
452.9661017	2933.491525
510.6666667	2932.133333
796.8965517	2933.827586
1186.95082	2934.114754
721.4324324	2936.432432
852.4117647	2935.588235
911.6333333	2938.366667
411.9574468	2938.829787
953.6969697	2940.242424
600.452381	2941.166667
220	2941.833333
796.4358974	2942.25641
1043.227273	2942.954545
461.106383	2943.638298
417.195122	2945.878049
852.7027027	2945.756757
865.2222222	2946.5
393.5882353	2946.882353
400.1290323	2948.129032
135.88	2947.16
100.0322581	2948.741935
138.2424242	2951.030303
481.5757576	2952.424242
417.8095238	2953.452381
392.28	2955.906667
1185.30137	2956
536.974359	2957.74359
728.1041667	2957.625
100.5238095	2959.333333
527.027027	2959.27027
398.8823529	2960.333333
756.6865672	2961.343284
1057.676471	2961.514706
287.369863	2962.150685
389.3243243	2963.945946
492.9189189	2964.459459
394.8947368	2966.719298
563.5	2965
584.09375	2964.9375
454	2967.5
837	2966.678571
193.3846154	2968.903846
110.6315789	2971.157895
837.7222222	2971.611111
390.1698113	2972.283019
656.1304348	2974.369565
143.8043478	2975.23913
424.7407407	2974.62963
434.1851852	2977.166667
884.8541667	2977.354167
388.7704918	2978.983607
399.25	2980.333333
1163.649123	2980.54386
780.6190476	2983.47619
1074.5	2983.340909
389.40625	2984.71875
673.4482759	2984.775862
237.1408451	2986.873239
395.6415094	2986.245283
568.75	2988.484375
851.6097561	2988.341463
1038.419355	2988.451613
195.2708333	2989.3125
174.872093	2991.860465
388.7692308	2991.038462
195.5806452	2994.516129
336.2	2993.4
611.35	2993.416667
1177.3	2994.083333
438.4285714	2994.857143
834.2727273	2996.393939
417.8923077	2996.861538
443.0869565	3000.217391
275.9259259	3000.259259
407.877551	3000.061224
584.3454545	3000.545455
388.5416667	3004.208333
1016.254545	3004.327273
840.7115385	3006.480769
736.1388889	3007.930556
695.9019608	3009.509804
1175.358491	3010.45283
448.6363636	3011.090909
717.1142857	3011.057143
443.9259259	3011.592593
706.1176471	3012.588235
286.0535714	3012.375
408.1515152	3012.575758
787.902439	3014.731707
212	3016.2
437.5	3018.777778
402.826087	3020.043478
416.0638298	3020.297872
548.0571429	3020.571429
1186.529412	3020.941176
708.902439	3021.512195
733.6923077	3022.461538
800.7	3023.4
257.2739726	3024.424658
368.3380282	3025.464789
1083.136364	3026.090909
177.8108108	3027.378378
172.5151515	3029.363636
825.4202899	3030.507246
176.56	3032.2
1072.44	3031.16
127.0263158	3031.289474
388.9423077	3031.730769
938.92	3034.02
1108.25	3033.964286
805.2777778	3034.972222
971.7311828	3035.182796
906.0909091	3034.545455
906.6333333	3039.9
865.1282051	3040.564103
232.2982456	3041.666667
161.5	3043.705882
384.1395349	3043.395349
168.3384615	3043.615385
806.0769231	3044.653846
1073.716981	3050.566038
1158.266667	3048.173333
1085.6	3047.709091
1078.697674	3049.813953
468.7647059	3051.058824
393.4761905	3051.857143
400.3611111	3054.388889
657.8269231	3053.846154
1179.137931	3053.689655
254.3584906	3055.301887
770.3333333	3056.125
1166.224138	3055.862069
998.5294118	3055.941176
1003.142857	3058.885714
792.125	3061.458333
1031.378788	3063.545455
150.2758621	3064.827586
390.4	3064.723077
812.2678571	3065.517857
1145.822222	3068.355556
1149.870968	3068
1163.84375	3069.140625
890.1607143	3071.142857
952.7368421	3071.859649
1088.26	3074.26
1174.133333	3073.933333
797.5862069	3075.724138
242.5217391	3077.26087
106.7727273	3079.909091
787.0638298	3084.531915
721.2142857	3085.714286
742.9285714	3085.809524
780.25	3086.25
862.9090909	3087.204545
1171.820513	3085.74359
1021.883721	3087.883721
361.21875	3089
450.53125	3091.25
214.5614035	3093.157895
1170.422222	3096.888889
270.9459459	3098.432432
615.8780488	3099.02439
134.5277778	3099.944444
321.1136364	3100.363636
723.1891892	3099.810811
347.5	3101.285714
454.1086957	3100.630435
602.1914894	3100.617021
778.4459459	3102.635135
605.1935484	3103.580645
890.4722222	3102.444444
974.8095238	3104.952381
771.7307692	3106.346154
1017.324324	3106.216216
944.88	3110.12
371.2692308	3111.961538
731.9836066	3113.360656
374.15625	3117.46875
704.6949153	3118.118644
800.5641026	3117.076923
896.25	3117.057692
1162.111111	3117.481481
363.7608696	3119.413043
435.3529412	3119
735.4054054	3119.540541
752.1363636	3117.348485
1171.5	3119.045455
699.8846154	3121.846154
689.3888889	3123.203704
1051.22973	3124.391892
694.3714286	3124.457143
332.5806452	3125.741935
393.4545455	3127.636364
1101.707317	3128.182927
953.5	3131.166667
899.5185185	3131.62963
942.1428571	3132.190476
1138.144578	3133.819277
765.9318182	3134.352273
1144.421053	3135.578947
687.9130435	3136.434783
1022.142857	3137.493506
1158.391304	3140.26087
576.3333333	3140.666667
734.1363636	3140.772727
419.5777778	3141.955556
451.6333333	3143.766667
457.9361702	3144.297872
839.7631579	3144.657895
978.9166667	3144.979167
769.1578947	3145.842105
812.2	3145.175
574.4354839	3146.967742
690.1538462	3146.461538
701.5384615	3148.423077
299.75	3149.4
338.25	3148.714286
484.2241379	3149.034483
760.038961	3149.454545
950.5384615	3149.269231
358	3150
1005.05	3150.45
694.175	3151.875
777.1372549	3152.235294
869.9107143	3153.357143
1008.633333	3154.866667
603.8867925	3157.377358
895.44	3159.08
171.4339623	3160.037736
187.5	3159.714286
860.125	3159.875
459.1388889	3161.388889
823.5454545	3163.181818
408.4210526	3163.929825
866.2619048	3164.428571
855.9736842	3165.394737
581.4166667	3167.916667
649.7906977	3167.55814
740.9210526	3167.947368
644.9714286	3168.657143
492.5882353	3171.117647
408.9298246	3174.578947
304.1129032	3176.403226
747.1818182	3175.818182
808.6341463	3179.926829
881.7045455	3180.159091
792.0344828	3180.534483
918.8	3181.5
1111.8	3181.44
203.5357143	3184.392857
670.475	3183.1
1032.605634	3184.676056
779.875	3186.5625
784.9230769	3187.564103
794.7647059	3186.852941
665.45	3187.875
274.5	3189.052632
270.2962963	3190.777778
148.7555556	3192.377778
1152.875	3192.875
125.1034483	3194.172414
641.7017544	3194.789474
760	3194.6
529.3571429	3195.666667
582.125	3194.5625
696.1086957	3196.630435
807.5238095	3195.888889
1012.8	3197.981818
1147.75	3196.1875
165.9767442	3198.023256
404.22	3197.24
581.4482759	3198.827586
316.6470588	3199.313725
779.5777778	3199.533333
920.1521739	3199.543478
280	3200.673913
328.140625	3200.34375
914.9666667	3201.566667
1065.733333	3202.72
328.7272727	3206.090909
333	3204.481481
802.4137931	3204.275862
247.6290323	3205.870968
323.6833333	3206.15
786.173913	3208
534.7105263	3209.144737
907.7931034	3208.931034
913.3888889	3209.166667
809.9230769	3211.435897
792.5925926	3213.814815
220.025974	3217.441558
810.5483871	3217.290323
1012.5	3217.772727
165.7727273	3219.977273
540.5	3221.233333
958.2068966	3220.086207
787.375	3223.9
1082.342105	3223.973684
134.56	3225.12
586	3227.5
1041.651163	3227.813953
883.6285714	3230.228571
899.2758621	3229.413793
136.4642857	3232.035714
851.5	3234
191.6	3236.714286
250.0243902	3237.512195
627.3333333	3240.875
916.275	3243.925
393.8648649	3246.702703
144.1176471	3248.176471
244.7702703	3248.094595
1073.494737	3247.789474
335.4727273	3249.781818
784.4594595	3250.081081
697.0869565	3254.608696
470.4	3257.657143
807.1458333	3258.25
980.122807	3258.649123
1129.56	3259.88
707.5	3260.8
664.9722222	3263.972222
495.1315789	3265.631579
1051.47619	3268.452381
229.025	3270.125
1047.638889	3271.361111
1105.386364	3269.625
755.255814	3272.813953
1134.759259	3272.592593
866.0192308	3279.076923
350.7169811	3280.075472
300.078125	3280.546875
855.9387755	3280.918367
509	3283.5
539.3090909	3284.345455
561.0227273	3284.522727
872.4358974	3287.076923
587.25	3294.316667
704.3728814	3295.508475
1114.129032	3295.645161
843.5	3295.888889
886	3295.37037
523.1704545	3299.556818
877.2264151	3298.396226
1003.755556	3301.4
482.875	3302.666667
1052.948718	3304.102564
528.4074074	3303.888889
1135.848485	3307.742424
284.2567568	3312.540541
1122.108696	3314.630435
1127.361111	3314.333333
789.7258065	3315.741935
566.1458333	3318.791667
995.7704918	3319.295082
740.2173913	3320.304348
794.6666667	3321.254902
848.3333333	3321.125
194.1904762	3321.952381
787.3225806	3322.096774
840	3322.678571
867	3324
321.96875	3326.375
788.0588235	3326.352941
937.7727273	3324.909091
325.6666667	3327.055556
585.7285714	3331.171429
1014.102564	3335.128205
261.7887324	3337.408451
726.0333333	3337.533333
236.25	3338.666667
703.2083333	3339.25
968.44	3338.94
1013.909091	3340.393939
370.6818182	3340.363636
1042.815789	3340.092105
499.3902439	3344.414634
733.0666667	3346.133333
1132.275862	3346.551724
543.9	3347.38
740.4242424	3346.69697
765.8656716	3348.164179
271.984375	3349.8125
756.5294118	3349.352941
985.7692308	3349.557692
834.1617647	3354.014706
1076.59322	3354.050847
682.8	3357.266667
233.7746479	3359.197183
1099.28125	3359.65625
849.5	3361
429.9565217	3365.065217
776.2826087	3364.217391
987.2580645	3364.580645
698.5098039	3365.705882
477.7111111	3366.866667
777.2666667	3369.033333
770.2777778	3367.972222
636.2608696	3369
759.2321429	3371.392857
689.0625	3374.6875
1130.722222	3374.740741
851.4615385	3378.897436
883.4222222	3378.977778
496.6666667	3379.705882
568.6315789	3379.894737
673.2962963	3380.5
1035.245902	3381.327869
849.55	3383.675
389.5	3384.453125
699.5	3384.214286
455.6666667	3384.75
593.3571429	3387.821429
377.0181818	3390.709091
493.5483871	3391.419355
595.8095238	3393.190476
630.6666667	3392.561404
780.0909091	3393.25
343.8135593	3393.898305
242.6734694	3396.040816
717.5641026	3395.846154
752.1621622	3399.702703
489.2222222	3404.305556
549.8222222	3406.288889
710.375	3405.979167
276.6190476	3406.571429
557.5652174	3406.391304
253.6875	3407.734375
298.9428571	3408.342857
690.9411765	3409.921569
866.0714286	3412.285714
730.6944444	3415.444444
403	3418.703704
668.5294118	3419.764706
1108.283951	3422.209877
541.5	3427.5
634.3958333	3426.895833
250.3773585	3429.981132
1054.168675	3428.349398
1083.851852	3430.518519
202.8421053	3432.947368
706.4571429	3432.914286
1037.472727	3433.2
777.4333333	3439.2
903.4363636	3440.672727
263	3442.5
375.5	3443.5
317.962963	3443.777778
591.7173913	3444.826087
562.5	3445.8
910.8253968	3448.460317
202.0882353	3455.102941
598.5925926	3453.925926
740.2641509	3460.811321
1103.466667	3459.946667
291.5555556	3461.722222
402.85	3463.6
449.7179487	3463.051282
1119.375	3463.1875
308.5833333	3465.016667
873.5641026	3465.076923
744.1578947	3466.947368
857	3466.860465
558.0238095	3471.119048
818.5882353	3470.117647
679.8103448	3471.258621
291.8974359	3471.641026
623.9347826	3472.934783
1123.815385	3473.230769
541	3475.5
916.9433962	3475.867925
825.2307692	3477.846154
560.2545455	3486.709091
585.0434783	3487.956522
694.5384615	3487.153846
643.0612245	3489.897959
601.5	3491.352941
890.0980392	3492.313725
458.8085106	3495.787234
692.9285714	3495.267857
915.5	3496.714286
431.625	3500.083333
1021.802632	3502.039474
937.9230769	3502.179487
426.4333333	3503.566667
621.4117647	3507.470588
740.7	3507.5
280.9361702	3513.553191
990.2	3512.5
601.9506173	3517.654321
825.4528302	3517.226415
970.7391304	3518.608696
742.5	3520.5
623.53125	3522.25
695.28	3523.746667
767.2619048	3522.904762
802.5084746	3523.305085
557.6981132	3526.132075
664.3333333	3525.736842
742.1818182	3526.818182
621.7272727	3528.136364
695.5952381	3531.238095
703.5555556	3532.288889
924.0392157	3531.941176
691.1212121	3536.939394
306.38	3538.62
404.1176471	3537.588235
468.0238095	3538.333333
636	3539.314286
762	3541.5
1056.714286	3542.031746
276.0208333	3544.1875
881.6857143	3544.4
335.9210526	3544.868421
694.6557377	3545.344262
686.1538462	3546.25641
795.9285714	3548.190476
543.8	3550.4
691.9090909	3551.5
684.0731707	3553.146341
655.0465116	3556.209302
699.575	3555.5
499.6842105	3557.982456
738.4444444	3557.222222
1063.575758	3557.575758
986.6666667	3558.859649
699.6923077	3560
753.2093023	3559.837209
801.0666667	3561.933333
719.2162162	3562.702703
481.90625	3562.53125
736.8571429	3563.857143
690.7727273	3568.090909
944.9491525	3568.237288
697.15625	3570.40625
1038.555556	3572.930556
702.3636364	3574.659091
968.1166667	3574.283333
1091.5	3574.78125
585.74	3574.84
906.28	3574.16
673.4	3576.333333
475.0740741	3578.407407
1016.030303	3578.590909
1011.142857	3580.97619
540.8387097	3580.612903
611.5	3582.8
796.6911765	3584.617647
1097.580645	3586.032258
408.5675676	3586.567568
708.8387097	3587.741935
356.6842105	3589
875.5	3588.294118
695.1111111	3589.481481
934.9333333	3590.066667
422.8831169	3592.350649
308.877193	3594.912281
540.8269231	3597.153846
482.537037	3599.740741
580	3600.216216
250.1296296	3601.611111
921.852459	3608.344262
703.2619048	3609.190476
718.8297872	3610.659574
465.9230769	3612.269231
292.6981132	3617.09434
881.1875	3618.9375
996.4464286	3619.392857
804	3620
527.8448276	3620.534483
633.6129032	3620.209677
268.34	3623.12
779.8412698	3623.460317
939.025	3624.45
329.7804878	3625.02439
1061.295455	3628.045455
232.0333333	3628.9
359.7058824	3628.5
457.255814	3630.790698
844.4411765	3631.235294
717.4642857	3633.410714
764	3633.181818
847.8076923	3633.884615
1084.490566	3632.830189
602.4193548	3634.064516
654.0512821	3642.641026
593.625	3643.5
370.5178571	3645.785714
891.8333333	3645.5
564.4418605	3649.069767
687.55	3652.9
706.8709677	3654.177419
506.9333333	3655.066667
976.6229508	3657.180328
411.5	3658.2
759.5833333	3667.875
570.137931	3670.327586
870.2321429	3670.678571
244.5862069	3673.275862
936.4042553	3673.531915
325.9565217	3673.630435
514	3674.652174
595.5	3677.666667
442.1860465	3682.325581
843.5	3682.5
926.0652174	3682.043478
980.4042553	3682.340426
1079.183333	3683.116667
823.9824561	3685.368421
879.7317073	3688.292683
963.3	3688.1
350.3529412	3691.5
828.3571429	3691.785714
519.4418605	3692.046512
670	3693.081081
963.1860465	3692.395349
537.5853659	3693.463415
779.0634921	3693.333333
1000.744186	3696.604651
1054.472973	3697.189189
239.2469136	3696.987654
309.3846154	3699.5
640.96	3698.6
937.3061224	3700.040816
795.9056604	3700.566038
523.8888889	3704.222222
795.9375	3706.90625
409.9027778	3704.777778
845.5	3712
923.6842105	3714.052632
499.5	3717.5
425.7777778	3723.185185
942.1458333	3723.583333
723.1929825	3728.22807
728.1621622	3728.378378
952.3768116	3731.246377
788.9183673	3732.469388
965.9677419	3732.83871
775.0540541	3734.405405
983.9195402	3734.137931
907.8644068	3735.983051
541.5555556	3740.422222
790.7906977	3741.046512
897.7205882	3741.514706
421.8333333	3742.854167
766	3747.827586
781.7121212	3749.621212
704.4137931	3751.862069
1000.361446	3751.650602
549.1904762	3753.071429
805.7142857	3752.514286
522.2105263	3754.368421
611.2424242	3755.909091
542.0882353	3756.676471
846.359375	3758.109375
461.5744681	3760.808511
528.7058824	3760.852941
996.8888889	3760.814815
801.0731707	3761.378049
914.5492958	3763.267606
588.2222222	3761.666667
590.32	3765.28
551.2	3766.457143
1052.953846	3766.2
988.5	3768.354167
1060.5	3769.25
759.0754717	3774.622642
1060.571429	3774.571429
531.8717949	3774.871795
887.490566	3774.584906
631.3448276	3775.344828
747.9032258	3776.758065
1043.5	3779.5
610.34	3781.48
980.9833333	3781.466667
531.5932203	3783.661017
621.952381	3784.920635
436	3787.5
733.625	3790.34375
942.8181818	3792.030303
539.8928571	3793.321429
663.5	3793.333333
731.0666667	3794.266667
965.1	3796.971429
538.25	3803.5
912.921875	3802.421875
352.2580645	3804.741935
477.7903226	3808.370968
822.6	3809.314286
532.3846154	3812.230769
615.8409091	3813.477273
657.4074074	3813.074074
938.7368421	3815.407895
503.0392157	3819.431373
957.0483871	3819.887097
547.0789474	3822.026316
977.3703704	3824.691358
278	3826
731	3827
754.8387097	3826.790323
554	3827.5
762.72	3828.8
1042.051724	3829.344828
549.5238095	3830.365079
303.3928571	3832.392857
721.2258065	3833.096774
526.8181818	3835.030303
649.6071429	3835.178571
550.6785714	3839
765.5180723	3838.927711
605.3214286	3842
634.2424242	3842.424242
893.3666667	3847.366667
961.8674699	3847.650602
618.4615385	3849.692308
651.4375	3849.625
1042.113636	3850.545455
388.5	3851.5
628.5	3852.352941
526.4137931	3853.724138
613.5925926	3854.074074
647.5	3854.12
713.7317073	3856.097561
1034.552941	3857.611765
994.5853659	3862.829268
883.6875	3867.0625
954.0298507	3876.089552
303.4909091	3879.272727
524.0784314	3887.372549
699.3870968	3887.677419
732.5277778	3888.25
745.2173913	3889.913043
1037.05	3889.5
763.8611111	3891.611111
999.6481481	3891.407407
1005.357143	3892.595238
723.1935484	3892.967742
292.46	3894.46
511.0606061	3896.212121
1032.811321	3895.981132
739.8225806	3898.096774
709.3809524	3900.904762
835.6	3903.98
817.6037736	3904.773585
640.1282051	3906.192308
976.7936508	3906.111111
869.880597	3907.522388
972.8823529	3909.235294
1001.733333	3909.8
376.45	3912.633333
521.1162791	3915.116279
577.6071429	3916.321429
531.5	3918
719.0909091	3917.954545
848.0526316	3920.078947
327.9677419	3922.612903
606.6666667	3930.098039
700.3454545	3931.418182
1032.8	3931.5
687.9830508	3935.20339
834.3802817	3935.323944
595.75	3937.4375
712.3953488	3936.627907
565.8	3940.753846
662.2459016	3944.016393
319.4375	3945.28125
695.96	3945.08
483.744186	3946.186047
506.2173913	3945.913043
1028.411765	3949.27451
668.1842105	3950.315789
756.0666667	3949.933333
926.4047619	3953.333333
425.2985075	3953.462687
541.4347826	3956.391304
894.9701493	3955.492537
1031	3957.961538
959.3835616	3956.945205
730.7777778	3959.055556
668.5757576	3963.424242
660.5	3966
621.2352941	3970.058824
794.9574468	3971.425532
1025.181818	3971.727273
1031.391892	3973.432432
684.8055556	3972.944444
1026.62069	3977.37931
622.9759036	3978.903614
981.3913043	3977.73913
588.5789474	3979.894737
552.8958333	3981.354167
561.8064516	3982.83871
648.4	3984.24
663.8125	3984.1875
499.94	3989.32
817.1818182	3988.818182
424.4285714	3991.964286
427.8	3993.88
733.4285714	3992.607143
674.6734694	3995.816327
975.6428571	4000.471429
682.5769231	4002.615385
364.5	4004.08
777.5	4005.5
538.6666667	4007.5
749.5	4009
394.8222222	4009.666667
429.5625	4010.958333
925.2195122	4012.097561
583.325	4012.975
670.3076923	4012.961538
449.8837209	4016.069767
612.5483871	4015.580645
646.0333333	4016.1
713.45	4016.15
301.4705882	4016.911765
574.3076923	4017.038462
380.5789474	4025.526316
843.1904762	4029.571429
641	4032.5
699.5	4031.833333
690.9090909	4034.181818
895.375	4034.21875
989.4857143	4034.4
672.5652174	4034.782609
754.9130435	4044.275362
743.2941176	4043.5
293.3870968	4047.483871
729.4222222	4049.488889
834.1372549	4052.098039
668.1034483	4054.172414
800.6896552	4054.793103
714.45	4058.75
675.925	4064.025
731.4166667	4068.166667
774.2285714	4067.571429
719.6571429	4068.828571
967.0176991	4070.672566
504.82	4069.28
455.2307692	4071.230769
761.0263158	4070.263158
769.5	4071.272727
726.4727273	4072.509091
530.8387097	4074.193548
706.1904762	4074.857143
978.4179104	4076.343284
719.7	4077.633333
1002.52381	4078.142857
659.9137931	4081.827586
524.1142857	4085.057143
679.1333333	4086.555556
534.5	4086.5
303.3666667	4090.45
735.7878788	4091.090909
281.7659574	4091.595745
796.625	4091.78125
341.8461538	4093.173077
648.6229508	4094.278689
784.4202899	4099.231884
833.4375	4100.104167
560.5294118	4100.941176
666.9411765	4100.029412
755.5	4101.5
334.4102564	4104.461538
538.2	4105.76
996.047619	4106.833333
997.516129	4111.516129
630.5	4114.333333
565.24	4116.46
651.5102041	4117.857143
663.9180328	4120.655738
970.4814815	4122.111111
375.65625	4124.40625
315.9166667	4125.616667
703.5	4126.791667
949.2025316	4127.291139
779.4324324	4127.702703
588.2592593	4129.851852
649.6666667	4137.97619
327.44	4141.96
785.8108108	4140.540541
798.0983607	4142.180328
884.1071429	4142.5
555.675	4143.975
712.5641026	4144.25641
980.1607143	4144.910714
784.1272727	4146.054545
585.7941176	4146.294118
635.4590164	4149.147541
833.92	4149.2
601.1304348	4150.173913
538.1836735	4153.183673
755.9240506	4153.35443
370.3703704	4155.481481
289.8730159	4156.857143
707.7894737	4156
615.1525424	4160.457627
889.25	4166.058824
878.7301587	4167.206349
883.1086957	4171.304348
862.3392857	4171.642857
982.28125	4171.625
584.9146341	4174.512195
858.6363636	4176.909091
810.0444444	4178.422222
598.1320755	4179.962264
939.65625	4180.953125
460.1	4182.05
612.0222222	4183.688889
754.1282051	4184.871795
983.0555556	4184.685185
730	4189.3
366.6944444	4191.305556
687.09375	4194.9375
564.7631579	4196.578947
771.15625	4196.75
974.76	4200.68
645.0754717	4204.358491
732.9666667	4205.9
738.8846154	4207
231.8695652	4208.188406
791.7962963	4211.5
463	4212.333333
956.7446809	4212.510638
711.862069	4216.413793
386.1320755	4216.90566
727.1914894	4217.148936
628.7647059	4218.470588
231.7272727	4219.5
977.6071429	4219.75
754.1578947	4224.070175
731.8867925	4225.603774
526.8461538	4227.5
941.4313725	4227.039216
591.9210526	4228.447368
489.9555556	4228.666667
827.6621622	4228.837838
973.8181818	4229.545455
971.3125	4235.625
287.6428571	4234.857143
615.6415094	4236.45283
707	4237.5
314.6388889	4239
879.3421053	4238.710526
876.1081081	4242.675676
663.625	4247.732143
967.7941176	4247.058824
611.5	4249.8
720.8965517	4254.827586
589.6734694	4257.571429
962.4814815	4258
703.7777778	4259.444444
251.9285714	4261.738095
314.7954545	4267.522727
625	4267.756098
953.5254237	4267.288136
528.7209302	4269.348837
960.4347826	4270.652174
958.5555556	4275.111111
510.1129032	4278.177419
930.2	4277.836364
624.4565217	4279.217391
768.0877193	4279.333333
791.5952381	4279.047619
956.8611111	4280.861111
740.1607143	4280.303571
618.5428571	4282.085714
301.45	4286.95
954.4	4286.75
628.6296296	4289.851852
632.0434783	4292.652174
951.2222222	4293.555556
599.2903226	4297.290323
869.4576271	4296.135593
950.5	4298.653846
697.2307692	4301.846154
949.9375	4303.90625
938.3043478	4303.782609
609.1818182	4305
737.7894737	4305.631579
514.6060606	4306.151515
630.637931	4308.172414
772.5555556	4311.833333
531.68	4318.9
858.4561404	4322.350877
943.7380952	4323.166667
878.48	4328.32
296.7619048	4333.214286
727.1875	4332.5
760.4875	4336.1875
424.8571429	4335.071429
739.3888889	4335.861111
273.04	4340.94
933.9428571	4340.685714
556.3783784	4341.324324
895.3428571	4342.228571
863.7076923	4344.738462
937.5	4345
579.6571429	4345.971429
590.5789474	4346.5
924.7213115	4354.163934
410.6582278	4354.253165
572	4356
530.04	4356.4
346.3174603	4360.825397
583.6060606	4359.848485
472.2439024	4365
911.8571429	4369.071429
742.3484848	4369.833333
907.4193548	4369.548387
524.9375	4371.5625
678.5	4374.2
269.9661017	4374.813559
926.0909091	4377.909091
919.5471698	4379.641509
592.5	4383.26087
367.9215686	4384.980392
771.8461538	4387.307692
262.44	4394.06
490.3333333	4396.5
829.2	4398.109091
708.3478261	4403.021739
551.6428571	4405.985714
679.5	4411.5
530.8	4416.166667
659.6216216	4416.432432
596.5	4423
623	4423.5
712.72	4429.92
281.9701493	4430.940299
592.0434783	4432.913043
683.9411765	4435.45098
538.6296296	4441
872.4864865	4444.405405
893.0895522	4444.089552
487.8717949	4447.128205
372.8909091	4448.636364
669.5967742	4452.419355
352.95	4453.1
451.974359	4452.74359
405.4285714	4457.642857
498.4324324	4466.243243
689.4090909	4465.818182
437.1612903	4467.806452
892.0454545	4473.931818
667.8333333	4475.952381
722.3333333	4477.5
842.4590164	4486.327869
333.5135135	4486.918919
338.0517241	4485.948276
689.5849057	4488.679245
677.36	4490.54
443.7837838	4491.675676
390.06	4493.06
653.0714286	4494.809524
770.1333333	4501.566667
881.1818182	4508.030303
351.3913043	4510.347826
406.5294118	4514.647059
586.5	4520.5
675.375	4522.479167
614.0625	4523.90625
874.05	4526.575
649.3191489	4539.659574
419.4489796	4540.938776
470.0625	4542.875
243.3030303	4545.424242
871.625	4544.625
586.6206897	4546.413793
865.1132075	4551.245283
570.962963	4551.888889
835.9230769	4555.615385
830.8571429	4557.5
833.8666667	4561.133333
480.8536585	4561.731707
238.2222222	4563.5
604.0810811	4569.540541
857.7258065	4571.290323
343.7627119	4573.542373
629.25	4578.791667
647.4772727	4582.022727
768.2	4583.533333
483.7460317	4586.031746
634.9642857	4592.821429
397.4074074	4599.074074
589.9411765	4598.470588
580	4600
601.6065574	4600.04918
596.173913	4603.913043
285.1818182	4606.181818
608.0930233	4607.534884
687.3684211	4607.5
794.2	4608
547.3417722	4609.810127
381.7833333	4611.316667
484.8163265	4611.061224
820.3472222	4613.291667
334.6060606	4618.484848
560.1232877	4617.712329
548.1282051	4622.128205
713.4736842	4622.368421
671.9545455	4622.931818
776.7241379	4624.793103
522.3783784	4625.648649
530.5675676	4625.783784
579.7945205	4625.109589
650.34375	4627.5
647.4390244	4632.121951
559.5636364	4634.181818
344.6923077	4638.115385
832.8266667	4636.48
531.75	4640.35
834.0989011	4645.076923
826.875	4650.791667
831.4285714	4652.321429
186.3	4655.54
826.9583333	4657.1875
180.7333333	4658.333333
700.119403	4660.955224
822.0952381	4666.238095
518	4666.75
426.5862069	4669.275862
790.7377049	4670
536.7317073	4674.902439
507.1025641	4678.717949
207.8148148	4680.592593
820.0416667	4682.125
643.721519	4685.911392
497	4686.5
652.4	4692.96
475.7666667	4696.266667
768.21875	4696.625
791.5903614	4696.53012
373	4699.210526
764.1315789	4699.894737
305.5714286	4712.571429
723.8888889	4720.055556
597.3902439	4721.04878
584.5	4724
573.56	4728.06
566.7945205	4734.136986
181.7142857	4735.5
404.2790698	4741.348837
647.1568627	4749.392157
578.3571429	4761.142857
686.4242424	4773.333333
379.0625	4773.9375
177.6923077	4780.102564
754	4804.153846
761.0188679	4810.962264
589.5121951	4813.268293
724.7272727	4826.5
497.5	4844
586.8965517	4880.172414
307.7674419	4880.837209
229.173913	4886.565217
712.9444444	4908.12963
679.3611111	4914.388889
476.9058824	4919.129412
705.5211268	4921.957746
461.8571429	4925.053571
555.8125	4924.8125
711	4924.5
312.5	4927.5
558.9142857	4930.485714
456.5	4939.5
677.9333333	4939.9
570.1764706	4942.235294
537.7333333	4947.8
344.3125	4955.671875
671.2857143	4956.47619
689	4955.894737
577.8421053	4962.684211
438.7692308	4966.153846
482.5714286	4973
680.8076923	4972.942308
678.1388889	4990.611111
302.5869565	4996.217391
438.8958333	5008.520833
513	5010.5
342.2241379	5010.448276
656.7428571	5020
472.1272727	5025.981818
638.2272727	5030.5
312.2419355	5038.532258
571.5	5052.323529
198.3333333	5054.520833
530.65	5053.225
528.8387097	5057.290323
558.5	5059.5
580.6666667	5059.916667
450.2686567	5067.567164
498.8448276	5068.155172
248.8095238	5069.142857
485.8103448	5078.103448
568.5	5078.4
394.6938776	5080.122449
519.4186047	5080.790698
610.3214286	5081.178571
558.6930693	5082.415842
357.4347826	5083.608696
353.4545455	5084.545455
568.0645161	5085.580645
541.2816901	5088.028169
209.84375	5101.21875
442.4390244	5107.731707
249.7368421	5112.368421
227.2463768	5120.695652
290.4666667	5123.866667
381.6862745	5127.843137
563.9411765	5131.980392
356.3692308	5133.661538
556.5806452	5133.548387
524.1269841	5144.301587
490.5869565	5150.217391
389.2	5151.4
385.8867925	5154.867925
464.739726	5155.109589
348.1097561	5155.682927
421.1666667	5163.125
288.8333333	5169.472222
525.325	5175.55
311.6851852	5178.722222
503.4615385	5188.653846
339.9545455	5202.181818
210.7592593	5231.037037
363.4117647	5238.176471
367.8809524	5238.928571
187.5	5243
196.1153846	5272
264.1111111	5276.444444
374.6491228	5289.122807
380.4857143	5289.314286
395.2222222	5291.5
262	5298.5
205.04	5302.08
254.6666667	5300.095238
208.8333333	5304.083333
252.3333333	5303.910256
155.7903226	5305.16129
276.875	5307.125
310.828125	5308.625
268.0909091	5308.090909
213	5310
309.9230769	5318.076923
354.3043478	5318.391304
214.6875	5318.729167
280.8888889	5319.666667
342.8148148	5323.407407
184.3207547	5325.584906
174.1875	5328.1875
290.1176471	5333.147059
226.2631579	5335.210526
249.5833333	5339.266667
228	5342.5
299.7272727	5343.5
173.5063291	5347.683544
164.4054054	5360.135135
