X	Y
0	0
0	6000
6000	0
6000	6000
423	203
460.195122	220.1463415
420.8823529	229.4117647
437.4482759	228.1034483
429.0857143	233
439.9878049	234.7439024
461.0285714	234.4857143
444.4210526	234.8421053
424.1034483	235.8965517
510.0864198	235.7160494
515.8	237.0222222
465.2777778	237.8333333
483	237.375
432.6538462	238.3717949
513.0571429	242.4
503.2424242	243.0909091
423.7884615	242.8653846
455.8888889	243.1111111
452	246.5333333
437.5540541	245.6486486
429.1111111	247.1587302
472	248.5
522.24	249.168
434.8611111	252.0833333
442.5227273	250.7272727
498.5714286	252.7714286
421.85	254.075
502.5555556	255.3333333
407.5625	257.375
428.393617	257.3510638
420.1612903	261.0806452
498.3695652	260.9565217
413.5714286	266.5
511.7826087	267.0869565
529.5	267.5
462.8913043	267.4565217
503	267.5185185
468.1333333	270.5666667
558.1754386	283.2631579
445.4705882	285.6470588
564.9375	288.3125
441.1785714	291.3928571
458.1688312	314.5974026
417.9230769	319.3076923
569.6315789	318.4736842
596.6666667	321.4444444
502.2	324.5
448.1470588	325.0588235
581.2307692	325.8461538
460.5192308	325.9230769
452.6388889	329.3611111
562.3809524	330.4285714
572.2631579	331.6315789
459.8285714	332.6285714
455.3125	334.5
445.3230769	342.9846154
563.8823529	351.4117647
466.3846154	354.8076923
550.1034483	354.8965517
555.2391304	358.0869565
566.2941176	360.5294118
545.7787611	360.7256637
441	362.2413793
497	371.5
575.0322581	371.1290323
445.6842105	372.6491228
464.3333333	373.5555556
548.24	384.68
501.0147059	398.1029412
523.5	400.8
542.1333333	400.4666667
516.173913	411
518.5	415.2857143
611	443.5
696.7931034	479.5862069
637.9615385	485.9230769
682.5	490.65
710.8	490.56
642.959596	490.8888889
660.125	502.84375
685	502.6
698.4032258	503.4193548
703.9722222	504.1666667
685.9	508.05
677.4545455	509.5454545
756.3265306	520.3673469
747.7714286	522.3714286
757.2619048	525.9761905
707.5	526
762.9787234	528.106383
732.2857143	528.75
715.7333333	529.7666667
723.4166667	530.3333333
685.6956522	534.2608696
765.0769231	534.3076923
710.0833333	534.8333333
747.7045455	539.3295455
817.5238095	538.9047619
822.2173913	540.5652174
812.1666667	542.8484848
715.2105263	546.2105263
822.2321429	547
748.940678	549.3135593
702.5833333	554.4166667
746.9310345	556.362069
776.2	556.36
694.1931818	560.0909091
727.2121212	557.7575758
739.0697674	556.4651163
852.2	558.05
747.1914894	562.212766
739.9814815	562.9444444
831.8888889	562.8888889
818.8141026	561.6346154
772.9883721	562.5
712.8979592	566.6122449
719.0769231	567.6923077
698.3333333	570.0980392
875.5180723	572.8915663
770.1666667	573.2222222
867.295082	573.5737705
714.6746988	575.5180723
728.5319149	576.4042553
760.3606557	580.8688525
707.1860465	582.6976744
811.2857143	582.2142857
916.9090909	582.9454545
755.8333333	585.0208333
867.25	583.84375
773.720339	588.0338983
782.875	587.25
872.21875	587.484375
908.125	588.125
763.2025316	589.8734177
786.2068966	590.0344828
791.4	590.4
776.8	592.5
720	595.5
809.96	595.56
855.7969925	596.0451128
823.4615385	597.8461538
717.6842105	607.4210526
819.1904762	610.3928571
890.4827586	610.9655172
790.2	612.2571429
795.4597701	614.9310345
964	616.5
848.2666667	621.1666667
953.04	622.62
792.0683761	625.2649573
838.35	625.6
962.5833333	624.1666667
947.125	627.25
874.6153846	628.3846154
960.475	630.5
965.8095238	629.952381
972.2857143	629.75
936.4528302	632.3396226
842.5806452	634.9354839
930.4210526	635.7894737
795.875	636.90625
823.0932642	637.4611399
935.9677419	637.9677419
961.9565217	640.3913043
941.1923077	640.25
786.3333333	640.4666667
946.8604651	645.372093
952.75	644.8076923
957.6506024	648.1204819
803.0769231	648.6153846
967.5882353	650.4705882
858.6071429	649.2857143
786.0222222	650.9777778
824.7931034	649.7413793
879.3783784	652.3243243
975	651.5
816.5813953	653.255814
980.7272727	652.7272727
783.7368421	655.3157895
794.2068966	655.637931
936.5925926	655.1851852
787.0408163	658.9591837
979.969697	657.2424242
987.5283019	658.6698113
805.8636364	661.6363636
789.6	663.7
940.7380952	663.1428571
944.1348315	667.2247191
975.2692308	666.6538462
812.8108108	671.1351351
799.1142857	674.1142857
895.4848485	674.6060606
870.0338983	675.9830508
1002.816327	678.1020408
821.0707071	678.4242424
994.12	680.3
944.8085106	683.7021277
852.9375	684.71875
987.02	685.02
996.3958333	686.2291667
960	686.8695652
1003.5	687.1111111
887.6428571	688.4285714
953.6875	688.1875
957.1666667	692.1388889
990.1612903	691.0967742
851.6756757	693.0810811
859.725	692.3
997.25	692.3125
947.9607843	693.6078431
992.5932203	697.3898305
840.5	699.5
848.1304348	698.6521739
864.8414634	704.304878
899.1206897	703.3275862
995.5714286	703.2857143
902.8	706.6
1004.612903	707.483871
995.2413793	708.7931034
927.5	710
1008.525	710.475
859.125	711.125
867.7045455	715.2045455
882	715.5
903.5	714.7222222
993.65625	714.78125
1004	717.9166667
892.8666667	719.4666667
955.147541	719.7540984
896.5714286	722.2142857
1006.071429	721.8571429
1017.569444	722.875
705.7692308	724.1538462
741.7	726
995	725.0581395
896.7826087	726.9130435
995.2727273	732.1363636
872.9285714	733.9285714
894.8461538	733.4615385
921.625	733.75
907.8285714	740.2
916.7111111	745.4888889
944.64	745.12
926.1111111	748.1111111
908.9	749.7666667
922.25	750.75
847.4516129	752.7096774
919	755.56
850.75	758
898.559322	757.5932203
858.1666667	766.0833333
859.5	771
875.7407407	774.1851852
868.9552239	776.5671642
867.5121951	785.1463415
871.9795918	790.4489796
869.59375	796.125
885.3684211	794.7368421
881.5217391	796.7826087
726.8709677	799.4193548
856.3913043	799.0434783
832.0810811	801.4594595
888.6153846	801.3846154
850.5833333	805.2083333
948.6363636	807.9090909
840.4	810.25
923.5	811
894.8809524	813.0238095
842.4615385	813.7692308
840	816
866.2615385	816.8
876.7142857	816.6190476
883.4166667	817.3166667
876.5666667	820.9
881.902439	823.6341463
727	822.8461538
845.8387097	823.6774194
872.9137931	824.4482759
855.1666667	824.9861111
726.9512195	828.4390244
741.6666667	828.25
859.6533333	828.1866667
847.8727273	831.6545455
865.525	831.8
880.2068966	831.0344828
861.1774194	837.6290323
730.4657534	835.1232877
888.8461538	834.8461538
894.3888889	835.2777778
854.0666667	837.6
867.8857143	838.2857143
889.175	840.225
893.6666667	841.4444444
874.25	841.75
855.4901961	846.3529412
850.3666667	844.6
881.3014706	845.7132353
872.7096774	849.3225806
887.1641791	850.2835821
866.9565217	848.5652174
904.1578947	851.1578947
901.4545455	853.8181818
851.0909091	857.0909091
870.1694915	857.6101695
875.7209302	856.2093023
864.6153846	859.0384615
899.0666667	859.5
858.6153846	862.3846154
878.0606061	862.7878788
739.5	864.7777778
862.6146789	870.5229358
901.4	879.04
847.8809524	879.9761905
857.4545455	881.2597403
868.2436975	879.487395
882.9655172	893.2068966
835.1555556	895.1555556
877.9375	896.125
839.7777778	895.3492063
832.6923077	898.9230769
919.4375	899.125
829.5230769	903.3538462
874.7894737	903.4736842
669.4615385	908.7692308
839.0681818	908.9090909
875.66	909.52
842.1538462	913.9230769
858	916.7222222
848.5	923.125
861.3939394	922.4242424
843.0454545	924.2727273
870.2142857	924.5714286
856.1860465	925.372093
863.75	927.3571429
825.1392405	929.8734177
872.2857143	931.3571429
865	931.6842105
840.8823529	933.4117647
866.9473684	934.4736842
834.7924528	942.3584906
819.12	954.92
852.96	957.24
842.8571429	958
812.8869565	959.9478261
838.972973	961.7567568
830.6222222	963.2666667
840.372093	967.5813953
826.7272727	968.1363636
818.9726027	968.7945205
788.2916667	995.2916667
733.8823529	1020.098039
749.375	1023.125
724.3768116	1026.086957
698.8888889	1028.333333
742.0972222	1030.319444
673.2	1028.775
715.5625	1031.109375
667.6756757	1032.243243
730.3956044	1031.307692
692.5535714	1033.589286
735.125	1034.90625
708.0444444	1035.777778
660.9111111	1037.877778
750.7230769	1056.307692
702.7857143	1058.357143
712.3181818	1058.515152
790.5641026	1058.051282
742.7674419	1059.511628
694.2389381	1059.566372
707.2	1061.666667
747.8125	1063.28125
611.6	1065.1
688.8456376	1068.765101
700.1176471	1066
707.2241379	1069.232759
694	1069.8125
718.5058824	1069.023529
725.725	1069.275
743.7804878	1069.658537
750.4492754	1069.942029
698.4318182	1073.568182
712.6666667	1072.333333
736.3023256	1071.313953
604.6153846	1072.384615
730.4210526	1073.052632
726.2040816	1076.122449
670.7160494	1074.518519
710.2253521	1078.647887
741.5	1076.7
667.3684211	1079.157895
661.3809524	1077.142857
664.1836735	1083.428571
753.3902439	1078.707317
656.9782609	1081.717391
699.556962	1079.974684
746.5769231	1080.423077
733.5802469	1079.876543
738.6530612	1083.816327
635.7721519	1084.860759
650.2142857	1084.642857
737.8055556	1088.333333
632.1098901	1089.923077
726	1091.7
749.3333333	1094.066667
728.9215686	1097.137255
716.4102564	1099.333333
669.952381	1103.190476
640.0222222	1104.066667
654.45	1105.8
729.3666667	1106.833333
642.8235294	1108.294118
665.3214286	1109.785714
745.9230769	1113.461538
636	1114
652.125	1115.333333
623.65625	1116.53125
740.2	1119.9
686.4363636	1125.472727
705.0517241	1125.034483
747.6666667	1123.761905
725.8181818	1129.181818
749.8333333	1128.137255
966.5	1131.5
618.7333333	1132.066667
820.36	1132.4
824.7428571	1132.028571
626.6857143	1133.942857
756.76	1134.2
737.1666667	1134.095238
746.8571429	1135.071429
607.452381	1138.27381
737.5217391	1138.478261
707.86	1140.26
732.4814815	1140.074074
717.1538462	1140.884615
600.6363636	1143.909091
634.8604651	1143.72093
832.5952381	1144.761905
707.05	1146.7
813.6296296	1146.962963
635.8333333	1150.083333
708.1395349	1153.232558
643.2142857	1152.428571
838.5555556	1156.777778
817.0654206	1156.570093
730.375	1157.75
678.0869565	1160.695652
878.96875	1161.40625
613.1428571	1162.333333
629.375	1164.625
849.3626374	1163.186813
853.1666667	1166.533333
609.9215686	1167.647059
873.1315789	1166.842105
813.7857143	1167.857143
868.8235294	1167.705882
856.24	1169.96
838.7407407	1168.37037
843.7413793	1169.810345
852.3255814	1172.348837
869.0909091	1172.909091
835.8243243	1175.310811
593.9583333	1176.166667
846.8021978	1177.527473
883.5106383	1177.829787
680.1176471	1179.882353
624.6363636	1182.386364
834.6086957	1181.652174
840.6444444	1182.977778
877.2444444	1182.822222
598.0125	1182.675
708.0967742	1183.774194
821.8210526	1185.347368
615.2666667	1186.333333
630.12	1187.68
640	1188.294118
666.0526316	1188.236842
828.0857143	1188.028571
679.6590909	1191.409091
791.6666667	1192.933333
850.5769231	1196.423077
900.7391304	1196.043478
820	1197.8
602.0833333	1199.222222
614.4166667	1200.166667
890.6285714	1200.228571
604.7857143	1204.190476
873.59375	1203.03125
625.1034483	1201.977011
688.5833333	1203.083333
669.5	1206
693.6875	1205.96875
784.4418605	1205.232558
680.5588235	1206.823529
627.8333333	1210.222222
620.5185185	1209
610.1666667	1210.666667
615.7142857	1210.142857
844.5576923	1212.903846
620.6666667	1214.666667
623.6666667	1213.555556
605.1176471	1214.588235
754.5	1214.5
832.875	1214.125
871.2	1214
651.0625	1214.84375
667.4642857	1216.035714
630.2727273	1216.272727
687.8611111	1215.388889
764.8125	1218.0625
663.75	1218.5
696.7407407	1223.111111
682.6666667	1224.222222
709.5	1222.5
847.1875	1223.020833
618.4416667	1223.575
620.2692308	1225.5
643.3333333	1225.52381
623.125	1228.21875
789.6612903	1228.548387
628.02	1230.66
673.2105263	1230
911.7244898	1229.673469
610	1234.5
812.2307692	1234.692308
924.1071429	1233.589286
622.0512821	1237.525641
686.3214286	1235.071429
628.9130435	1237.434783
637.787234	1241.574468
615.1071429	1241.892857
862.5952381	1241.857143
877.8823529	1242.411765
608.2758621	1245.689655
630.6764706	1249.764706
598.8333333	1252.433333
614.5	1253.142857
656.7931034	1253.862069
678.2142857	1252.728571
918.4545455	1254.363636
911.9069767	1259.139535
924.0454545	1258.136364
881.1276596	1260.212766
934.2413793	1260.241379
668.462963	1259.351852
827.8030303	1261.969697
832.7058824	1262.823529
683.7692308	1263.230769
809.9375	1264.1875
922.8979592	1263.795918
844.5416667	1266.625
928.76	1266.76
915.9302326	1265.976744
883.7741935	1268.290323
875.4285714	1271.942857
921.0992908	1273.801418
904.2307692	1276.192308
933.6666667	1275.75
833.6666667	1281
818.6	1283.514286
869.7586207	1288.482759
891.8421053	1290.842105
823.3333333	1289.716667
903	1290.507692
922.3333333	1291.5
841.5	1293.4
883	1293
915.5	1292.785714
944.0737705	1293.721311
817.4	1294.4
896.7906977	1295.860465
831.7586207	1296.448276
953.2592593	1297.407407
889.8	1299.6
829.6153846	1300.076923
922.7457627	1301.169492
944	1301.357143
847.8125	1301.1875
853.0512821	1301.435897
827.0625	1303.3125
837.5	1306.323529
936.4045802	1304.832061
848.4857143	1305.057143
913.75	1307.5
905.2307692	1307.615385
869.3928571	1313.214286
912.56	1313.08
975.8285714	1314.028571
843.5217391	1314.717391
838.2063492	1317.952381
894.7142857	1319.542857
831.8055556	1322.694444
904.0192308	1326.538462
938.0714286	1327.714286
960.6557377	1328.442623
849.6060606	1327.363636
822.5	1330.1
966.5636364	1328
855.6333333	1330.633333
846.877551	1332.244898
875	1332
866.1636364	1333.309091
948.9318182	1333.818182
861.3823529	1335.794118
865.7	1339.2
939.8571429	1337.642857
933.7173913	1338.23913
893.8	1340
945.3898305	1340.694915
918.6585366	1345.682927
888.8888889	1346.444444
914.7941176	1347.676471
895.3928571	1349.964286
948.3255814	1349
957.6666667	1352.266667
873	1354
884.5925926	1354.518519
866.9677419	1356.129032
953.6756757	1355.648649
893.9090909	1357.606061
932.5806452	1359.935484
963.0625	1361
863.4137931	1362.448276
952.125	1362.1875
900.88	1365.08
957.075	1366.75
938.9767442	1371.651163
959.8481013	1374.050633
868	1377.2
953.6756757	1377.216216
957.2727273	1382.727273
963.125	1384.375
859.8903226	1390.335484
954.7627119	1389.525424
912.1785714	1392.017857
881	1394.333333
904.3577982	1395.862385
942.6363636	1394.6
973.6	1395.5
871.9032258	1396.693548
932.6119403	1397.41791
919.2061856	1397.680412
961.28	1399.16
957.6666667	1402.703704
952.4576271	1402.79661
909.0606061	1406.393939
920.4588235	1405.611765
873.5925926	1406.925926
904.5	1409.611111
950.6276596	1412.148936
777.2	1419
958.0666667	1422.666667
914.0434783	1423.478261
953.9047619	1425.238095
935.9705882	1425.558824
929.4	1429.991304
908.7407407	1442.407407
921.5	1442.5
522.5	1470.5
691.5	1475
814.0909091	1537.363636
829.6	1587.5
977.52	1594.2
776.375	1594.75
801.8958333	1597.520833
962.9047619	1599.142857
821.9830508	1604.508475
953.2	1604
807.1181818	1603.445455
832.7368421	1605.131579
829.0789474	1608.421053
822.2941176	1610.558824
968.7407407	1609.641975
809.1276596	1612.06383
825.893617	1615.531915
981.7037037	1613.555556
794.4642857	1615.821429
799	1616.666667
940.987013	1619.064935
949.5	1617.714286
809.25	1619.5
974.7590361	1622.060241
791.3278689	1620.393443
838.4242424	1621.19697
965.8913043	1620.608696
786.5254237	1624.322034
1020.5	1625.5
789.7368421	1629.368421
914.7090909	1625.054545
1004.128205	1626.794872
901.5925926	1626.925926
949.8666667	1627.533333
967.4883721	1627.093023
795.7471264	1628.701149
826.4166667	1628.416667
888.025641	1630.358974
1023.134454	1634.168067
832.1703704	1635.044444
854.6666667	1635
883.0169492	1634.644068
1011.121212	1636.363636
807.6216216	1637.972973
825.2258065	1638.903226
995.5813953	1639.883721
877.75	1640.45
1036.827586	1641.482759
846.5652174	1642.913043
1027.5	1643.733333
834.375	1645.25
1040.6	1645.1
803.3076923	1647.75
1034.9	1649.05
973.5470085	1653.512821
1027.5	1651.5
1011.326531	1653.653061
860.5357143	1655.178571
880	1655
801.1351351	1656.756757
999.5886525	1659.921986
1055.5	1659.078947
794.5818182	1658.909091
988.0188679	1660.716981
1007.078947	1660.289474
1063.351852	1664.962963
804.5789474	1663.921053
1004.461538	1666.076923
959.0454545	1669.409091
1006.409091	1670.090909
853.9272727	1673.436364
912.0526316	1672.026316
980.5	1671.421053
1052.333333	1672
1045.053333	1675.68
986	1674.202899
999.8598131	1675.383178
943.9333333	1676.5
1006.704918	1677.606557
1026.4375	1678.65625
1039.557692	1678.730769
906.8571429	1683.5
1021.707317	1683.829268
1035.242424	1685.242424
1044.222222	1683.611111
1001.042105	1687.347368
1013.830601	1688.972678
1008.464286	1691.25
897.1282051	1689.410256
1003.954545	1694
789.0588235	1694.235294
983.7333333	1693.666667
894.0681818	1698.772727
1028.129412	1694.423529
800	1700.612903
985.0681818	1707.318182
992.443038	1705.265823
1004.68	1707.44
990.6857143	1713.342857
984.48	1712.52
816.6111111	1714.277778
929.779661	1715.169492
942.75	1717.5
984.4754098	1718.737705
975.4698795	1723.26506
981.8367347	1728.693878
970.2564103	1728.769231
804.5	1729.375
872.9142857	1736.057143
966.7671233	1734.835616
986.4375	1735.34375
923.5	1737.153846
960.2631579	1738.877193
979	1739.5
785.9487179	1740.692308
866.1	1740.5
942.0425532	1741.404255
774.5897436	1743.435897
982.8923077	1744.323077
987.6071429	1750.642857
990	1755.545455
939.2	1759.033333
837.8181818	1759.181818
779.362069	1760.655172
850	1759.5
987.3548387	1761.709677
764	1762.5
974.6315789	1762.894737
773.8108108	1764.405405
862.85	1763.85
868.5454545	1764.272727
983.8695652	1766.913043
847.5	1768
890.6	1772.3
959.6666667	1773.133333
869.617284	1774.271605
953.6086957	1773.565217
965.1818182	1771.939394
966.8529412	1776.441176
950.2941176	1777.529412
930.6785714	1778.5
961.5555556	1779.592593
842.8857143	1787.028571
787.7391304	1797
847.028169	1797.211268
953.2682927	1800.658537
489.6052632	1801.414474
937.2142857	1799.547619
473.0517241	1802.810345
788.1153846	1803.653846
488.1666667	1809.041667
492.95	1807
895.5	1806.2
934.0384615	1807.076923
960.59375	1805.09375
954.5185185	1807.222222
926.7567568	1810.081081
945.3229167	1810.4375
491.0144928	1815.405797
769	1811.5
480.3111111	1812.911111
877.5	1812.777778
828.7	1813.3
931.7619048	1815.333333
863.4782609	1816.782609
777.1144578	1815.198795
471.9365079	1820.396825
482.0612245	1819.306122
477.5	1822.785714
464.1851852	1824.314815
490.8461538	1824
484.4181818	1824.818182
867.2	1825.44
911.7727273	1824.772727
791.3030303	1827.090909
471.9318182	1829.136364
477.6585366	1830.085366
579.7666667	1829.616667
925.2647059	1831.147059
491.9090909	1831.242424
494.4193548	1840.16129
867.4210526	1838.894737
928.827957	1840.494624
526	1842.631579
904.6	1844.3
910.375	1843.958333
479.7209302	1845.790698
468.9512195	1847.487805
558.173913	1845.956522
919.2158273	1848.381295
553.5277778	1849.083333
944.625	1849
512.40625	1850.546875
907.4210526	1850.105263
471.3333333	1851.533333
497.3	1850.071429
518.1219512	1849.146341
568.4	1852.033333
798.5	1855
941.875	1854.416667
531.4107143	1854.660714
486.6111111	1856.722222
512.3636364	1856.909091
526.3	1859.65
531.6206897	1861.344828
473.3	1862.4
516.8421053	1859.2
913.2790698	1861.930233
799.6785714	1863
483.162963	1863.318519
846.3846154	1863.769231
520.6	1866.6
809.4	1867.5
470.1034483	1868.551724
528.4146341	1867.536585
915.641791	1869.283582
938.0666667	1868.066667
493.0909091	1871.018182
823.4871795	1872.74359
845.3636364	1874.863636
781.6666667	1875.888889
476.1025641	1878.205128
488.3035714	1880.223214
770.8571429	1880.196429
823.65625	1878.59375
909.6585366	1877.97561
739.9615385	1882.692308
903.3404255	1881.744681
908.1923077	1884
818.5393258	1884.921348
904.6153846	1886.692308
489	1889.5
891.972973	1888.837838
904.2121212	1890.545455
842.5555556	1891.5
516.44	1892.68
518.6315789	1896.789474
883.6	1898.4
892	1898.142857
742.5	1899.5
774.6296296	1898.62963
489.8333333	1900.5
521.5689655	1901.586207
768.7777778	1903.472222
887	1904.225806
839.5714286	1905.771429
914.3642857	1904.521429
571.2622951	1907.163934
577.32	1906.76
816.6666667	1907.575758
877.0909091	1908.5
910.4842105	1912.905263
840.5789474	1912.263158
851.05	1911.75
523.5	1913
568.4615385	1914.307692
577.3253012	1913.771084
763.6486486	1914.283784
788	1917.609756
869.3333333	1917.393939
770.8695652	1919.086957
783.3888889	1918.388889
917.4117647	1919.117647
571.1578947	1921.157895
799.6896552	1922.241379
908.1851852	1921.777778
502.2941176	1924.411765
869.2173913	1924.695652
900	1928.5
721.4666667	1928.933333
719.75	1932.270833
916.9133333	1931.053333
787.3333333	1931.4
940.6470588	1935.294118
932.3333333	1935.5
781.2142857	1938.328571
503.4222222	1941.044444
808.2352941	1940.558824
760.8070175	1941.175439
936.7333333	1941.2
966.53125	1941.9375
773.375	1944.541667
951.3076923	1945.5
764.1081081	1948.959459
770.8461538	1949.538462
800.25	1949.390625
516.3333333	1951.433333
779.3421053	1951.710526
900.6521739	1951.521739
522.5714286	1953.085714
471.625	1956.1875
776.5961538	1957.384615
909.4736842	1956.631579
465.1555556	1957.555556
835.85	1957.25
460	1962.692308
567.5483871	1963.290323
757.7692308	1962.615385
774.1818182	1963.181818
493.8529412	1964.970588
778.7272727	1965
482.787234	1970.297872
516.0434783	1971.73913
476.8205128	1973.512821
470.8166667	1973.233333
775.4285714	1973.619048
771.6666667	1975.916667
833.5	1976.5
849.7222222	1977.722222
795.4324324	1977.63964
867	1979.5
492.65	1981.7
770.8275862	1983.103448
778.8918919	1985.378378
770.7333333	1990.066667
559.6904762	1989.261905
452.3181818	1992
554.1296296	1992.833333
518.1315789	1995.894737
550.3207547	1998.226415
764.06	1996.97
779.7	1996.3
772.0714286	1996.547619
796.875	1997.333333
483.6833333	2001.333333
490.8947368	2001.421053
742.5	2002.521739
750.9056604	2004.566038
399.82	2005.34
405	2006.961538
511.0769231	2006.564103
829.9166667	2007.333333
482.2592593	2008.592593
771.5243902	2008.926829
419.0769231	2010.538462
540.1	2011.38
412.4939759	2012.722892
732	2011.666667
747.1734694	2012.459184
682.75	2014.083333
409.1111111	2017.388889
511.1	2017.2
751.3088235	2017.955882
565.6666667	2019.25
681.5	2021
403.3333333	2020.75
440.8181818	2021.818182
514.625	2022.35
723.8888889	2021.666667
545.3076923	2022.923077
744.2173913	2023.521739
422.1923077	2026.5
825.2857143	2027.5
401.8181818	2027.909091
742.7857143	2029.714286
570.1764706	2032.764706
390.4210526	2034.684211
770.2173913	2036.130435
527.5483871	2036.580645
383.2692308	2039.346154
458.7948718	2041.589744
525.4081633	2042.183673
547.7142857	2043.5
845.5294118	2042.647059
418.6896552	2044
414.3703704	2045.222222
426.3376623	2045.324675
755.36	2045.36
410.525	2047.25
458.2121212	2050.757576
586.2	2051.76
755.2875	2053.5875
486.4489796	2056.938776
458.6304348	2060.347826
573.4705882	2058.647059
349.1176471	2064.588235
743	2064.608696
748.65	2068.25
408.2439024	2069.609756
442.6578947	2071.342105
735.6410256	2071.5
497.375	2074.3125
407.3428571	2075.514286
491.125	2075.833333
402.0909091	2076.636364
443.8125	2077.1875
501.4915254	2077.966102
524.1111111	2079.518519
773	2081.333333
784.25	2081.375
530.8181818	2083.454545
773	2085.2
806.625	2085.3125
418.2533333	2086.013333
742	2086.37931
773.9473684	2090.842105
881	2091.5
424	2091.189655
829.6470588	2092.823529
377.1836735	2093.530612
495.6	2095.44
747.4473684	2097.263158
452.2857143	2099.5
774.2	2099.5
418.8	2101.08
424.2758621	2102.517241
385.9166667	2106.208333
491.3695652	2105.413043
559.8333333	2105.166667
380.1621622	2105.486486
538.3157895	2108.052632
865.5757576	2109.545455
381.04	2111.16
413.9479167	2110.833333
519.3478261	2113.289855
561	2113
425.4666667	2113.733333
869.6153846	2113.865385
877.6744186	2113.093023
746.2428571	2115.842857
756.6440678	2113.20339
510.8648649	2115.540541
387.4122807	2116.675439
891.5	2118
421.4657534	2119.30137
516.3731343	2120.492537
436.1395349	2120.348837
455.6	2121.4
873.6666667	2121.266667
388.72	2124.68
755.5	2122.5
475.5	2124.5
512.3	2129
521.5432099	2127.037037
834.0454545	2133.727273
472.7	2135.25
452.3846154	2137.615385
446.0172414	2137.655172
548.5	2138.092593
884.3333333	2140.733333
788.25	2142.25
496.8648649	2141.540541
426.3333333	2145.266667
492.5238095	2144.714286
882.2307692	2146.615385
497.7142857	2148.714286
492	2150.487179
792.8888889	2148.944444
535.65	2152
879.0930233	2152.232558
399.9736842	2155.078947
865.4444444	2155.222222
436.2727273	2156.212121
532.53125	2158.03125
456.4047619	2160.119048
799.5208333	2162.395833
519.9090909	2162.909091
525.5227273	2163.727273
426.125	2168.041667
501.7142857	2169.5
800.9545455	2168.727273
851.1052632	2169.578947
445.8461538	2171.538462
508.15625	2171.28125
514.55	2171.425
858.1428571	2172.428571
803.1724138	2173.034483
466.8648649	2173.621622
518.5131579	2175.697368
624.72	2175.14
753.8214286	2175.607143
440	2175.26087
470.8679245	2177.132075
445.1764706	2180.588235
452.3823529	2178.470588
512.5277778	2181.222222
526.5	2181.722222
449.8888889	2187
739.5	2187.5
835.6666667	2187
819.826087	2188.347826
437.375	2189.4375
455.3125	2191.171875
820.862069	2193.931034
485.056338	2197.15493
513	2194.8
448.7	2196.1
754.6551724	2196.724138
504.56	2202.68
499.2105263	2206.631579
730.754386	2207.789474
445.1666667	2213.75
445.7916667	2218.708333
749.3809524	2225.571429
847.1333333	2246.333333
829.6666667	2249.5
751.1944444	2255.888889
748.6470588	2263.176471
820.2	2262.9
744.097561	2264.731707
789	2267.5
836.5714286	2273.380952
672.1111111	2275.5
783.5789474	2279.368421
784.9583333	2290.291667
804.1	2292.05
787.147541	2296.57377
717.03125	2300.59375
790.05	2302.275
697.2857143	2303.114286
781.3037975	2304.113924
726.9578947	2306.757895
790.1153846	2308.076923
534.2173913	2313.76087
539.8205128	2316.230769
720.5526316	2317
733.5	2320
771.5	2319.928571
537.0227273	2323.613636
847.7647059	2325.176471
523.5846154	2333.6
849.8461538	2336.769231
778.6956522	2339.086957
834	2339.5
710.5	2342.5
831.8378378	2350.27027
533.7307692	2350.307692
819.5	2353.4
848.5	2354.5
684.4057971	2358.101449
691.4179104	2357.910448
482.3584906	2360.320755
528.8636364	2359.681818
515.4285714	2361.380952
585.7916667	2360.875
770.5	2363.5
487.6896552	2366.172414
851.8823529	2367.411765
712.3684211	2368.578947
490.2857143	2370.928571
822.1090909	2367.345455
481.2916667	2371.208333
847.7037037	2376.111111
713.5277778	2377.138889
836.12	2378.9
497.26	2372.666667
783.9583333	2381.708333
497.9666667	2384.066667
701.9	2382.95
501.4310345	2386.672414
593.375	2383.979167
790.4444444	2385.888889
712	2387.5
548.5	2388.5
809.1111111	2390.777778
511.0606061	2396.666667
709.4117647	2397.117647
812.890625	2395.875
500.0384615	2398.346154
516	2402.5
503.4324324	2406.567568
614.8333333	2406.083333
422.5263158	2418.105263
773.96	2417.4
613	2419.5
496.2173913	2423.695652
643.3809524	2427.52381
698.0833333	2435.5
598.1	2436.9
569	2437.5
681.5769231	2442.076923
664.9215686	2444.176471
689.5882353	2443.529412
669.0909091	2447.909091
579.5	2454
553	2455
664.3265306	2456.632653
500.5555556	2459.5
816.6888889	2461.288889
662.9787234	2462.93617
794.6551724	2474.724138
819.0789474	2476.447368
514.0625	2479.3125
540.7454545	2478.690909
606.7741935	2482.419355
558.3809524	2485.571429
554.5384615	2488.384615
559.25	2489.892857
603.2	2490.225
497.5967742	2493.016129
517.5909091	2494.772727
781.4318182	2496.431818
502.4545455	2496.212121
498.0810811	2500.810811
504.68	2499.32
501.45	2504.6
612.71875	2504.3125
821.5483871	2503.790323
506.2142857	2503.892857
622.7714286	2507
560.5116279	2507.767442
501.7307692	2509.038462
488.3684211	2512.263158
509.7058824	2511.117647
493.7209302	2513.860465
498.3333333	2511.4
519.4285714	2513.342857
612.5714286	2514.964286
502.0795455	2518.772727
845.6315789	2516.789474
527.030303	2520.106061
858.1666667	2521.933333
518.0869565	2525.086957
853.5652174	2526.836957
503.4	2526.45
847.686747	2530.13253
593.75	2527.5
501	2530
590.3589744	2531.897436
598.9215686	2531.607843
850.7777778	2534.888889
594.6666667	2534.083333
606.24	2540.14
630.7096774	2544.548387
603.8888889	2546.666667
633.7619048	2550.261905
504.8727273	2557.527273
488.0344828	2560.189655
629.8409091	2561.340909
802.5869565	2567.717391
517.6666667	2579.888889
814.5454545	2588.636364
611.3157895	2592.394737
801.4666667	2610.377778
833.8585859	2609.171717
708.9090909	2612.181818
809.4255319	2614.319149
789.5909091	2614.5
597.0263158	2615.868421
696.7391304	2626.478261
629.6428571	2631.285714
719.6595745	2631.851064
619.0909091	2634.909091
628.2121212	2639.030303
679.75	2638.875
686.5333333	2641.133333
600.1538462	2657.5
568.0454545	2661.909091
600.9193548	2662.758065
615.0277778	2666.083333
655.2916667	2673.208333
624.8255814	2700.732558
615.4827586	2703.655172
689.5833333	2708.25
610	2709.105263
638.6979167	2720.104167
363.4166667	2835.75
731	2857
332.6	2859.066667
733.5454545	2866.181818
736.6315789	2870.421053
732.4857143	2871.685714
728.6470588	2872.176471
727.1282051	2876.435897
349.5294118	2878.352941
732.4666667	2878.733333
727.05	2889.1
366.44	2913.52
361.5882353	2930.882353
747.2857143	2947.5
342.6	2962.08
350.2307692	2966.692308
383.0833333	2965.666667
351.15	2979.25
311.037037	2980.888889
343.1	2982.533333
376.1111111	2985.166667
371.2857143	2985.714286
335.5901639	2987.016393
380.5	2987.5
351.3958333	2990.541667
334.8039216	2993.72549
342.9726027	2990.287671
328.4722222	2992.194444
314.146789	2993.926606
309.6666667	2998.652778
306.6153846	3005.288462
348.3783784	3006.297297
339.9310345	3010.965517
302.1538462	3011.769231
326.3534483	3012.112069
308.972973	3019.216216
315.5686275	3022.215686
305.25	3023.4
360	3034.805556
795.9428571	3036.971429
656.24	3037.68
318.3846154	3040.410256
815.3653846	3048.096154
722.4794521	3052.082192
814.5526316	3054.421053
748.2222222	3057.5
677.7173913	3064.586957
790.5853659	3070.512195
674.1333333	3073
669.7058824	3076.794118
780.6666667	3080.238095
798.0307692	3086.030769
809.8	3085.833333
804.0625	3086.375
804.6428571	3091.904762
809.2	3091.1
797.3030303	3092.484848
738.5	3104.8
807.8181818	3113.431818
793.5116279	3118.651163
803.5	3123
763.5	3126
732.6666667	3128.888889
825.7391304	3133.391304
686.92	3194.44
693.5	3196.222222
744.4375	3197.625
638.2823529	3201.058824
467.5	3212.285714
687.6805556	3213.527778
694.2	3220.5
483.9333333	3220.6
466.4166667	3221.75
677.1875	3226.1875
489.6428571	3228.785714
442.7857143	3244.5
437.3870968	3246.451613
635.5	3246
433.3809524	3247.285714
441.2666667	3249.466667
448.5	3253.695652
425.7647059	3254.058824
435.4444444	3253.018519
450.8571429	3257.142857
633.3636364	3259.424242
455.875	3262.0625
430.25	3262.625
487.3478261	3262.76087
673.7272727	3263.045455
492.9069767	3264.325581
492	3268.125
690.3571429	3267.535714
508.2	3273
701.1052632	3279.421053
462.5151515	3280.393939
517.25	3283.214286
521.2857143	3291.5
671.4117647	3294.176471
687.2142857	3291.488095
690.2068966	3296.534483
669.1538462	3302.538462
672.9230769	3303.461538
521.8695652	3308.695652
485.6666667	3326.166667
670.5	3330.5
476.2051282	3336.461538
414.2142857	3337.607143
480	3341.5
420.5	3342.833333
464.625	3347.75
418.5696203	3347.164557
413.2553191	3351
459.3	3352.325
474.5	3354.875
455.3870968	3356.935484
682.4	3355.933333
478.3125	3357.4375
481.6363636	3367.181818
492.8823529	3368.882353
616.6428571	3378.142857
630.0666667	3380.6
604.7083333	3390.75
617.3571429	3394.714286
621.2	3396.333333
653.6190476	3408.904762
685.3488372	3416.255814
611.0857143	3417.914286
610	3447.5
607.3157895	3458.052632
644.625	3458.6875
423.6666667	3539.875
441.95	3540.6
428.2173913	3542.478261
432.1111111	3545.333333
468.75	3546.916667
446.8	3551.24
419.5	3554.428571
431.7209302	3558.72093
426.691358	3561.814815
468.0833333	3561.166667
420	3565.038462
473.125	3569.125
473	3574.111111
477.5142857	3576.714286
417.4166667	3585.458333
438.2222222	3585.5
420.5	3595.5
764.9615385	3598.692308
463.7333333	3599.766667
452	3601.558824
473.6	3602.4
716.962963	3604.777778
736.7	3611.775
727.5	3656.8
452.95	3658.75
491	3667.5
483.5	3667.692308
629.2058824	3678.705882
469.8275862	3685.206897
465.06	3686.42
469.8235294	3690.411765
474.6153846	3689.953846
492.6842105	3690.947368
468.8928571	3694.535714
645.9259259	3716.444444
494.125	3720.875
686.1034483	3728.862069
457.1333333	3729.533333
574.14	3742.42
460.4242424	3746.575758
694.4285714	3760.380952
441.7777778	3767.5
701.95	3768.4
691.8125	3769
708.5	3770.5
486.34375	3776
647.05	3777.95
642.0625	3783.6875
579.5	3786.714286
679.3095238	3789.928571
568.1578947	3793.157895
677.9268293	3795
494.75	3796.3
557.3243243	3802.648649
551.5	3806.541667
611.8888889	3810.666667
631.6	3814.4
669.375	3817.75
450.0697674	3821.302326
657.0294118	3821.911765
455.297619	3825.02381
620.2	3825.628571
671.7333333	3825.533333
688.8125	3833.3125
530.7222222	3837.388889
589.32	3837.92
451	3846.195122
450.245614	3850.982456
500.6888889	3854.740741
655.0566038	3850.45283
492.3114754	3852.967213
506.4074074	3851.259259
494.8666667	3858.4
509.0909091	3857.151515
592.8269231	3866.692308
701.71875	3868.0625
650.5	3873.5
698.9090909	3880.909091
689.8636364	3882.886364
641.265625	3883.53125
575.8125	3883.703125
698.7272727	3887.5
564.7954545	3886.943182
574.4393939	3889.742424
665.1290323	3888
670.7014925	3893.19403
697.1111111	3909.962963
664.40625	3925.15625
421	3926.875
433.6071429	3927.392857
691.7272727	3927.954545
657.940678	3933.449153
621.6666667	3947.25
683	3953.190476
673.5555556	3965.416667
679.0333333	3965.433333
626.2222222	3965.888889
640.25	3987.388889
623.84	4023.32
619.2941176	4033.029412
596.8	4033.366667
601.5714286	4034.619048
622.25	4038.068182
594.3333333	4060.533333
622.875	4063.75
629.1111111	4064.722222
601.5925926	4069.259259
610.1956522	4073.521739
604.1875	4074.625
612.5	4097.285714
586.3076923	4150.769231
584.8846154	4157.538462
556.8095238	4162.952381
547.5	4175.222222
547.5	4195.2
399.6333333	4218.733333
406.25	4222
419.375	4221.75
554.0263158	4232.736842
557.9	4262.866667
566.4639175	4261.164948
474.8	4278
518.1052632	4294
526.9565217	4329.869565
498.8421053	4332.684211
419.5	4347
533.7142857	4355.5
457.5	4358.5
414.16	4364.64
534.1176471	4371.588235
454.4444444	4373.911111
485.5	4379.5
464	4381.666667
486.53125	4399.53125
506.975	4405.4
477.7272727	4421.340909
479.7974684	4428.113924
472.7169811	4427.113208
461.3428571	4430.057143
463.3478261	4440.173913
507.3392857	4445.401786
375.3076923	4451.615385
370.72	4457.5
455	4460.967742
459.7931034	4463.034483
450.9375	4465.1875
391.6060606	4464.318182
442.25	4469.125
454.557377	4468.967213
437.5217391	4469.869565
473.7125	4469.1375
481.45	4469.5
494.3571429	4472.214286
393.1627907	4474.372093
398.1111111	4475.833333
390.1612903	4479.645161
398.0724638	4481
398.8837209	4484.372093
472.2580645	4495.548387
476.8	4494.56
433.28125	4501.09375
483.1875	4505.6875
400.5405405	4552.27027
383.9655172	4561.793103
405.9375	4571.25
344.2307692	4574.230769
408.5882353	4574.352941
388.0909091	4606.363636
