X	Y
0	0
0	6857
6857	0
6857	6857
762.1428571	20.47619048
752.2162162	21.18918919
758.5454545	23.96969697
780.1495098	35.41176471
693.6	32.23529412
699.5882353	36.26890756
772.7647059	38.14705882
780.875	41.70833333
702.8444444	43.11111111
709.4415584	40.96103896
730.76	42.56
810.6451613	43.29032258
664.8730159	47.50793651
712.1621622	47.74324324
818.4444444	46.19444444
726.0140845	49.91549296
733.3571429	46.35714286
673.5384615	48.61538462
681.1267606	50.98591549
724.1578947	53.44736842
775.7674419	49.23255814
691.2857143	49.21428571
700.8965517	49.29310345
671.96875	52.65625
716.6458333	52.97916667
788.7070707	53.5959596
662.7	54.65
699.4285714	55.71428571
789.6969697	57.66666667
801.2291667	58.20833333
647.5918367	59.30612245
804.4605263	65.53947368
649.95	69.05
643.6375	70.55
806.3448276	71.89655172
639.347619	78.41904762
813.7301587	74.01587302
819.6382979	82.93617021
688.92	86.68
828.4698413	101.5015873
632.6976744	92.39534884
631.9655172	100.2758621
625.8987342	99.65822785
620.1875	106.90625
805.4561404	107.5263158
811.4166667	110.125
825.4411765	111.6176471
830.2758621	115.8965517
620.625	116.0416667
614.6	118.7333333
840	119.2676056
837.42	124.64
845.3548387	127.4193548
611.32	127.64
607.2285714	134.4571429
840.0373832	132.5420561
843.3333333	141.0333333
849.8	137.8909091
609.25	140.875
603.4230769	142.9615385
833.8810289	149.2122187
849.3333333	147.6
742.5306122	149.8367347
802.52	147.7
793.0909091	151.969697
798.8392857	152.4464286
598.8095238	152.047619
857.0634921	157.7142857
852.1746032	161.2539683
605.6981132	170.1886792
859.8484848	170.6212121
864.9166667	172.5
593.7222222	176.2777778
772.9473684	178.1368421
780.4285714	179.6428571
769.1276596	185.9680851
777.725	186.375
783.0810811	185.027027
869.4912281	183.2105263
620.4615385	186.6538462
780.3888889	191.6944444
594.3333333	193.1333333
630.6111111	193.3518519
587.9019608	193.6470588
598.372093	193.2093023
774.6666667	194.1666667
635.35	197.5
732.1176471	196.8431373
591.5869565	199.0652174
876.7333333	196.2380952
772.4747475	201.6464646
750.2727273	203.0606061
584.2337662	204.5974026
641.1081081	205.8378378
779.943662	211.2887324
881.8571429	206.1071429
773.1147541	211.9836066
887.0210526	213.4315789
580.3877551	215.8979592
771.8965517	220.4482759
767.9298246	225.2982456
891.2093023	222.7906977
579.05	226.15
732.5714286	230.0952381
755.3125	234.9375
819.9714286	235.2285714
578.1084337	235.7831325
894.7698413	233.7380952
727.1694915	239.0338983
722.11	244.62
754.1428571	244.6160714
644.5121951	245.7073171
760.8674033	240.9502762
579.2898551	246.8985507
722.7857143	251
899	246.0769231
680.4347826	249.8695652
875.5714286	252.4285714
587.4285714	254.6190476
901.3142857	252.8285714
574.3406593	255.3186813
715.5391304	256.1826087
904.7722772	261.7920792
723.1084337	260.2891566
724.7931034	265.3793103
572.09375	262.9375
761.3333333	262.6190476
717.5762712	268.1016949
760.6923077	268.3461538
900.8235294	269
568.6603774	269.7735849
566.7179487	276.7948718
911.6261682	275.8598131
721.106383	278.5106383
565.6086957	281.826087
913.9649123	286.3508772
563.4634146	286.2682927
696.0833333	286.1666667
769.5	289.0454545
815.3714286	288.6285714
821.5	289.5
692.4375	290.09375
911.4871795	292.2820513
920.3664122	298.3587786
560.0232558	294.0465116
882.9166667	293.25
563.5833333	296.0277778
691.625	296.225
731.4827586	300.4137931
798.875	300.3333333
680.3846154	303.5384615
802.030303	304.8484848
560.1890244	308.0914634
908.9055556	312.1944444
918.8333333	312.9166667
567.3870968	312.3870968
566.9117647	318.3235294
933.5739645	323.7514793
796.3623188	317.4202899
916.5411765	320.5882353
606.8333333	319.7333333
925.9380531	318.7964602
682.8846154	323.7692308
564.8571429	323.6190476
747.7464789	325.4647887
801.5142857	327.0571429
756.8863636	325.5227273
919.8456376	330.3489933
570	327.625
809.75	329.2916667
734.875	330.3333333
940.3	331.3857143
936.0533333	336.8133333
673.4748858	338.9908676
647.2432432	337.972973
918.875	340.75
557.25	340.1785714
601.5238095	340.8809524
928.1041667	339.125
790.0081301	343.6422764
566.71875	343.5
933.5714286	346.0571429
669.0666667	351.3333333
913.9368421	352.2526316
937.2093023	351.2325581
943.1263158	349.9368421
828.5175439	354.7719298
665.9056604	360.8584906
755.0740741	359.2222222
821.72	362.52
534.5	363.7727273
946.4903846	365.8461538
533.76	368.24
633.3333333	372.8958333
615.5217391	375.6521739
530.5121951	378.6097561
952.1846154	381.6153846
874.6060606	383.7878788
878.04	384.04
534.4888889	388.2888889
935.90625	386.03125
953.2083333	389.5416667
958.4722222	393.1388889
798.8205128	397.6410256
961.5882353	398.2352941
957.6153846	402.0769231
802.7391304	402.3043478
966	404.9756098
798.2439024	406.2317073
790.8701299	408.0909091
969.1568627	415.5882353
962.62	412.22
793.7123288	415.109589
606.2857143	416.8961039
621	416.1111111
625.5454545	417.2272727
526.0810811	421.5810811
614.5217391	419.1014493
962.9583333	419.9166667
908.4711538	424.3653846
970.6	426.2857143
523.45	430
975.5588235	430
925.3	433.9
523.2916667	439.5833333
972.745614	439.7280702
980.9646018	442.6637168
826.0185185	445.0740741
948.3333333	449.3809524
976.8142857	450.8571429
981.2	454.6
518.3098592	454.9295775
985.703125	459.125
665.9126214	464.7572816
982.1318681	470.2142857
519.4	473.85
663.7272727	476.4545455
517.106383	477.5957447
913.0434783	481.7391304
631.02	487.34
840.72	486.6
986.8349515	483.6601942
778.9384615	492.0615385
923.0612245	493.6938776
986.4935897	496.1089744
773.9857143	502.3285714
806.7692308	505.6923077
989.2	506.2608696
517.625	507.525
811.5517241	508.0344828
776.4	509.1
783.9	507.0857143
998.0727273	510.2727273
511.6233766	512.7792208
986.9636364	513.4
997.3214286	518.4404762
984.8974359	520.2307692
993.5853659	525.6260163
795.0192308	522.4038462
736.2698413	526.3333333
988.2156863	528.1568627
730.8780488	528.7560976
793.8095238	530.2380952
741.2467532	532.5454545
510.3333333	533.3809524
978.75	532.75
748.4	533
997.8550725	535.6086957
728.6493506	537.5324675
565.9354839	536.0645161
739.2566372	541.8938053
1000.148148	541.7407407
993.0930233	542.3875969
531.9333333	544
511	543.8888889
980.4347826	544.9565217
727.4361702	550.0106383
750.2758621	549.2413793
993.2142857	549.6428571
506.8	553.426087
633.097561	549.7804878
733.7548387	555.3935484
995.9876543	554.6049383
1008.311628	552.4186047
500.3809524	561.9365079
734.6818182	562.4090909
754.4019608	560.5294118
1016.885714	561.1714286
733.4777778	566.8333333
1004.245614	563.1491228
1016.294118	567.3235294
492.6176471	569.4117647
515.2045455	569.8863636
888.2947368	572.0105263
1005.210526	571.5438596
496.2432432	572.3378378
760.7205882	571.9411765
756.2025316	581.0886076
744.5849057	576.9748428
1012.888889	573.9920635
487.5909091	577.2272727
887.4324324	577.1351351
728.0454545	577.4545455
1012.771739	582.7173913
488.7380952	582.3333333
892.1702128	581.2978723
740.2564103	583.8717949
730.8266667	584.92
743.862069	587.6551724
725.4840426	592.6542553
735.8614719	603.5064935
729.4146341	595.4634146
747.9275362	593.0289855
1021.642857	588.5714286
761.5238095	592.6190476
1010.193548	593.9354839
767.5333333	594.9777778
993.9565217	596.2608696
740.12	596.76
1017.611842	595.8223684
759.8230089	600.2743363
744.5913978	600.9032258
1025.6875	599.5625
713.9183673	604.7346939
758.961039	607.012987
749.5365854	605.6707317
1017.419355	607.0645161
475.0810811	606.4864865
685.9032258	613.0645161
1021.317073	614.6585366
745.8730159	613.3809524
1013.432836	615.238806
770.452381	614.9285714
1027.456311	613.038835
478.3783784	614.8108108
763.0891089	614.7128713
758.1327684	629.9887006
473.7014925	622.9850746
735.42	621.52
1025.964286	624.0267857
741.1052632	619.9473684
769.5820896	624.1044776
929.7916667	622.7083333
739.5967742	629.9677419
937.3333333	628.8245614
473.9047619	632.6666667
766.3461538	632.3076923
1032.025862	634
943.3	634.36
1025.576271	636.2372881
1037.21978	638.3296703
474.6666667	642.6842105
948.25	641.1458333
710.6964286	638.4107143
743.34375	639.953125
800.75	641
1041.416667	644.0833333
746.3703704	649.4814815
756	652.1428571
1040.778571	651.2928571
759.25	653.25
698.8636364	662.1818182
473.4302326	663.9069767
1048.294118	663.9470588
730.4520548	665.7671233
788.5426357	665.0155039
763.4285714	666.3285714
734.9545455	669.7272727
756.8181818	669.1818182
470.5294118	673.7058824
744.9795918	668.8571429
762.7971014	673.4347826
735.6	674.92
743.1574074	679.6018519
729.4318182	682.1363636
1055.391753	680.3505155
469.4074074	683.6296296
748.1	694.3142857
765.6363636	685.6969697
757.7378049	687.2682927
1056.334694	697.0571429
725.7142857	691.7428571
797.28	696.44
723.2564103	699.8461538
773.6986301	696.2739726
759.5409836	700.1639344
728.3333333	702.6666667
590.5147059	704.8823529
742.9662921	707.9775281
1063.904988	723.9287411
1062.764706	709.7647059
755.7634409	713.5698925
472.0105263	712
763.1619048	711.4285714
926.125	713.5416667
458.3666667	713.4
790.8235294	714.3823529
976.5357143	717.7142857
458.3571429	723.0714286
739.1	722.8333333
900.5166667	725.6166667
877.975	726.6
910	728.9454545
699.076087	727.5108696
750.7014925	730.0149254
861.7659574	729.2765957
568.5	730.4814815
742.6585366	729
756.5555556	730.8888889
460.2173913	729.3478261
614.6458333	730.0625
554.7619048	730.9931973
566.1169591	737.7192982
955.8550725	736.6521739
1066.196429	738.8392857
699	737.5263158
617.237037	739.162963
711.95	738.15
1070.75	741.125
663	740.8135593
987.8461538	743.1538462
477.5142857	744.2285714
983.6097561	746.1219512
1068.459459	747.2702703
443.5	744.6153846
572.4814815	747.1851852
440.6451613	751.8064516
587.704	756.408
851.3833333	754.1833333
916.7009346	753.1121495
1072.855769	754.625
489.2068966	758.2413793
854.3636364	759.6818182
1069.481481	761.6481481
1076.302632	766.3026316
1076.4375	774.6041667
1069.774648	771.8591549
1075.125	780.5
1064.980769	777.7692308
440.654321	782.1481481
1070.96875	783.15625
1079.978261	785.6521739
856.7037037	786.7407407
988.7253521	788.0915493
997.25	789.2916667
1076.304348	787.6086957
1071.758621	793.5689655
1079.033333	793.8666667
438	797.5
703.5862069	797.0862069
673.0769231	800
1074.822034	803.9152542
1069.521739	802.2173913
1079.434286	813.12
566.8709677	811.2903226
861.3	817.2
1080.59375	825.765625
1089.672269	824.5042017
1073.961538	827.7307692
432.9454545	828.8363636
1099.495268	858.7176656
1085.670968	839.8064516
972.3888889	833.7407407
1090.541667	835.375
964.4761905	843.0952381
488.4050633	840.5822785
1022.342857	844.0571429
853.32	845.56
989.4545455	847.2121212
996.8301887	845.2641509
1085.413793	850.816092
579.6538462	851.3461538
993	851.5217391
1002.670732	852.8536585
969.2037037	852.5740741
982.4736842	852.2631579
1010.413793	853.637931
1093.146341	850.7804878
938.05	854.25
934.6666667	854.1428571
988.7674419	855.3255814
1090.166667	857.5
1022.925926	858.5555556
719.6956522	858
807.6818182	860.5227273
932.962963	860.2222222
435	861.8695652
799.1428571	861.8214286
947.3506494	858.4545455
1089.151515	863.7272727
1028.865672	864.7462687
937.6296296	866.2592593
805.7692308	866.0384615
417.8170732	871.304878
435.1538462	868.0769231
564.6388889	870.4444444
814.7	871.9
1087.474359	872.3717949
809.4307692	874.6461538
1037.972973	872.5675676
1060.857143	876.8571429
434.7647059	877.3235294
1091.244444	878
1021.325	879.625
444.5	880.3666667
1096.5	880.5
430.1315789	883.6052632
807.025641	884.2628205
793.5555556	884.2962963
1093.075269	886.5053763
812.0136986	889.0273973
1101.2	891.7111111
430.0666667	890.7333333
791.4035088	891.7017544
1091	892
1105.039171	910.8341014
428.1363636	897.6818182
769.7241379	892.8275862
433.6896552	895.5172414
808.7407407	897.6296296
1097.173913	899.9347826
1101.428571	900.0714286
792.64	903.92
743.8666667	905.7666667
806.3265306	909.755102
427.7391304	912.1630435
418.3346154	921.5961538
803.2777778	916.4166667
1107.333333	929.5
415.7565789	936.5
838.0952381	931.9166667
511.95	932.6
1110.797619	937.5595238
793.5238095	935.7619048
1036.669565	933.2608696
1103.619048	937.2063492
1036.446809	942.4893617
1032.208333	943.9166667
1045.142857	943.5714286
408.5	945.8333333
1026.774648	944.8028169
1099.321429	945.125
1104.3125	945.875
852.7931034	945.6896552
1112.425403	964.0927419
514.9883721	948.8372093
412.1382979	952.1382979
849.4	951.9142857
404.3275862	955.1206897
1039.125	956.1666667
971.3214286	956.6
411.3203884	961.7281553
840.9542484	970.4803922
401.4444444	965
949.0952381	965.2380952
440.6538462	968.3461538
420.1481481	967.7777778
409.2537313	969.0149254
434.3428571	969.3428571
413.5714286	973.3333333
907.5490196	975.2745098
418.53125	974.75
399.490566	974.6792453
405.1044776	977.7313433
412.7258065	979.9193548
1112.76	983.5
1121.769608	993.6372549
838.8695652	985.173913
515.56	986.6
400.7647059	988.372549
843.3296703	991.8571429
1116.108696	993.5
734.2413793	996
395.0865385	993.1153846
401.4761905	996.8333333
843	997.3846154
1024.108108	998.9459459
478.2	999.5894737
556.75	998.05
861.2592593	1000.925926
1024.268293	1004.731707
1030.3125	1002.395833
397.6034483	1003.706897
1114.48	1001.64
390.74	1006.84
1026.75	1010.136364
393.7594937	1013.594937
1035.380952	1008.785714
843.3095238	1011.809524
1120.978102	1015.492701
559.4	1013.15
1079.467742	1016.354839
784.6896552	1026.344828
798.75	1029.333333
787.0869565	1030.913043
1122.208219	1043
826.56	1032
387.0740741	1029.62963
785.2083333	1037.958333
831.5172414	1036.310345
827.08	1038.56
382.3636364	1038.636364
682.6956522	1040.26087
691.5	1038.666667
686.5	1041.272727
724.4891304	1042.293478
1116.923077	1045.692308
382.902439	1045.829268
685.52	1047.08
825.8974359	1046.897436
580.3809524	1050.571429
1111.021277	1052.574468
371.28	1056.22
380.2	1054.542857
565.14	1055
560.5714286	1060.714286
704.75	1061.291667
378.4657534	1062.986301
1128.729107	1073.639769
535.4166667	1068.133333
1014.916667	1068.25
372.95	1068.85
376	1073.157895
434.6565657	1073.959596
380.15	1073.7
384.6666667	1076.944444
777.3548387	1077.451613
1005.788235	1074.976471
443.5833333	1078.616667
724.95	1081.125
372.137931	1081.241379
765.8529412	1079.5
1000.020833	1081.166667
1006.372093	1082.465116
372.7352941	1087.264706
715.7142857	1086.042857
367.75	1088.833333
1132.199085	1110.869565
914.9	1096.128571
906.675	1095.7
691.3611111	1101.083333
1100.591837	1101.612245
1092.035714	1105.982143
720.7727273	1108.863636
803.0740741	1106.925926
891.1282051	1108.153846
772.77	1111.45
799.5454545	1113.090909
780.8888889	1114.703704
362.7866667	1119.333333
588.6944444	1121.25
1135.513043	1122.686957
690.5	1124.75
767.0540541	1124.675676
594.0517241	1126.948276
1132.111111	1131.833333
586.25	1130.964286
744.7	1131.55
768.92	1133.04
355.2692308	1136.769231
798.9545455	1136.136364
586.2424242	1138.393939
355.5	1144
869.1009174	1140.477064
1133.350649	1139.246753
729.375	1145.75
859.7236842	1145.526316
690.3958333	1147.354167
1130.793651	1165.705215
771.6388889	1150.75
868.7777778	1150.875
814.2444444	1153.777778
863.8636364	1151.363636
858.6634615	1155.759615
767.875	1155.583333
867.1538462	1156.846154
1128.543478	1155.434783
767.8611111	1160.638889
809.3548387	1161.387097
819.6470588	1159.803922
529.8378378	1165.972973
358.5940594	1166.277228
752.4567901	1166.567901
719.8971963	1173.934579
789.1666667	1170.357143
355.4090909	1173.227273
618.3333333	1172.666667
510.0333333	1177.6
354.8240741	1181.231481
764.1428571	1180.285714
596.140625	1173.84375
787.0183486	1180.944954
776.4861111	1182.791667
744.3291139	1184.734177
992.8571429	1184.142857
510.7619048	1185.619048
593.7017544	1185.894737
350.1851852	1189.296296
780.8571429	1188.607143
1129.045455	1191.079545
1089.815789	1190.210526
518	1194.62
595.6551724	1195.241379
1081.04	1193.24
709.5652174	1194.282609
1133.699248	1203.661654
821.075	1197.575
694.4782609	1199.826087
704.3466667	1200.84
1063.419355	1200.903226
1127.488889	1199.822222
391.5	1201.5
867.75	1207.75
350.9058824	1203.164706
493.975	1212.775
326.1666667	1217.5
709.7391304	1216.391304
349.6538462	1216.961538
813.7291667	1218.979167
1132.881818	1216.872727
722.1578947	1224.052632
769.7333333	1222.088889
654.1538462	1221.346154
1132.723684	1226.815789
820.7	1232
1131.517241	1232.689655
725.2413793	1234.482759
348.5555556	1236.416667
757.8333333	1239.533333
1134.835714	1242.392857
745.3076923	1239.153846
818.6666667	1241.727273
515.05	1246.1
1137.12093	1253.613953
525.1395349	1247.395349
327.5416667	1254.333333
383.8387097	1254.225806
896.2285714	1255.071429
651.1967213	1256.934426
651.0285714	1264.828571
787.7391304	1264.521739
778.2222222	1267.87037
784.6634615	1271.201923
890.6666667	1267.277778
1109.529412	1268.435294
753.9791667	1267.5
792.625	1268.40625
796.2820513	1272.25641
1091.769231	1272.307692
772.1896552	1274.758621
1146.459821	1268.964286
799.1269841	1281.259259
312.1923077	1277.346154
771.9642857	1280.535714
593.4285714	1281.285714
766.8636364	1281.181818
791.4074074	1280.851852
1147.576271	1282.881356
864.7	1281.833333
333.2432432	1281.891892
618.5217391	1285.304348
864.52	1285.92
645.3571429	1283.071429
769.6382979	1286.148936
996.2068966	1286.655172
333.5454545	1290.363636
1044.625	1289.9375
646.3488372	1291.44186
767.3928571	1291.821429
1020.142857	1292.809524
1143.647059	1292.691176
995.9565217	1295.26087
333.5714286	1297.142857
971.4166667	1298.708333
1037.875	1299.875
1149.6875	1296.571429
766.2580645	1300.032258
333.7142857	1303.178571
712.2380952	1304.095238
1039.714286	1305.619048
767.8529412	1305.5
1148.431579	1313.666667
714.0833333	1307.541667
746.7142857	1311.107143
634.2857143	1309.714286
707.9186047	1310.139535
857.3103448	1310.931034
715.5319149	1312.723404
771.7857143	1314.946429
691.2777778	1315.277778
752.6470588	1315.852941
712.7142857	1318.591837
693.1428571	1319.142857
329.9090909	1322.227273
705.5185185	1320
771.85	1322.7
641.8695652	1323.695652
776.9791667	1327.3125
1152.3861	1335.239382
343.6206897	1329.896552
635.1071429	1330.678571
726.4210526	1330.342105
728.3913043	1335.782609
783.2169312	1335.94709
805.1411765	1337.494118
513.7	1338.26
726.9666667	1342.033333
853.6285714	1341.171429
1153.428571	1346.035714
288.2857143	1344.5
805.7090909	1347.145455
276.6521739	1348.869565
797.0223881	1351.58209
280.490566	1352.773585
785.5555556	1353.333333
497.9230769	1352.653846
638.4	1350.888889
502.6538462	1354.115385
789.9583333	1354.3125
801.3793103	1359.034483
805.8	1358.96
642.9565217	1359.478261
796.9818182	1362.6
322.4285714	1361.619048
1157.309278	1359.443299
708.5	1362.214286
456.516129	1363.516129
1155.025641	1366.487179
322.6153846	1367.942308
1156.439394	1372.242424
1047.666667	1371.393939
321.3902439	1376.268293
847.9615385	1375.666667
1151.27027	1378.189189
530.44	1376.94
1024.605263	1380.631579
545.0520833	1384.614583
319.4736842	1387.710526
1077.217391	1390.347826
1152.716418	1395.820896
770.3214286	1400.178571
611.9230769	1403.115385
1150.612245	1407.265306
318.9166667	1409.416667
427.6956522	1409.304348
767.5076923	1409.384615
821.3108108	1416.040541
763.3095238	1414.047619
1153.029851	1423.477612
764.0722892	1421.313253
772.1875	1420.895833
962.7692308	1419.692308
960.8636364	1425.772727
1152.875	1433.055556
316.468254	1430.801587
386.09375	1437
312.2608696	1439.26087
922.3428571	1442.885714
327.0909091	1444.30303
1152.377143	1447.948571
308.5555556	1447.111111
877.3035714	1453.267857
485.75	1455.75
627.1315789	1458.447368
1026.083333	1459.694444
1021.166667	1462.833333
881.952381	1461.873016
911.106383	1464.425532
306.3738318	1467.233645
614.6	1468.7875
1148.844444	1465.725926
840.047619	1473.285714
837.4583333	1470.958333
907.8181818	1472.030303
306.4642857	1477.714286
832.3670886	1477.987342
909.4	1478
1087.977778	1480.777778
721.9305556	1483.180556
856.6545455	1482.036364
1150.307692	1481.009615
445.875	1483.333333
311.7714286	1486.657143
729.3744292	1490.621005
917.745098	1486.862745
797.1470588	1490.862745
846.1481481	1486.185185
305.0119048	1490.821429
1010.111111	1487.511111
903.32	1489.76
806.2741935	1489.112903
783.3870968	1491.903226
800.7297297	1493.405405
790	1496.846847
678.2333333	1496.966667
805.0106383	1498.691489
944.3673469	1500.265306
1152.539326	1496.213483
723	1501.681818
733.9032258	1501.451613
300.974359	1502.74359
910.0952381	1502.809524
433.0909091	1504.909091
731.0241935	1506.637097
686.2903226	1507.354839
1151.371795	1508.589744
740.9245283	1510.830189
804.8064516	1507.516129
943.8636364	1510.113636
967.8965517	1509.413793
321.7307692	1509.846154
793.8121827	1508.48731
306.6896552	1511.689655
607.9047619	1512.52381
659.05	1511.7
925	1511.5
302.6238532	1508.770642
340	1512.25
368	1514.329114
612.6046512	1513.395349
377.9041096	1514.205479
352.9142857	1516.714286
694.4864865	1517.351351
307.2952381	1517.847619
733.7540984	1520.032787
1036.619048	1520.571429
1150.813187	1521.010989
793.4295302	1522.932886
297.7234043	1525.191489
1153.564103	1530.025641
453.5909091	1531.590909
1038.208333	1533.125
294.5681818	1533.545455
678.9166667	1534.166667
293.88	1539.56
744.4516129	1541.129032
417.92	1542.76
770.1486486	1543.013514
753.9142857	1541.257143
293.5185185	1545.333333
709.8536585	1548.02439
1154.069767	1542.310078
642.5757576	1549.757576
291.4074074	1551.703704
1153.239796	1558.576531
738.1666667	1552.233333
367.8695652	1555.565217
395.9310345	1550.931034
398.483871	1555.129032
467.15	1554.55
640.8536585	1555.439024
732.3513514	1554.810811
383.5	1558.453333
478.0333333	1561.333333
286.9166667	1558.805556
734.9375	1562.109375
741.9487179	1563.307692
397.4516129	1562.677419
399.8571429	1566.071429
404.1272727	1571.127273
523.4186047	1570.72093
290.7142857	1570.392857
604.1636364	1570.527273
737.0384615	1570.897436
1155.018349	1577.100917
976.6585366	1576.243902
288.1148325	1581.124402
655.7090909	1579.745455
1063.09375	1582.15625
1152.5	1584.645833
1067.969697	1583.757576
788.4615385	1589.641026
1156.612613	1594.792793
1005.65	1597.7
788.9081633	1599.22449
291.3	1599.3
287.4237288	1601.169492
789.030303	1610.166667
1158.8	1609.463158
1140.409091	1609.954545
705.5833333	1614.083333
983.8478261	1614.326087
978.1515152	1614.848485
288.7903226	1616.564516
759.8214286	1623.5
294.6578947	1625.078947
796.0769231	1627.589744
698.380531	1626.362832
708.5140187	1624.331776
1141.609756	1626.804878
789.32	1628.906667
291.1864407	1631.220339
794.0178571	1635.303571
865.0338983	1635.389831
528.3548387	1635.887097
743.28	1635.44
1138.927083	1635.822917
800.0151515	1635.515152
377.1875	1636.6875
719.1590909	1635.295455
289.8064516	1638.129032
1157.067485	1641.027607
696.8928571	1642.571429
749	1642.16129
290.8421053	1643.5
290.7532468	1650.207792
495.0952381	1648.333333
699.5517241	1650.758621
723.9583333	1650.666667
822.1290323	1653.935484
715.7058824	1652.294118
704.3809524	1655.02381
749.3627451	1655.352941
638.6666667	1656.875
381.7391304	1662.76087
821.16	1663.12
353.25	1662.794118
706.1923077	1664.115385
360.6086957	1666.086957
291.5773196	1666.113402
1154.304054	1666.277027
286.1463415	1669.121951
708.2368421	1676.078947
1151.78022	1678.208791
753.0833333	1676.666667
718.6470588	1676.235294
287.3292683	1677.902439
715.0731707	1679.121951
1144.914286	1683.514286
714.4901961	1683.627451
814.8035714	1685.571429
700.7142857	1685.428571
1151.904762	1686.904762
289.9827586	1686.827586
531.8717949	1691.487179
1145.377358	1688.943396
524.0272727	1691.890909
285.8095238	1693
715.8571429	1693.333333
1002.190476	1695.428571
1139.785714	1691.428571
289.2916667	1695.375
1146.038462	1697.807692
665.6785714	1697.75
617.2058824	1701.294118
628.8571429	1700.693878
785.3103448	1704.62069
662.2857143	1707.428571
667.8470588	1707.482353
1141.041494	1708.053942
405.3571429	1709.892857
321.6538462	1709.807692
987.8316832	1710.277228
777.4626866	1712.791045
328.0714286	1714.964286
765.9117647	1716.705882
1049.228261	1716.206522
285.3333333	1720.458333
1135.205882	1721.617647
586.68	1726.32
283.2857143	1725.2
715.4035088	1727.385965
804	1727.214286
854.3953488	1729.372093
1141.151163	1728.604651
285.8271605	1734.444444
839.7375887	1734.283688
852.25	1736.083333
1143.571429	1738.447619
847.3703704	1740.888889
716.3636364	1740
809.9347826	1741.5
1149.388889	1742.814815
283.9142857	1744.2
1096.244444	1743.644444
1111.666667	1752.333333
1147.789916	1751.210084
1139.517241	1753.172414
628.5888889	1754.788889
1107.714286	1757.964286
1153.179372	1771.560538
288.0333333	1762.95
474.5135135	1765.216216
802.7346939	1764.183673
1149.634615	1763.653846
642.6764706	1765.852941
292.6315789	1769.973684
569.84	1770.6
767.1612903	1772.193548
685.2105263	1774.184211
714.8453608	1777.216495
803.6376812	1777.144928
1055.421875	1778.5625
771.7407407	1778.962963
288.3518519	1781.703704
606	1786.375
287.5714286	1788.52381
572.2972973	1785.351351
1116.103448	1788.172414
1150.168831	1788
283.2777778	1788.972222
292.3414634	1790.170732
730.0178571	1790.571429
830.65	1794.4
774.5	1794.727273
280.5098039	1799.176471
288.8130841	1796.635514
592.5873016	1797.968254
712.6022727	1799.386364
851.0306122	1801.642857
1148.669014	1799.514085
505.6190476	1800
720.8	1801.177778
364.4137931	1802.482759
1103.731343	1803.731343
576.2666667	1803.333333
450.0151515	1804.030303
395.9411765	1806.764706
607.4482759	1807.37931
288.81	1804.78
575.8684211	1810.657895
721.8137255	1809.833333
749.4285714	1808.628571
290.8181818	1812.563636
671.8809524	1811.166667
636.2615385	1810.507692
1146.054054	1812.013514
592.7941176	1812.176471
608.4814815	1813.222222
295.9873418	1813.202532
583.0862069	1816.155172
1144.304348	1816.217391
564.4090909	1819.151515
290.75	1819.875
555.9272727	1818.145455
674.275	1820.3
561.2121212	1822.545455
777.5555556	1821.481481
348.3354037	1825.993789
1143.634146	1823.97561
286.0222222	1822.555556
553.7980769	1826.961538
793.7333333	1826.533333
282.4285714	1827.714286
288.8965517	1826.586207
816.4411765	1828.117647
279.3703704	1832.592593
1136.125	1832.625
592.84	1832.32
310.4	1835.68
359.1111111	1833.962963
374	1836.27027
623.3770492	1833.508197
1144.169811	1833.358491
651	1836.904762
281.2626263	1840.878788
368.9032258	1839.032258
550.3076923	1837.615385
645.2083333	1838.875
873.625	1840.208333
1057.5	1838.3
544.3043478	1838.956522
655.875	1840.125
622.2285714	1840.342857
1147.546667	1848.646667
716.88	1842.44
875.6	1842.95
906.0645161	1843.935484
547.7105263	1844.776316
664.2317073	1846.317073
578.8387097	1845.903226
1143	1849.173913
516.5	1848.875
762.4831461	1846.921348
541.5	1847.519231
288	1849.136364
856.5882353	1849.745098
791.1538462	1850.725275
545.5	1853
612.2121212	1853.424242
780.5862069	1851.896552
865.6037736	1853.415094
763.0606061	1857.5
860.7777778	1856.111111
754.1962617	1856.700935
1151.520833	1859.1875
504.3478261	1859.73913
784.12	1859.7
794.3333333	1858.638889
942.0526316	1858.157895
277.5031447	1857.767296
1085.643411	1860.596899
948.0740741	1861.074074
1157.548387	1861.322581
758.55	1863.15
800.3404255	1864.425532
280.9315068	1867.506849
946.3559322	1867.542373
768.6415094	1867.075472
340.3870968	1866.354839
994.3555556	1867.866667
796.5	1867.2
1162.416149	1873.881988
763.8	1868.542857
760.1333333	1871.733333
782.9142857	1871.942857
602.9333333	1874.555556
595.4385965	1875.719298
278.0410959	1878.205479
783.1071429	1879.392857
274.1363636	1883.954545
949.826087	1887.130435
1166	1887.688525
1168.368421	1893.236842
284.8823529	1894.235294
647.24	1897.04
1162.133333	1895.355556
1168.774194	1897.548387
277.954023	1899.471264
707.1666667	1901.083333
1168.584615	1904
676.6956522	1907
821.15	1907.225
277.8125	1908.666667
906.1259259	1913.251852
820.3548387	1913.935484
851.0392157	1912.803922
915.3809524	1914.52381
853.25	1917.541667
1163.759162	1921.963351
690.0344828	1921.413793
810.8148148	1928.111111
280.7037037	1931.703704
661.5227273	1934.045455
1156.747368	1934.273684
933.5333333	1936.755556
1116.373239	1930.478873
646.1363636	1934.659091
938.6511628	1937.883721
665.3461538	1939.269231
723.5540541	1936.945946
844.4193548	1943.387097
446	1941.25
713.0057471	1940.637931
1148.054054	1942.567568
726.3571429	1944.52381
1125.681159	1944.666667
703.3787879	1947.545455
720.15625	1945.9375
931.8285714	1946.742857
708.1428571	1948.880952
646.3846154	1950.576923
1154.899083	1947.027523
715.45	1953.225
852.2424242	1952
930.8	1952.68
724.59375	1954.984375
772.8169014	1952.830986
1134.564706	1956.035294
1154.941176	1955.647059
574.7608696	1955.456522
277.5	1956.647059
766.125	1955.725
717.608	1965.108
774.1030928	1960.350515
1155.951049	1964.867133
704.3394495	1960.449541
1083.470588	1963.447059
380.25	1964.678571
640.8888889	1964.301587
1078.787234	1966.446809
274.9	1965.7
453.7419355	1966.709677
763.4878049	1965.329268
913.5652174	1966.869565
1163.84375	1969.760417
298.6666667	1970
851.3536585	1967.512195
725.0967742	1974.967742
1171.065868	1979.053892
618.3695652	1975.043478
715.5833333	1973.916667
536.173913	1977.434783
1083.136364	1976.151515
705.2830189	1974.603774
718.8571429	1980.228571
704.776699	1986.621359
723.2857143	1982.714286
278.037037	1983.074074
712.9545455	1981.272727
1108.481481	1985.111111
473.1710526	1988.756579
534.36	1985.44
716.7586207	1988.103448
770.7869822	1991.017751
714.6470588	1993.098039
683.5151515	1992.818182
721.9487179	1991.076923
275.4561404	1993.561404
723.5227273	1997.318182
766.8518519	1996.444444
869.65	1996.7
1177.624521	1997.471264
686.9090909	1998.818182
275.483871	2000.193548
672.9545455	2000.363636
769.3695652	2003.086957
717.0666667	2002.477778
273.2622951	2006.836066
935.5238095	2005.619048
927.6190476	2005.920635
689.2580645	2010.516129
267.3432836	2007.462687
569.7169811	2011.622642
1182.135593	2016.864407
265.2222222	2020.222222
567.6231884	2022.942029
266.1219512	2029.585366
626.0454545	2030.488636
1046.307692	2028.807692
1184.787234	2028.319149
1169.189189	2028.837838
793.4666667	2033
694.6666667	2031.458333
1040.608696	2032
636.2272727	2032.659091
547.1232877	2031.479452
694.6666667	2035.666667
1186.24	2036.96
785.9266055	2035.688073
1022.615385	2038.666667
622.9298246	2041.140351
1137.842105	2041.5
266.5757576	2041.484848
542.8275862	2041.103448
791.1388889	2041.194444
315.5238095	2046.904762
1187.128205	2049.320513
265.08	2049.84
877.673913	2052.608696
261.7674419	2053.348837
621.4166667	2051.416667
640.4230769	2054.192308
278.173913	2054.73913
617.6521739	2059.057971
667.0666667	2056.888889
259.7777778	2058.925926
639.9302326	2062.395349
258.6233766	2067.350649
1186.153846	2067.950549
920.8157895	2070.833333
344	2075.956522
258.12	2078.24
257.0943396	2085.54717
569.4848485	2085.181818
573.8333333	2087.958333
262.6086957	2089.130435
1182.038462	2098.6
1083.155556	2104.2
863.6716418	2106.671642
1074.901961	2106.078431
870.4285714	2106.326531
604.3235294	2109.558824
1180.871287	2111.069307
863.78	2113.98
331.2222222	2115.111111
716.6470588	2115.352941
878.6666667	2116.764706
1147.631579	2119.276316
886.6842105	2120.824561
1183.366972	2123.825688
1181.076923	2130.461538
428.6	2128.35
872.4347826	2130.391304
645.1111111	2131.666667
813.8181818	2132.090909
255	2134.333333
696.0588235	2136.882353
765.9677419	2137.096774
797.4	2136.833333
241.3181818	2139.272727
882.2	2140.3
1186.177215	2140.734177
876.2444444	2140.088889
616.7272727	2145.311688
254.3809524	2144.285714
888.3916667	2146.008333
1188.474359	2151.358974
797.6590909	2149.590909
655.1785714	2155.071429
274.4489796	2157.938776
351.9285714	2162.285714
632.6857143	2168.228571
676.3265306	2177.938776
628.1290323	2181.516129
256.0212766	2186.276596
1169.557522	2188.707965
1157.146067	2191.089888
734.8695652	2199.23913
251.962963	2199.925926
595.8024691	2203.703704
235.0277778	2205.333333
681.3809524	2205.119048
244.7636364	2218.763636
244.7714286	2226.285714
1135.037037	2228.407407
1182.979381	2232.536082
358.2903226	2232.709677
274.8666667	2235.4
239.8101266	2243.113924
1141	2240.666667
1161.916667	2239.875
631.5416667	2244.708333
1152.632258	2244.458065
1045.970414	2247.887574
236.125	2253.208333
934.1780822	2255.493151
447.95	2255.85
627.3870968	2255
1186.534884	2253.55814
1119.75	2254.416667
1112.55	2257.25
1183.703704	2260.592593
625.8214286	2261
668.5	2259.916667
743.4074074	2260.259259
211.8965517	2259.517241
408.8076923	2262.5
928.2222222	2262.911111
929.8139535	2267.069767
761.6756757	2264.405405
1188.53913	2268.669565
255.6470588	2265.205882
207.2727273	2267.590909
1025.153846	2269.346154
292.6176471	2272.75
1192.202703	2279.067568
250.4	2275.4
928.5384615	2275.769231
232.5754717	2287.037736
500.1428571	2284.142857
742.225	2284.3
1167.357143	2286.660714
1115.95	2286.9
1194.932432	2291.040541
503.45	2290.7
206.7142857	2296.678571
1197.291667	2299.104167
1172.425	2296.25
1199.864407	2306.915254
402.6153846	2303.596154
615.25	2307.083333
777.875	2307.28125
1181.870588	2312.729412
241.5	2317.5
314.962963	2321.666667
901	2320.220339
1206.460784	2321.558824
288.7692308	2325.115385
1009.319149	2325.425532
1004.884615	2330.25
910.3076923	2331.153846
1211.341615	2336.881988
999.1875	2331.854167
994.9615385	2336.769231
863.8823529	2340.205882
1212.8125	2352.375
848.0689655	2358.172414
1213.444444	2358.888889
1208.897959	2360.77551
790.75	2361.964286
225.3614458	2362.771084
749.3333333	2364.583333
799.5833333	2366.25
924.6571429	2367.942857
1013.166667	2372.277778
1174.541667	2371.333333
801.8461538	2373.076923
345.28	2374.28
553.5	2373.776316
1209.772222	2374.438889
242.3829787	2377.765957
913.1276596	2376
762.4782609	2379.086957
767.7619048	2380.142857
860.7777778	2379.407407
223.1714286	2384.571429
908.8648649	2387
767.1666667	2388.958333
739.9553571	2392.401786
757.2021277	2390.808511
1214.157895	2388.921053
221.2181818	2391.454545
694.5517241	2392.827586
1213.074074	2398.222222
751.4318182	2401.477273
1118.070423	2402.042254
735.0967742	2403.193548
771.7037037	2406
221.5142857	2410.142857
758.9518072	2409.542169
833.7142857	2408.47619
769.6166667	2411.133333
1213.787234	2411.106383
220.969697	2417.454545
937.32	2418.76
762.71875	2418.25
1215.391304	2422.434783
609.96	2422.12
616.3589744	2421.307692
220.7272727	2425.409091
933.8070175	2424.140351
805.1666667	2428.208333
1220.345679	2427.62963
751.6470588	2434.564706
224.5	2435.607143
376.1578947	2438.394737
732.2739726	2439.30137
368.3469388	2438.918367
745.0676692	2442.330827
1226.438356	2442.39726
704.9565217	2444.130435
217.3636364	2444.376623
723.53125	2444.125
675.2244898	2444.346939
645.6666667	2452.181818
222.4782609	2453.173913
214.8923077	2453.876923
508.8611111	2455.527778
214.2121212	2460.606061
210.5	2466.2
1222.380952	2465.809524
681.15625	2468.0625
686.6	2469.85
1003.935484	2469.290323
680.5526316	2475.289474
925.08	2477.4
1147.05	2479.25
874.525	2485.225
212.234375	2487.5
236.0434783	2498.478261
685.65	2504.55
682	2506.111111
427.1851852	2509.296296
228.7073171	2513.878049
1221.568182	2513.795455
795.8656716	2515.41791
1224.758621	2522.793103
370.8684211	2523.289474
879.6829268	2524.073171
780.5	2525.1
453.9117647	2526.911765
458.4074074	2529.851852
703.4864865	2530.918919
792.8627451	2531.254902
1225.115385	2532.346154
837.55	2535.1
836.8846154	2541.461538
1234.2	2545.2
886.754386	2547.017544
1105.190141	2548.309859
992.2083333	2548.625
1095.137931	2549.431034
1233.12	2550.56
350.5	2552.458333
867.6111111	2550.75
281	2553.272727
788.0416667	2558.208333
801.1724138	2558.689655
880.875	2562.166667
556.2040816	2562.285714
593.2272727	2562.318182
669.877193	2564.105263
752.826087	2565.217391
800.8666667	2565.933333
760.2079208	2570.158416
194.3548387	2572.774194
1199.633333	2574.266667
765.5	2579.125
905.2758621	2579.655172
752.3478261	2582.434783
768.4166667	2584.916667
1196.5	2586
330.4347826	2589.217391
753.483871	2589.419355
627.28	2591.52
281.3913043	2590.956522
979.1	2593.44
352.7727273	2597.568182
1235.217391	2598.652174
201.1764706	2598.941176
765.5757576	2605.454545
771.4782609	2612.391304
953.275	2612.5
848.5	2615
363.3709677	2619.532258
191.0322581	2621.483871
303.3617021	2623.829787
447.6875	2628.3125
293.8571429	2628.964286
188.9193548	2627.693548
839.4677419	2632.129032
1234.733333	2631.433333
491.3	2631.7
916.1692308	2627.05
1167.301887	2635.54717
188.3728814	2641.288136
961	2643.531915
311.0980392	2644.156863
1218.952381	2645.904762
1237.566667	2646.183333
955.6285714	2648.885714
1209	2647.125
1126.935484	2650.483871
1137.291667	2650.666667
1115.689655	2653.241379
850.8108108	2653.513514
1098.741935	2654.580645
1108.228571	2654.342857
526.75	2657.583333
852.137931	2659.034483
1101.703704	2657.740741
703.8613139	2663.160584
789.8545455	2661.2
1092.8	2659.76
853.9166667	2664.5
1087.568182	2659.75
181.2820513	2662.589744
1078.849315	2662.232877
1083.333333	2663.047619
783.5454545	2664.060606
1070.804878	2665.243902
549.68	2665.68
1063.363636	2666.681818
277.3589744	2667
858.3269231	2665.442308
185.5	2667.85
795.7	2667.9
176.8	2668.6
862.125	2669.958333
719.1956522	2671.869565
790.6111111	2672.166667
1132.590909	2672.477273
1241.541284	2665.458716
183.8536585	2674.341463
539.24	2674.48
726.8333333	2675.574074
1243.194444	2677.611111
909.5090909	2680.436364
195.4107143	2683.125
1244.396226	2685.981132
906.875	2685.0625
799.9158879	2686.485981
174.4133333	2690.026667
195.6052632	2688.368421
366.4285714	2689.5
736.6760563	2691.971831
683.8977273	2697.022727
803.952381	2694.555556
1247.933333	2697.088889
810.9	2701.8
1098.771429	2704
177.8181818	2703.772727
878.6785714	2703.892857
855.6521739	2707.652174
1083.777778	2709.677778
1250.084507	2705.887324
166.3835616	2708.643836
848.9230769	2708
852.7142857	2710.047619
841.9	2712.275
741.3703704	2712.185185
294.65	2715.2
1073.888889	2714.611111
164.6078431	2716.823529
1240.4	2718.1
846.8636364	2720.068182
1252.09375	2721.28125
742.3076923	2722.538462
517.625	2723.75
162.3157895	2726.333333
850	2726.346939
681.4	2723.725
925.0588235	2728.588235
530.4210526	2734.078947
577.3448276	2732.448276
159.0804598	2736.425287
504.962963	2734.296296
680.7446809	2738.680851
743.1388889	2735.638889
1168.529412	2735.441176
153.35	2741.95
1167.0625	2744.5125
889.9588235	2744.9
159.969697	2744.727273
739.9583333	2745.625
154.8684211	2746.710526
398.5714286	2749.085714
679.5517241	2750.482759
156.7230769	2754.092308
398	2754.9
679.5862069	2757.965517
879.6904762	2757.095238
736.3913043	2759.76087
829.28	2761.28
153.0357143	2761.892857
516.6875	2762.0625
975.2638889	2761.013889
421.2857143	2765.952381
880.245614	2764.526316
733.2291667	2768.5
677.7636364	2770.472727
429.173913	2770.043478
365.5652174	2772.608696
882.8543689	2772.776699
1256.553398	2774.572816
895.9677419	2778
890.8235294	2781.676471
676.8181818	2786.545455
731	2784.34
833.7083333	2787.083333
151.7714286	2789
714.7848101	2790.544304
496.1515152	2792.030303
697.3541667	2792.041667
703.4642857	2790.75
145.2307692	2792.076923
686.3809524	2793.428571
690.92	2792.68
728.4242424	2792.242424
862.7424242	2793.409091
858.7	2795.7
546.92	2796.96
141.0740741	2795.814815
547.3461538	2802.525641
1000.313725	2801.058824
138.2058824	2806.176471
887.4358974	2811.051282
1261.436364	2811.072727
897.1666667	2817.291667
135.9489796	2815.244898
130.2258065	2820.129032
823.4875	2820.35
795.0857143	2819.257143
1265.979167	2819.5
499.7291667	2821.958333
814.765625	2822.015625
927.7714286	2822.142857
804	2822.333333
128.8529412	2824.529412
795.7857143	2824.75
809.1525424	2829.016949
658.5740741	2828.296296
122.9454545	2828.818182
208	2829.966667
821.5849057	2828.471698
1204.217391	2830.26087
850.125	2831.333333
510.0666667	2833.9
152	2835.086957
127.2897527	2837.742049
152.7575758	2842.484848
830.9642857	2844.821429
927.8598131	2846.046729
116.5066667	2850.613333
850.4	2848.386667
161.8636364	2851.090909
210.7931034	2853.310345
157.3611111	2857.277778
253.8076923	2856.096154
1141.394737	2857.763158
259.8181818	2858.272727
541.1153846	2859.153846
1135.904762	2858.285714
114.4090909	2859.545455
295.05	2858.75
415.6056338	2860.619718
808.2666667	2860.166667
1082.888889	2865.138889
1078.625	2865.375
566.7435897	2866.461538
1074.571429	2865.857143
115.7083333	2867.041667
1070.333333	2870.619048
914.2321429	2873.142857
773.2941176	2873.088235
803.5588235	2874.029412
860.826087	2873.26087
149.4375	2874.5
1053.459459	2874.486486
1202.882353	2875.058824
1036.714286	2874.246753
1043.852459	2880.254098
688.2916667	2877.041667
1065.627119	2879.186441
1051.225806	2879.806452
1254.486339	2883.934426
925.94	2879.62
1057.039474	2881.197368
1074.927835	2885.113402
1082.413793	2887.206897
107.1041667	2884.979167
1069.324176	2892.824176
813.775	2891.325
1088.810811	2889.297297
1258.471698	2893.528302
388.9090909	2893.242424
1019.142857	2897.285714
1087.397196	2895.439252
1260.272727	2899.590909
1078.545455	2898.969697
821.4375	2902.625
1080.588235	2905.788235
1255.070922	2904.950355
881.1298701	2908.012987
971.2222222	2906.308642
753.4963504	2907.211679
762.9305556	2904.875
964.85	2908.3
104.2857143	2908.857143
910.6376812	2910.797101
1176.405797	2910.927536
1075.152174	2913.369565
919.7241379	2915.344828
1253.8	2915.766667
716.902439	2917.073171
103.6101695	2916.508475
1257.307692	2919.076923
271.64	2920.76
268.1818182	2921.454545
719.25	2921.535714
776.6415094	2922.981132
771.7765957	2918.851064
1012.162162	2922.121622
812.5652174	2923.565217
1073.867647	2927.014706
745.6759259	2924.87037
809.952381	2928.142857
1057.909747	2933.953069
1256.617647	2931.794118
1252.555556	2932.805556
771.7878788	2930.151515
1133.171429	2931.571429
339.1190476	2934.5
838.5294118	2937.019608
1073.3875	2935.8
1080.416667	2937.75
1040.979592	2937.816327
97.87755102	2939.326531
778.4915254	2935.79661
787.3488372	2940.581395
1011.722892	2941.144578
1067.434783	2940.217391
743.6829268	2940.487805
1028.441558	2940.948052
1249.8	2941.971429
1062.208333	2944.458333
94.13924051	2946.772152
246.8571429	2946.52381
988.5263158	2945.915789
1243.337079	2951.106742
1110.319672	2947.540984
1021.722892	2952.084337
614.5	2951.875
92.55737705	2955.04918
411.25	2954.428571
683.76	2955.04
1234.9	2955.1
736.9883721	2958.209302
813.7142857	2957.163265
1240.532258	2958.370968
865.5	2962.5
1059.969697	2963.878788
783.25	2967.659091
1239.016575	2969.994475
733.3333333	2969.555556
777.28125	2971.28125
296.95	2974.675
916.3050847	2972.508475
1070.384615	2971.769231
735.2631579	2973.631579
910.8970588	2976.323529
732.047619	2981.015873
1225.8	2980.222222
1086.054545	2979.612121
1218.534884	2985.674419
657.15	2985.3
1209.888889	2989.925926
87.76470588	2988.329412
1237.40625	2990.875
690.9411765	2993.617647
732.625	2992.625
775.9736842	2995.763158
700.4565217	2996.217391
827.5	2995.8
695.952381	2997.714286
1165.805556	2998.375
830.5714286	2999.333333
733.3913043	3000.217391
499.7118644	3002.169492
770.6304348	2995.413043
1232.05	3001.25
694.7692308	3005.282051
1170.6	3005.95
768.3793103	3007.310345
796.4883721	3011.093023
1171.104167	3010.9375
190.3333333	3012.897436
732.5714286	3013.619048
952.75	3018.875
104.0576923	3022.865385
766.6190476	3025.142857
769.5595238	3020.880952
871.6285714	3024.942857
953.9	3028.45
724.9295775	3029.352113
103.6	3033.3
642.8571429	3033.666667
82.9	3034.85
766.6216216	3034.756757
732.0652174	3035.684783
861.0909091	3035.909091
908.3103448	3038.827586
960.2727273	3039.772727
914.2258065	3041.290323
863.1458333	3043.479167
761.537037	3046.635802
774.3125	3042.125
737.3714286	3045.371429
912.127907	3046.744186
81.39473684	3047.921053
743.016129	3047.612903
734.72	3050.2
797.28125	3051.875
748.9	3050.8
909.483871	3052.83871
977.9166667	3053.25
734.3448276	3056.586207
752.4	3058.15
727.75	3059.78125
797.6071429	3062.107143
760.7118644	3059.161017
726	3066.241379
750	3066.5
81	3068.5
680.7333333	3068.966667
76.62295082	3069.196721
1044.422222	3070.622222
753.6923077	3070.820513
785.3783784	3071.648649
796.8529412	3072.735294
639.1923077	3073.807692
187.4347826	3077.717391
799.1666667	3076.5
792.2333333	3076.266667
697.2372881	3077.728814
849.75	3076.730769
1239.777778	3075.407407
74.15789474	3080.684211
911.7884615	3081.423077
738.575	3082.725
1235.107143	3081.964286
865.5862069	3082.586207
736.2173913	3087.434783
1246.607143	3089.633929
795.7027027	3088.675676
862.45	3088
815.9354839	3093.548387
68.9	3093.46
69.95454545	3100.386364
767.9571429	3101.485714
870.2702703	3101.648649
1253.454545	3101.136364
76.75	3103.40625
807.0645161	3104.580645
1251.190476	3104.571429
72.2972973	3107
820.635468	3109.034483
1249.490909	3109.472727
779.7727273	3111.136364
1182.136364	3110.818182
69.25925926	3110.777778
75.82926829	3112.804878
693.6176471	3115.352941
71.42553191	3117.914894
347.8	3117.066667
1122.782609	3117.130435
1251.953488	3119.27907
1259.275	3122.1
352.5769231	3125.307692
736.3666667	3127.933333
1260.125	3126.825
152.7647059	3129.205882
67.89285714	3132.571429
805.7	3131.75
823.4347826	3133.956522
802	3134.904762
1264.141176	3136.647059
269.45	3140.25
1164	3140.12766
66.68421053	3140.210526
848	3144
1264.981818	3148.890909
794.1714286	3146.771429
800.4354839	3142.451613
413.978022	3146.274725
820.6944444	3144
729.7	3149.471429
64.575	3148.45
801.1910112	3153.370787
810.6363636	3153.686869
62.45454545	3154.848485
840.734375	3157.828125
1266.344828	3159.293103
61	3159.860465
733.9655172	3156.827586
65.5	3162.2
738.6494845	3161.278351
725.4262295	3158.819672
59.83928571	3166.321429
97.50909091	3166.490909
199.0952381	3166.333333
433.2	3167.72
895.1014493	3166.57971
629.2272727	3174
56.80645161	3175.612903
55.73529412	3179.970588
685.3076923	3182.230769
49.94520548	3184.835616
175.8888889	3183.703704
1248.517241	3186.586207
91.39130435	3188.043478
210.6818182	3189.818182
846.952381	3190.238095
50.50704225	3192.352113
52.79411765	3197
1263.555556	3201.972222
51.06944444	3204.958333
158.75	3206.95
50.35897436	3213.230769
137.5555556	3214
183.9230769	3216.423077
761.59375	3216.4375
84.5	3219.041667
187.7567568	3219.675676
778.9722222	3219.694444
835.1	3219.95
754.1698113	3223.471698
796.7619048	3219.642857
923.5	3220.47619
47.57142857	3223.931677
772.8392857	3222.642857
781.7586207	3225.551724
579.3467742	3230.854839
337.1604938	3230.555556
48.58333333	3233.888889
43.92982456	3237.175439
753.173913	3237.652174
777.5135135	3237.432432
863.56	3237.32
92.97435897	3237.871795
1129.096154	3240.096154
662.7159091	3242.806818
781.0666667	3242.566667
668.4594595	3242.513514
1135.914286	3242.542857
1178.714286	3245.642857
181.6	3247.95
43.68874172	3248.582781
779.4038462	3250.403846
1014.291667	3252.25
499.25	3252.1
785.6176471	3254.264706
453	3255.5
496.3	3256.25
789.0784314	3257.235294
775.3111111	3259.411111
783.9818182	3263.618182
1037.615385	3263.423077
64.81818182	3265.590909
41.88202247	3268.589888
776.9666667	3269.9
782.5925926	3268.666667
790.4242424	3273.393939
714.6	3274.7
710.6666667	3275.5
781.3888889	3281.166667
41.29032258	3280.193548
713.9736842	3281.394737
1248.95	3280.1
237.1351351	3280.351351
448.7142857	3283.892857
445.0666667	3285.466667
41.8974359	3286.333333
38.09090909	3290.909091
151.4761905	3291.904762
275.88	3294.08
269.6666667	3296.037037
68.10714286	3296.964286
874.8076923	3299
284.4285714	3300.666667
1203.772727	3298.181818
36.70454545	3300.795455
429	3303.172414
752.5925926	3302.592593
1209.181818	3303.954545
1133.588235	3304.152941
35.28125	3308.9375
473.2340426	3307.170213
876.1494253	3311.689655
1145.653061	3308.387755
1216.24	3310.84
405.7	3318.8
785.125	3318.166667
539.3478261	3319.550725
1219.954545	3319
399.6727273	3320.581818
34.42222222	3322.044444
394.9026549	3327.849558
157.0869565	3325.565217
403.4634146	3327.682927
388.5285714	3327.042857
469.7714286	3327.2
1229.108696	3329.652174
33.90697674	3331.418605
85.8	3334.633333
267.9756098	3334.731707
383.4222222	3334.933333
455.8	3333.633333
76.27272727	3336.090909
119.5	3336.5
988	3336.2
1079.342105	3337.078947
489.92	3337.84
1000.090909	3338.863636
31.78571429	3339.9
454.6	3338.5
539.75	3340.472222
934.1521739	3339.108696
375.4859813	3341.64486
1018.009804	3341.333333
785.8636364	3343.636364
1043.051282	3343.871795
362.5882353	3348.022059
1029.428571	3343.952381
1035.222222	3343.511111
1057.505208	3349.786458
351.3972603	3349.630137
32.36363636	3350.772727
469.875	3350.666667
855.1538462	3352.346154
347.734375	3354.890625
1074.76	3355.32
492.3	3360.5
968.4444444	3360.703704
451.9583333	3360.666667
30.80851064	3361.574468
827.3018868	3363.660377
251.6666667	3363.407407
1154.814815	3363.814815
29.02380952	3367.738095
322.3152174	3366.891304
886.5833333	3369.222222
939.3703704	3368.592593
927.8367347	3369.122449
311.1333333	3369.966667
968.8730159	3371.888889
1201.086957	3372.26087
444.3953488	3371.488372
760.9	3374.3
908.9534884	3373.27907
526.2179487	3372.666667
531.6506024	3377.963855
934.037037	3373.518519
30.04545455	3376
49.26086957	3375.913043
396.4545455	3375.681818
518.1129032	3377.725806
789.2156863	3375.803922
451.4020619	3376.443299
457.640625	3380.359375
523.4736842	3382
876.2	3381.3
25.88235294	3381.705882
1274.25	3382.15
497.047619	3382.119048
647	3384
482.547619	3387.166667
456.1775362	3391.322464
511.2	3388.6
646.5769231	3389
651.2083333	3388.625
893.8611111	3388.388889
468.6538462	3390.192308
764.0384615	3390.326923
21.81355932	3394.474576
886.9245283	3390.924528
898.1666667	3396.541667
752.2105263	3399.45614
1274.344828	3403.586207
795.5	3405.5
1274.35	3410.3
92.10810811	3410.081081
168.2121212	3411
478	3414.85
817.7037037	3415.703704
20.55	3416.3
404.1470588	3418.323529
563.4285714	3416.535714
408.6666667	3418.333333
908.6142857	3420.985714
87.39130435	3423.521739
836.8461538	3430.820513
1269.481481	3432.111111
827.5714286	3432.642857
19.61904762	3433.285714
20.73529412	3437.852941
758.46875	3438.25
423.6176471	3438.588235
117.2727273	3444.227273
692.9166667	3444.375
327.4393939	3447.257576
1274.75	3449.583333
692.2340426	3448.957447
16.35964912	3454.614035
711.7619048	3461.166667
672.8846154	3464.115385
727.5542169	3465.096386
394.9166667	3469.083333
719.5068493	3470.589041
412.3333333	3473.740741
482.9807692	3473.576923
407.44	3474.36
728.9361702	3473.276596
169.65625	3475.78125
14.25	3477.3
924.7906977	3476.372093
45.45238095	3480
715.3448276	3481.816092
382.2380952	3483.190476
724.6506849	3483.342466
1271.144231	3484.230769
1265.421053	3485.315789
454.2592593	3487.666667
15.36206897	3486
893.6896552	3484.793103
468.8372093	3490.255814
1117.16	3490.32
524.3076923	3491.576923
893.9344262	3491.442623
1108.074074	3496.333333
14.84848485	3497.848485
1115.266667	3497.1
1130.763158	3496.921053
1270.829787	3497.62766
248.969697	3497.757576
965.8846154	3498.653846
974.9807692	3497.134615
1121.27451	3497.980392
896.8684211	3498.868421
1098.897436	3499.435897
470.9836066	3499.983607
1095.869565	3504.347826
1164.695122	3505.060976
445.6764706	3506.058824
1103.202247	3505.382022
1151	3506.571429
882.734375	3510.3125
18.72972973	3508.675676
608.6382979	3509.191489
940.2432432	3513.054054
469.9821429	3511.517857
710.5609756	3514.463415
498.987013	3513.662338
15.17241379	3515.275862
826.1923077	3516.730769
1262.92	3516.8
450.0777778	3519.322222
465.7333333	3519.633333
602.7051282	3521.217949
1241.37931	3518.448276
608.875	3522.857143
831.05	3523.25
466.6666667	3524.083333
719.2083333	3524.833333
487.5535714	3526.142857
664.8636364	3525.590909
708	3527.636364
453.1886792	3533.245283
553.6666667	3531.685185
713.372093	3534.767442
413.1956522	3534.76087
697.3043478	3537.152174
711.962963	3540.666667
907.7391304	3540.608696
550.2857143	3541.857143
701.9074074	3542.638889
691.9019608	3546.901961
1143.772727	3543.666667
458.4310345	3548.931034
202.2333333	3549.2
701.9365079	3549.555556
1152.75	3549.638889
1162.121212	3550.787879
16.83333333	3551.5
712.1034483	3552.315271
459.625	3555.90625
467.3	3556.25
28.46	3555.66
690.3636364	3555.045455
1176.75	3556.625
456.59375	3558.90625
696.2153846	3555.646154
603.1428571	3561.077922
715.0294118	3560.647059
704.0869565	3559.891304
1183.347826	3561.130435
14.58139535	3559.976744
696.925	3563.775
1189.807692	3562.576923
47.55555556	3561.851852
711.1944444	3564.527778
702.4285714	3565.071429
16.54545455	3567.318182
214.5247525	3562.970297
215.5789474	3569.473684
1218.538462	3570.730769
594.9642857	3571.392857
820.4509804	3573.882353
956.7857143	3576.5
18.02816901	3576.619718
590.7916667	3577.541667
963.462963	3577.407407
800.12	3578.88
936.7142857	3577.857143
23.2	3584.08
470.84375	3582.28125
979.008547	3579.820513
827.8292683	3583.878049
987.6712329	3586.835616
1008.793103	3586.413793
826.057971	3592.57971
864.1636364	3592.345455
504.5	3591.45
19.95061728	3596.938272
870.3571429	3595.47619
771.1290323	3595.66129
989.2580645	3602.064516
861.1071429	3602.25
20.04	3606.4
587.5909091	3606.409091
779.6041667	3606.416667
282.4285714	3607.857143
826.0689655	3605.413793
278	3609.923077
20.46341463	3613.878049
587.2285714	3615.8
1067.62963	3615.481481
343.4545455	3617.863636
660.6818182	3616.681818
22.59459459	3619.702703
746.1176471	3622.352941
1122.333333	3622.814815
588.1794872	3624.25641
719.7777778	3623
746.6086957	3628.565217
1199.648649	3627.162162
1205.55	3627.65
419	3630.5
792.9310345	3630.137931
541.8	3632.12
619	3632.615385
49.82857143	3631.428571
568.8095238	3635.142857
1199.28125	3634.375
42.20779221	3636.818182
18.11111111	3637.555556
472.3333333	3636.633333
589.5	3640.096774
621.3333333	3638.75
103.95	3640.75
314.7777778	3643.638889
397	3645.142857
401.0952381	3646.428571
595.8709677	3646.83871
607.1333333	3648.033333
789.36	3647.8
1255.266667	3648.633333
476.3823529	3648.852941
1214.526316	3658.710526
860.5490196	3661.058824
365.25	3663.25
1025.70339	3668.042373
22.8974359	3670.974359
212.2653061	3689.755102
1259.5	3693.5
232.0620155	3696.170543
502.4	3702.7
296.6410256	3706.512821
1052.444444	3711.066667
303.8333333	3712.791667
901.2857143	3714.047619
358.4074074	3718.518519
793.9112903	3719.451613
569.287234	3722.510638
590.25	3726.958333
638.1304348	3728.826087
70.75	3735.681818
936.1313131	3735.878788
39	3741.347826
960.9277108	3742.566265
925.826087	3742.695652
951.8974359	3742.307692
350.3125	3743.34375
357.826087	3745.652174
739.4230769	3744.230769
843.8275862	3748.62069
471.3030303	3749.151515
831.974026	3752.87013
954	3753.521739
961.5555556	3752.138889
773.1111111	3752.962963
668.6585366	3754.243902
25.57692308	3762.769231
391.1086957	3771.804348
1180.596491	3778.684211
393.2077922	3778.87013
706.4	3794.85
721.48	3794.84
874.9574468	3795
882.3	3798.266667
144.5238095	3800.380952
294.7083333	3801.375
432.0833333	3809
428.3636364	3814.878788
31.58333333	3817.805556
749.56	3820.36
782.9545455	3821.818182
97.52941176	3835.205882
94.03846154	3843.192308
696.90625	3841.96875
471.8235294	3846.245098
693.6086957	3847.608696
34.09677419	3850.741935
912.0333333	3854.333333
1137.070175	3863.333333
732.8	3869.2
95	3871.296296
725.75	3872.375
1060.73913	3876.434783
122.08	3879.44
127.4464286	3880.785714
49	3884.944444
1242.3125	3885.6875
135.3571429	3888.97619
477.6956522	3888.913043
266.6	3894.325
60.46875	3899.390625
477.1641791	3904.985075
423.5	3901.714286
185.137931	3904.517241
227.90625	3906.75
869.3103448	3906.241379
922.8245614	3905.122807
206.75	3912.225
750.4222222	3911.844444
1040.487805	3917.390244
994.4236111	3919.229167
871.75	3920
1026.380952	3919.571429
565.9423077	3922.384615
634.25	3926.068182
981.03125	3924.6875
976.7341772	3922.860759
407.53125	3925.4375
613.0595238	3928.714286
635.6	3931.311111
975.1410256	3936.153846
999.7173913	3938.369565
617.6216216	3939.22973
631.6909091	3941.136364
343.6764706	3942.382353
1224.357143	3943.107143
66.46808511	3941.393617
1232.913043	3944.521739
67.675	3951.175
631.3703704	3950.481481
896.4444444	3947.722222
971.0956522	3952.53913
1004.625	3950.0625
896.1875	3954.65625
1002.646154	3955.876923
894.137931	3962.758621
68.4375	3962.458333
804.9795918	3963.55102
966.3055556	3970.138889
190.9642857	3969.571429
635.1724138	3968.908046
786.0714286	3970.035714
1124.459459	3972.297297
1132.611111	3975.907407
839.1590909	3975.113636
594.9512195	3977.097561
834.35	3979.05
599.3548387	3979.258065
792.72	3979.42
965.5104167	3982.104167
797.5882353	3987.392157
70.72222222	3986.361111
940.7619048	3985.47619
826.075	3988.025
1012.585366	3990.682927
976.2058824	3990.794118
1001.44	3991.893333
945.5510204	3992.693878
808.3829787	3996.489362
1029.47644	3995.60733
949.4318182	4000.090909
958.9354839	3998.612903
82.79166667	4002.583333
816.02	4000.92
79.4	4002.5
756.9705882	4005.382353
1134.347826	4008.869565
262.1	4012.05
751.6842105	4013.026316
983.5113636	4012.477273
745.875	4013.083333
756.4054054	4018
84.29166667	4017.75
948.5714286	4018.095238
749.637931	4019.293103
889.9342105	4021.894737
752.2666667	4026.911111
950.7692308	4025.641026
812.4358974	4030.435897
954.2608696	4031.217391
217.2741935	4030.435484
707.6956522	4031.782609
1239.62069	4038.068966
778.9393939	4038.242424
86.56410256	4042
887.5714286	4042.380952
1236.391304	4043.456522
960.7777778	4044.462963
242.12	4045.88
730.5555556	4044.944444
792.3684211	4049.964912
1235.396825	4054.111111
134.3692308	4056.815385
1095.432432	4058.135135
88	4059.612903
1232.090909	4060.863636
733.6	4066.266667
1237.833333	4068.962963
684.3846154	4067.384615
1006.875	4070.208333
404.25	4074.642857
808.1	4075.05
399.125	4081.708333
707.1617647	4085.794118
693.375	4086.21875
701.1571429	4088.471429
389.275	4089.9375
840.9615385	4090.269231
95.05970149	4090.119403
216.6779661	4093.169492
946.1463415	4092.97561
703.1538462	4095.076923
641.6567164	4095.477612
636.5405405	4098.243243
709.7073171	4097.560976
654.7666667	4098
805.6666667	4109.518519
98.36363636	4112.69697
806.05	4114.4
116.8571429	4116.52381
867.6	4116.5
1235.425	4117.45
1193.227273	4118.181818
683.6136364	4123.318182
1184.56962	4123.949367
87.77419355	4127.935484
120.5090909	4127.509091
806.9615385	4127.730769
861.7876712	4129.315068
868.4482759	4131.551724
689.1555556	4129.333333
945.9069767	4138.72093
1188.039216	4140.843137
120.0576923	4141.788462
417.6060606	4144.30303
834.3333333	4152.185185
922.32	4154.88
332.8666667	4154.955556
120	4158.217391
982.1	4162.85
1231.730769	4165.269231
886.2	4171.24
1232.545455	4171.431818
789.5925926	4175.185185
1007.2	4175.3
1019.958333	4176.25
575.5522388	4179.164179
232.862069	4183.965517
570.5227273	4183.488636
795.8913043	4185.956522
790.0081301	4188.902439
1112.076923	4185.230769
407.2857143	4186.8
996.12	4186.68
942.0512821	4189.564103
1235.290323	4187.967742
380.4285714	4191.428571
1232.507937	4196.587302
505.9487179	4200.205128
795.8101266	4197.962025
863	4200.076923
328.328125	4198.859375
322.4946237	4203.677419
316.2962963	4202.407407
501.6792453	4204.584906
1020.727273	4208.454545
278.0416667	4209.958333
438.8253968	4209.380952
772.2575758	4211.69697
960.5116279	4216.127907
953.106383	4214.659574
835.4270833	4217.791667
140.3387097	4221.419355
1087.1	4222.65
1041.015625	4223.617188
1092.090909	4226.5
1028.719298	4231.502924
350.6938776	4231.632653
419.5757576	4231.242424
532.2352941	4234.25
343.0540541	4236.459459
1021.615385	4236.076923
1017.416667	4238.083333
1237.322581	4238.612903
422.8857143	4239.285714
313.9272727	4241.327273
335.0192308	4242.480769
1206.862069	4242.931034
262.6875	4244.21875
1023.459459	4243.027027
1006.258065	4249.483871
453.12	4250.2
1014.541667	4250.552083
1020.622222	4252.377778
1002.758621	4253.775862
608.6857143	4254.714286
777.0833333	4255.666667
783.9130435	4255.565217
1011.086207	4258.293103
955.755102	4257.979592
506.6153846	4258
259.4871795	4261.051282
1060.55	4265.15
1068.8	4270.35
780.5238095	4277.357143
813.34	4280.26
235.4615385	4280
144.8888889	4281.481481
229.0285714	4283.342857
414.2333333	4284.866667
1155.934783	4294.478261
148.8571429	4299.714286
1066.428571	4305.809524
850.627451	4306.411765
958.8666667	4308.466667
853.9193548	4311.516129
377.5638298	4318.531915
498.7333333	4322.433333
375.2413793	4329.448276
852.9571429	4327.328571
443.6666667	4331.125
853.5625	4336.5625
857.7241379	4335.482759
1190.571429	4335.190476
859.7460317	4345.571429
685.9310345	4350.103448
911.1666667	4350.366667
162.4225352	4353.859155
275.3793103	4355.310345
856.3472222	4355.027778
861.3666667	4356.566667
896.8151261	4354.915966
296.3333333	4357.25
785.45	4358.15
864.4137931	4361.413793
857.28	4363.2
897.625	4364.75
867.0253165	4368.759494
1151.921569	4368.921569
1158.426471	4371.676471
860.8888889	4370.37037
784.5909091	4374.545455
901.0238095	4374.214286
238.2666667	4376.166667
883	4375
902.6666667	4379.380952
677.25	4379.892857
804.2391304	4382.043478
885.3655914	4384.72043
1115.982759	4386.948276
793.4	4387.4
902.3333333	4388.755556
749.78125	4390.96875
730.4923077	4393.984615
902.3855422	4396.975904
889.9918033	4397.286885
723.3472222	4401.236111
899.7234043	4402.510638
951.3636364	4400.30303
729.3809524	4405.142857
831.6527778	4410.875
895.5989583	4408.588542
730.96875	4409.90625
724.9782609	4414.130435
898.024	4416.184
289.5	4418.672414
1002.551724	4416.896552
717.0614035	4415.27193
170.7368421	4416.276316
791.3636364	4420.606061
886.2173913	4419.26087
904.2542373	4422.220339
719.059322	4424.711864
795.8235294	4423.647059
922.7575758	4424.333333
415.5421687	4426.216867
727.4397163	4424.900709
897.0916667	4426.825
898.8181818	4435.433566
711.4	4430.875
1106	4432.666667
167.75	4432.85
721.9583333	4435.729167
965.0689655	4434.413793
909.7530864	4434.765432
574.7916667	4437.916667
714.4620253	4440.873418
573.0357143	4443.428571
724.8548387	4443.580645
969.2162162	4446.567568
808.76	4446.72
587.0384615	4449.730769
713.6	4452
719.2592593	4453.537037
559.1960784	4453.352941
723.2592593	4455.185185
431.56	4457.92
826.3333333	4460.7
922.4102564	4469.025641
166.8297872	4468.765957
734.1866667	4475.826667
911.3898305	4477.084746
738.9047619	4477.952381
829.2	4477.171429
168.7142857	4480.571429
946.6372549	4481.715686
836.3090909	4482.309091
866.3225806	4485.806452
782.6491228	4484.210526
168.0833333	4487.722222
831.2826087	4489.673913
947.1	4488.2
863.2941176	4492.235294
540.2758621	4492.344828
828	4494.64
783.4583333	4496.333333
912.6444444	4496.222222
1065.833333	4500.625
833.7619048	4500.904762
790.0545455	4502.509091
918.8095238	4502.047619
167.1477273	4510.25
798.3636364	4509.606061
792.5	4509.65
805.6923077	4510.653846
837.1081081	4512
797.5535714	4516.196429
599.3928571	4516.392857
704.140625	4516.234375
805.7407407	4518.481481
697.1176471	4519.191176
1016.243902	4519.414634
840.5844156	4521.220779
975.3111111	4521.911111
1007.269231	4520.153846
1025.727273	4520.511364
984.8534483	4527.560345
863.7413793	4529.62069
940.6111111	4528.972222
166.1944444	4531.166667
978.9454545	4531.163636
945.2162162	4532.027027
601.1851852	4534.62963
605.739726	4532.356164
558.2352941	4534.617647
857.85	4536.25
938.5869565	4535.869565
839.1052632	4538
465.0793651	4540.539683
600.2352941	4540.058824
1007.35	4540.15
940.8513514	4541.324324
171.3	4544.5
173.1153846	4550.846154
989.175	4553.7
1082.666667	4557.393939
170.5526316	4555.815789
176.96	4558.96
994.6181818	4559
841.0454545	4559.886364
184.2058824	4567.941176
289.4642857	4569.571429
585.1707317	4574.268293
286.6896552	4574.655172
177.5517241	4576.37931
528.6333333	4576.3
650.6521739	4577.782609
510.3913043	4583.652174
949.5	4591.214286
632.1081081	4594.918919
277.6666667	4595.809524
886.375	4597.925
989.5833333	4598.166667
1006.909091	4599.454545
522.2727273	4623.272727
939.1549296	4628.169014
239.4339623	4630.283019
567.5	4630.1
662.9	4629.7
913.3939394	4631.151515
946.6785714	4631.357143
646.3863636	4632.113636
926.4814815	4632.777778
930.1067961	4629.92233
667.0357143	4633.678571
860.6521739	4640.347826
552.9166667	4639.604167
560.1168831	4643.168831
920.8571429	4647.925714
567.861244	4639.516746
667.3181818	4645.181818
546.8205128	4645.871795
554.1145833	4648.697917
855.7164179	4649.537313
915.8596491	4656.280702
908.5238095	4653.238095
851.2173913	4657.695652
922.0540541	4661.702703
855.3285714	4661.271429
1032.097561	4663.695122
856.2666667	4667.644444
183.9090909	4669.909091
574.754386	4673.280702
1120.733333	4674.866667
183.84	4678.12
527.1785714	4678.392857
370.4285714	4679.357143
359.8214286	4684.285714
183.68	4686.4
631.25	4688.34375
625.1960784	4689.078431
635.5384615	4691.282051
426.72	4699.72
181.2916667	4712.708333
186.2962963	4720.851852
942	4726.393617
946.2291667	4735.291667
676.48	4740.32
1195.5	4739
940.6538462	4744.269231
667.8	4743.9
945.2903226	4749.258065
1052.66	4749.52
610.1034483	4765.344828
470.9433962	4771.301887
189.875	4775.333333
768.0344828	4776.206897
641.6521739	4783.978261
762.1010101	4782.969697
195.5925926	4784.5
755.9090909	4787.151515
638.9	4788.55
767.6052632	4788.921053
262.7931034	4789.948276
327.6	4789
334.5806452	4790.209677
756.2545455	4795.254545
760.74	4795.64
786.7307692	4794.769231
821.6226415	4798.754717
1188.58	4802.78
827.2173913	4803.26087
832.1022727	4809.034091
349.5882353	4812
827.4615385	4812.641026
1127.777778	4819.555556
526.04	4819.4
573.1636364	4819.763636
568.8857143	4831.671429
758.6	4832.933333
764.8695652	4834.086957
817.1627907	4835.186047
195.8461538	4835.538462
199.64	4836.16
821.8035714	4838.946429
844.7777778	4840.583333
657.9433962	4841.867925
718.7	4841.15
834.4358974	4841.846154
764.8688525	4841.737705
613	4844.05
756.4225352	4842.309859
840.5913978	4848.096774
762.2253521	4848.535211
833.1278195	4851.661654
655.9047619	4850.785714
418.0416667	4850.875
761.3666667	4853.566667
624.5217391	4856.130435
761.2888889	4858.4
767.2820513	4865.173077
332.7826087	4861.76087
626.6296296	4860.888889
202.7619048	4863.714286
760.7608696	4865.26087
626.4074074	4866.740741
273.09375	4867.625
617.3703704	4869.148148
349.9375	4869.8125
621.6428571	4873.857143
629.2692308	4873.038462
876.32	4873
202.3467742	4876.16129
628.3170732	4879.512195
624.0454545	4878.909091
763.6666667	4878.481481
870.2903226	4881.806452
875.7931034	4881.758621
765.2333333	4884.366667
1193.52381	4884.214286
879.9777778	4887.444444
1186.365854	4887.04878
865.5079365	4887.444444
874.8076923	4888.461538
870.3555556	4892.466667
569.6666667	4893.722222
1191.740741	4895.691358
202.6746988	4893.481928
206.9428571	4901.085714
1186.23913	4902.086957
587.2058824	4907.176471
770.617284	4909.049383
1188.040816	4910.040816
765.1937985	4906.03876
808.5576923	4915.288462
767.0422535	4917.507042
285.8095238	4917.785714
356.1707317	4915.414634
210.5714286	4919.057143
753.7096774	4927
210.3947368	4927.973684
532.9047619	4928.928571
1181.854839	4929.467742
781.0588235	4930
769.2909091	4934.745455
209.5	4935.25
779.8	4937.422222
571.0428571	4940.728571
209.5769231	4941.076923
569.7272727	4948.018182
206.8148148	4947.814815
788.2258065	4949.483871
775.8271605	4949.864198
206.4242424	4955.030303
597.5970149	4955.074627
600.4772727	4962.909091
607.5217391	4966.086957
463.6	4967.85
610.8	4968.3
600.3142857	4971.342857
600.54	4978.9
618.1724138	4974.517241
610.953271	4979.682243
563.6363636	4981.969697
558.0833333	4981.916667
616.9411765	4982.72549
1185.894737	4982.596491
523.8405797	4986.507246
892.1911765	5003.911765
888.3333333	5007.820513
1183	5010.77551
795.48	5009.32
527.4285714	5012.190476
561.877551	5012.612245
565.173913	5013.608696
815	5014
623.5223881	5014.223881
207.4	5017.44
592.0740741	5017.296296
999.7777778	5016.37037
203.7391304	5043.391304
1180.407407	5043.777778
341	5047.5
942.5258621	5047.784483
957.5909091	5049.090909
1175.631579	5055.447368
819.7073171	5072.04878
1072.326531	5076.22449
700.56	5079.2
851.6538462	5079.153846
844.4666667	5081.316667
699.7619048	5083.666667
882.8837209	5085.906977
1078.865385	5083.384615
853.9620253	5085.050633
379	5089.208333
842.8333333	5090.166667
849.7435897	5092.794872
505.8181818	5096.939394
865.8596491	5102.017544
216.35	5107.7
553.6231884	5107.608696
820.8076923	5109.192308
867.7413793	5109.827586
757.4	5110.85
873.6521739	5110.559006
218.0617284	5118.679012
222.8421053	5124.236842
221.7959184	5133
874.5348837	5132.139535
879.1612903	5132.580645
402.0285714	5133.171429
404.7941176	5137.147059
409.1904762	5141.047619
1136.85	5141.8
751.4153846	5150.815385
848.5	5160.5
732.2820513	5169.205128
883.9430052	5171.611399
678.1	5171.65
241.4285714	5174.190476
357.9772727	5177.75
231.2380952	5182.333333
787.7118644	5180.542373
359.8	5183.9
663.5454545	5185.227273
888.8383838	5187.313131
226.7142857	5186.285714
1156.666667	5188.142857
263.1384615	5198.092308
637.7105263	5201.052632
1152.229167	5202.958333
887.8275862	5202.436782
842.8571429	5208.857143
1149.071429	5213.821429
586.5441176	5217.029412
847.3571429	5217.333333
708.3333333	5223.083333
766.8536585	5228.073171
761.3061224	5232.673469
234.1621622	5234.540541
831.625	5233.65625
711.7027027	5233.918919
239.59375	5237.875
829.9090909	5237.590909
1147.3	5237.766667
714.6	5238.485714
1148.958333	5243.708333
912.0909091	5244.954545
918.55	5250.2
236.6470588	5256.823529
356.8192771	5258.048193
240.1086957	5265.23913
447.8181818	5268.212121
847.0454545	5272.621212
237.2758621	5275.344828
461.9893617	5277.574468
449.7246377	5288.072464
1135.335664	5286.412587
243.3676471	5289.132353
537.4848485	5300.151515
545.1071429	5302.035714
239.3461538	5302.461538
1136.408451	5303.366197
1074.428571	5308.571429
449.7142857	5310.428571
532.6904762	5311.47619
1081.738095	5309.130952
361.8545455	5321.090909
355.625	5324.734375
739.8095238	5326.333333
825.745098	5329.27451
241.2833333	5333.766667
577.9090909	5344.590909
613.7916667	5345.25
380.2222222	5347.851852
610.4827586	5346.931034
575.0666667	5352.1
410	5354.625
576.1904762	5359.047619
254.4390244	5362.073171
666.90625	5394.5625
422.9655172	5396.931034
900.7916667	5400.208333
1115.571429	5400.3125
699.4927536	5405.376812
902	5404.826087
1110.4	5407.52
321.8672566	5404.044248
906.7857143	5409.714286
696.2894737	5412.802632
1111.32967	5413.230769
820.5777778	5413.888889
314.2820513	5413.410256
707.5043478	5413.286957
736.3018868	5417.54717
307.5	5420.368421
700.6857143	5418.342857
372.7	5421.4
644.4705882	5423.164706
1108	5423.538462
702.3272727	5424.163636
831.6923077	5423.948718
1069.125	5425.59375
1099.217391	5425.304348
269.4230769	5425.288462
928.4166667	5425.854167
981.8461538	5430
1104.32	5425.32
275	5431.083333
932.5714286	5433.714286
1101	5434.54386
293.2079208	5433.188119
1094.463415	5435.170732
285.36	5444.6
1091.355932	5442.627119
1080.157895	5444.578947
940.4069767	5442.837209
1029.826087	5448
945.828125	5448.984375
1088.52	5447.88
1094.777778	5448
687.6666667	5450.7
787.0909091	5451.5
1085.6	5452.64
1089.46875	5453.90625
1021.305556	5455.611111
600.3	5452.875
677.6417112	5450.016043
951.1333333	5456.866667
980.85	5457.05
985.5142857	5458.828571
1077.888889	5459.361111
932.1777778	5461.044444
687.25	5460.05
993.5432099	5462.679012
1071.407407	5464.481481
1013.793103	5466.103448
1031.793103	5465.827586
776.6976744	5468.546512
575.8064516	5471.064516
1069.416667	5470.916667
1102.575758	5471.575758
312.2857143	5472.714286
694.6444444	5475.377778
1067.075	5475.675
307.2173913	5477.26087
274.0606061	5485.121212
835.8684211	5489.355263
278.0215054	5494.623656
847.0485437	5496.213592
570.5373134	5497
859.1764706	5503.470588
1053.474227	5502.71134
321.1578947	5505.618421
694.0444444	5507.422222
868.8823529	5508.54902
307.5217391	5512.391304
314.2978723	5511.06383
695.4909091	5515.381818
309.4054054	5516.459459
382.254902	5519.666667
303.2093023	5519.27907
297.5609756	5523.585366
666.1111111	5522.407407
292	5528.574074
284.7727273	5535.386364
278.34375	5534.96875
278.08	5547.76
592.1176471	5545.156863
600.15	5548.3
279.1785714	5554.464286
587.3428571	5555.057143
690.6206897	5556.172414
497.7213115	5559.327869
583.90625	5559.65625
997.5151515	5569.090909
371.7666667	5574.033333
525.3902439	5573.04878
1005.803922	5576.509804
377.6086957	5577.586957
1035.565217	5584
1033.90625	5588.375
585.7857143	5589.5
1017.768595	5590.710744
586.4319527	5603.378698
595.8928571	5603.60119
593.5769231	5612.326923
878.0952381	5611.095238
930.6	5611.96
1027.65873	5611.484127
588.6896552	5617.965517
337.5	5625.5
1020.814815	5635.62963
657.7722772	5643.980198
664.0357143	5644.678571
605.4	5652.454545
611.4444444	5653.148148
1013.08	5656.28
603.5675676	5658.162162
292.2272727	5660.636364
611	5659.032258
607.8684211	5663.263158
1005.555556	5666.833333
608.6923077	5670.346154
668.1304348	5671.73913
791.95	5673.85
578.9883721	5680.406977
250.9268293	5681.560976
254.0294118	5686.5
314.44	5687.52
308.2051282	5690.384615
799.1801802	5694.405405
805	5694.8125
986.8888889	5707.968254
992.6842105	5708.131579
600.6666667	5713.5
986.5921053	5716.894737
798.7346939	5717.612245
544.8837209	5720.72093
978.0327869	5721.786885
688.5641026	5724.794872
537.5151515	5725.060606
984.6666667	5725.857143
297.2307692	5725.884615
799.18	5726.66
689.8518519	5731.851852
800.7582418	5738.120879
288.9736842	5741.868421
630.4418605	5741.860465
694.3613445	5742.016807
965.8206897	5744.937931
803.4677419	5747.25
695	5749.227273
690.5555556	5751.244444
810.3333333	5753.041667
355.7647059	5756.72549
682.9777778	5755.555556
362.6545455	5751.890909
815.4736842	5755.394737
698.0238095	5779.761905
694	5785.903226
294.0833333	5793.958333
723.4628099	5791.669421
734.0857143	5799.971429
739.2592593	5804.740741
345.5238095	5808.142857
511.6444444	5821.955556
300.15	5823.55
544.9	5826.95
938.4081633	5832.77551
780.5	5843.041667
405.8333333	5848.708333
289.4509804	5859.901961
479.75	5879.25
642.8571429	5879.857143
656.25	5880.535714
313.4285714	5881.619048
656.9393939	5886.121212
514.7934783	5890.271739
525.7518248	5891.985401
649.1376147	5888.669725
296.4347826	5892.097826
580.9285714	5896.964286
647.5084746	5897.355932
635.4833333	5902.45
504.5882353	5903.617647
297.7727273	5904.454545
518.0526316	5903.652632
512.0689655	5908.344828
640.3	5907.6
645.7538462	5905.738462
636.85	5910.35
295.2608696	5911.565217
615.4615385	5910.884615
613.3333333	5920
434.9534884	5930.651163
612.5405405	5931.864865
430.7575758	5934.636364
474.826087	5940.869565
604.2771084	5945.26506
470.6451613	5980.225806
477.483871	5988.193548
622.6551724	5993.034483
471.8070175	5996.140351
578.3478261	6003.086957
747.75	6009.458333
570.2439024	6011.04878
501.1956522	6009.978261
491.0185185	6020.148148
864.5384615	6024.596154
403.6190476	6029
411.0571429	6027.685714
657	6025.5
422.047619	6033.309524
318.3913043	6031.369565
494.9038462	6035.980769
489.4590164	6034.442623
416.2	6036.55
409.0515464	6044.835052
317.8627451	6047.078431
561.5652174	6046.782609
413.0238095	6053.357143
399.7325581	6054.139535
408.2142857	6056.160714
418.1428571	6057
314.0645161	6060.354839
307.5769231	6060.461538
415.09375	6061.15625
401.5890411	6062.273973
410.5365854	6063.756098
404.6025641	6068.705128
397.7391304	6074.891304
393.1304348	6074.478261
406.3658537	6076.658537
399.4583333	6079.666667
403.4782609	6084.73913
846.7884615	6094.230769
399.75	6111.119565
565.025	6114.05
388.375	6122.166667
481.3783784	6130.972973
447.1	6162.4
663.2592593	6171.740741
543.037037	6180.814815
551.6122449	6183.918367
575.6973684	6196.592105
285.125	6210.791667
294.3043478	6211.652174
290.45	6214.65
325.5568182	6216.420455
344.5862069	6217
357.7173913	6216.706522
364.85	6224
692.3478261	6262.826087
703.1621622	6272.837838
474.1071429	6306.892857
483.6666667	6307.935897
681.9354839	6305.483871
678.4166667	6312.625
411.7	6314.66
487.68	6315.213333
494.2666667	6314.355556
500.8333333	6316.933333
513.46	6320.26
506.5869565	6317.804348
506.5824176	6324.516484
517.2882883	6329.171171
287.8372093	6330.534884
663.7407407	6327.277778
675.2518519	6329.748148
332.3630137	6333.041096
656.6578947	6333.684211
667.2894737	6335.368421
327.4285714	6338.085714
271.2608696	6337.869565
341.825	6339.65
319.2342342	6339.108108
264.490566	6342.584906
656.46875	6341.46875
323.9655172	6345.310345
341.3492063	6346.412698
334.9583333	6347.791667
656.6666667	6351.208333
335.3333333	6355.111111
415.173913	6374.652174
318.6304348	6457.413043
314.9512195	6464.097561
311.5714286	6473.517857
302.9615385	6493.673077
258.5909091	6496.045455
258.9259259	6507.814815
341.375	6526.770833
430.1578947	6532.921053
378.8837209	6560.651163
473.1351351	6567.513514
344.15	6698.05
