X	Y
0	0
0	4714
4714	0
4714	4714
812	51.5
783.92	81.28
913.4	243.5
776.2222222	272.9722222
888.9574468	276.0638298
913.1538462	284.4615385
765.0612245	289.3469388
923.1538462	297.5
753.4615385	303.1538462
864.2258065	305.516129
615.6727273	324.0181818
798.952381	336.8095238
627.7115385	341.2692308
850.3461538	364.3461538
633.3863636	371.3409091
770.6470588	374.9411765
782.6551724	379.0689655
846.0416667	385.625
747.0294118	385.6176471
751.3611111	393.7777778
822.5666667	398.0833333
752.88	401.76
761.296875	407.515625
732.0434783	408.1304348
756.32	417
765.421875	419.984375
650.2820513	449.9487179
600.5595238	454.6428571
568.5463918	474.6701031
601.4375	501.71875
634.2608696	509.8043478
568.25	523.0769231
520	559.6835443
553.92	565.84
638.3	568.7
494.8275862	590.6551724
546.7674419	616.9302326
522.9508197	617.9344262
465.4509804	618.9607843
636.9487179	624.0769231
456.21875	636.28125
734.2857143	657.9714286
686.6363636	659.5
474.8970588	663.0735294
500.4883721	664.0581395
563.2592593	667.9444444
527.3709677	699.3064516
574.4583333	702.6875
499.4385965	721.5438596
734.5	724.5
755.7222222	730.5
444.2941176	731.5
462.1639344	737.5081967
745.3235294	738.3823529
436.1538462	738.6
755.9166667	740.3833333
594.6190476	756.6666667
1023.2	759.7
473.8367347	764.3673469
762.9090909	773.0909091
618.2142857	779.6666667
1027.769231	780.0384615
780.5409836	781.6721311
451.2985075	783.9552239
1029.36	788.68
717.5882353	786.8823529
814.7755102	786.0408163
1027.818182	795.3636364
552.7090909	797.4363636
898.7	812.1
763.8888889	820.2962963
620.5245902	822.4262295
1029.428571	822.7142857
393.0714286	824.5357143
580.2857143	825.8809524
459.1025641	827.025641
417.1129032	828.7419355
990.7692308	829.025641
1029.538462	830.2307692
705.76	838.2
1027.5	851.5
698.2244898	856.3061224
544.5	861.8
859.1904762	862.9047619
668.88	865.04
722.0416667	866.2916667
362.0588235	868.2941176
776.5636364	868.9090909
652	870.1538462
516.4324324	872.0540541
566.1111111	871.6666667
477.3157895	875.6315789
940.2758621	875.4137931
656	895
862.4594595	899.5135135
699.7619048	901.7142857
891.3035714	902.4642857
435.2142857	906.3333333
542.7567568	911.1081081
389.8333333	912.9166667
489.2857143	919.5
363.5737705	920.2622951
367.9354839	922.7419355
489.2	924
400.4761905	925.8888889
493.4594595	930.3378378
607	939.5
932.6666667	939.5679012
706.3	943.1
1027.013889	948.4166667
745.3243243	950.3513514
716.3684211	951.3684211
896.8039216	957.254902
430.9358974	963.7692308
599.25	965.375
673.1578947	968.8421053
716.6315789	968.7368421
833.3333333	970.3666667
480.8139535	972.255814
728.3846154	974.5384615
734.4285714	973.2222222
724.7222222	974.9444444
736.2571429	979.8285714
575.5263158	980.1052632
931.7142857	979.9365079
615.5	982.3333333
715.0833333	982.25
729.65	982.6
704.0909091	986.0909091
861.7777778	987.5
409.6231884	990.2753623
716.8888889	990.2777778
643.0909091	991.9090909
697.6333333	991.0333333
697.5	995.3636364
740.1481481	997.2962963
622.625	997.84375
827.7884615	999.5576923
735	1003
771.5	1003.714286
630.5789474	1011.105263
754.6329114	1013.075949
592.4	1013.56
620.7540984	1015.983607
445.225	1016.7
576.3859649	1017.491228
740.6785714	1020.035714
527.5	1022
353.9382716	1021.283951
724.0634921	1023.111111
480.6086957	1025.847826
730.5	1026.5
726.125	1029.875
677.525	1035.2
634.0625	1044.90625
913.6315789	1044.368421
608.9090909	1046.636364
799.0740741	1046.462963
586.2676056	1049.71831
696.3658537	1052.219512
489.8490566	1054.792453
756.3076923	1062.75
752.5833333	1065.861111
734.5555556	1066.384615
744.55	1068.533333
952.4878049	1067.95122
721.9529412	1069.623529
338.0615385	1069.476923
991.3389831	1069.898305
605.6935484	1071.016129
749.5882353	1071.294118
920.030303	1072.424242
612.8095238	1073.666667
580.5178571	1076.339286
675.4561404	1077.789474
890.4137931	1077.724138
734.2702703	1079.972973
738.3818182	1082.236364
606.4545455	1082.568182
772.4528302	1082.622642
579.5	1083.714286
696.7	1084.2
1019.686275	1087.72549
728	1089.5
605.2727273	1090.345455
739.7058824	1089.705882
489.9876543	1090.518519
579.75	1090.958333
576.2432432	1092.675676
733.7096774	1095.459677
609.8947368	1097
322.9	1098.2
678.3055556	1098.25
1012.5	1099.837838
470.0185185	1102.555556
323.5138889	1106.319444
565.6346154	1108.5
758	1110.272727
926.0571429	1110.514286
576.2537313	1113.268657
363.7142857	1117.642857
602.6842105	1118.210526
315.5	1120.5
696.8571429	1120.666667
493.2666667	1121.533333
625.4090909	1122
323.16	1124.26
904.8510638	1126.723404
895.6666667	1129.111111
686.8604651	1135.976744
984.3076923	1139.961538
641.2666667	1141.377778
619.8970588	1142.235294
862.0909091	1145.363636
550.037037	1147.111111
505.5652174	1150.304348
295.3536585	1151.292683
587.9074074	1152.037037
774.6756757	1152
613.8571429	1153.5
785.9210526	1159.026316
703.9827586	1160.810345
760.18	1163.48
359.3333333	1166.916667
691.2222222	1166.022222
702.5833333	1168.166667
674.7777778	1174.055556
698.3928571	1177.035714
643.5	1180.285714
540.3333333	1182.166667
558.1052632	1182
609.1818182	1183.818182
669.4375	1191.458333
697.2857143	1196.5
921.3373494	1198.048193
358.6875	1199
599	1199.222222
544.1666667	1205
633.3225806	1206.225806
330.5882353	1208
525.4358974	1211.076923
755.5	1210.75
656.5	1212.5
599.625	1213.775
291.5675676	1213.945946
492.2195122	1218.268293
513.5	1218.833333
747.5925926	1224.444444
331.84	1225.12
638	1226.83871
364.7586207	1228.37931
262.8571429	1229.660714
392.2291667	1240.822917
859.9666667	1239.4
626.5606061	1241.909091
751.4857143	1243.771429
704.34375	1244.28125
903.1904762	1246.142857
820.5	1247.363636
309.8333333	1248.151515
971.5	1249.285714
532.5	1252.5
833.9512195	1255.682927
484.5555556	1260.222222
654.8125	1261.645833
230.4571429	1265.685714
346.2352941	1267.901961
448.6666667	1268.033333
643.5	1279.5
478.0169492	1279.644068
608.3333333	1292.575758
459.25	1294.159091
812.25	1293.666667
232.5625	1293
251.2666667	1295.688889
256.75	1295.083333
234.8793103	1296.948276
436.9677419	1300.322581
642.030303	1303.393939
439.3846154	1305.230769
366.1587302	1305.984127
678.3529412	1306
637.3333333	1309.846154
677.902439	1312.04878
521.4	1313.65
316.125	1315.569444
652.5	1314.666667
624.2777778	1317.888889
503.4473684	1318.815789
552	1322.139535
273.421875	1323.953125
617.4137931	1324.137931
841.9491525	1325.118644
726.8888889	1329.222222
239.5	1339.166667
499.8367347	1340.428571
227.358209	1343.835821
889.2205882	1349.573529
798.2857143	1352.5
283.3230769	1353.923077
714.5	1355.5
679.5555556	1356.777778
423.5942029	1359.869565
691.34375	1359.375
535.3	1360.2
183.375	1361.5
212.9444444	1361.930556
620.2692308	1360.884615
694.5	1362.5
378.5957447	1367.510638
683.953125	1368.765625
679.2058824	1371.794118
841.2	1372.46
172.75	1380
323.6031746	1379.126984
677.0833333	1380.166667
684.755102	1380.081633
675	1384.793103
243.5428571	1387
621.3928571	1390.964286
764.8611111	1393.25
201.3333333	1393.230769
874.4047619	1394.357143
582.8125	1394.71875
612.05	1394.9
937.5263158	1402.263158
1088.689655	1402.706897
512.9230769	1407.038462
667.5	1415.45
456.1	1420.55
688.1081081	1423.351351
279.8095238	1424.142857
870.7647059	1424.529412
351.3090909	1426.018182
375.6060606	1426.515152
988.4736842	1427.368421
485.1304348	1430.217391
563.9818182	1433.2
400.8	1434.883333
711.0806452	1437.693548
833.625	1438.4375
569.7272727	1441.772727
670.6315789	1441.921053
693.3333333	1442.547619
717.4285714	1443.5
536.75	1448.0625
437.8837209	1451.116279
622.6666667	1451.190476
516.0952381	1454.380952
493.4	1456.05
1029.818182	1457.181818
629.8214286	1458.392857
675.8965517	1459.413793
781	1459.5
208.5348837	1466.255814
445.125	1466.333333
572.05	1466.75
612.9	1466.65
158.0408163	1469.469388
379.2571429	1469.042857
614.0769231	1470.423077
1095.767442	1470.604651
582.5789474	1471.789474
633.1707317	1474.439024
619.9047619	1474
841	1473.810811
684.2307692	1476.487179
192.0597015	1476.761194
143.2941176	1479.568627
470.7142857	1479.5
651.5	1479.5
626.3684211	1480.526316
881.7894737	1485.157895
383.0416667	1486.166667
224.125	1486.8125
439.1636364	1488.418182
517.2307692	1487.846154
939.8666667	1489.133333
445.875	1489.666667
500.5294118	1494.029412
509.5	1493.5
175.2063492	1496.380952
474.6060606	1497.515152
130.6052632	1500.342105
441.4285714	1502.095238
619.3076923	1504
451.1428571	1503.880952
547.5	1506.62
392.2553191	1508.829787
663.7142857	1510.714286
439.744186	1511.488372
1109.645161	1511.387097
667.0909091	1514.636364
904.1777778	1516.133333
551.2727273	1517.886364
147.12	1518.56
197.703125	1519.078125
507.9714286	1519.828571
341.1052632	1520.859649
1114.5625	1520.625
147.5740741	1524.240741
138.4705882	1526.352941
176.2692308	1529.115385
424	1529.473684
649	1528.8
293.0666667	1531.466667
353.8225806	1536
433.4761905	1534.380952
219.0350877	1537.807018
468.1851852	1537.851852
562.6296296	1541
141.7142857	1545.071429
114.5490196	1547.745098
557.4	1547.966667
915.6666667	1551.357143
129.4047619	1555.357143
464.875	1555.5
480	1555.321429
155.7407407	1556.462963
821.28	1559.88
436.8611111	1561.388889
278.0612245	1566.326531
764.7333333	1566.333333
681.5	1568.5
635.7586207	1569.206897
554.5853659	1570.536585
577.3333333	1570.692308
1090.72	1571.64
613.7446809	1573.744681
399.3529412	1577.411765
314.9230769	1577.923077
522.6153846	1579.5
783.7096774	1581.290323
834.675	1581.8
799.12	1585.24
442.7916667	1586.5
197.1132075	1587.264151
1081.513514	1588.027027
463.3703704	1591.259259
635.7058824	1592.5
179.4193548	1593.5
480.96	1595.52
607.46	1595.28
100	1596.5
473.0909091	1597.254545
644.0547945	1600.726027
498.5	1600.5
284.875	1603.333333
634.037037	1603.703704
812.452381	1605.428571
488.0727273	1606.436364
578.6590909	1606.068182
455.9444444	1609.166667
459.8918919	1608.972973
139.3	1611.642857
433	1611.5
819.2857143	1612.5
370.0869565	1612.956522
398	1617.411765
957.3636364	1619.75
153.7681159	1623.028986
338.5	1625
1054.614035	1624.192982
403.137931	1625.586207
390.2830189	1625.528302
468.6470588	1627.617647
605.5890411	1626.876712
413.2931034	1631.275862
419.1282051	1632.974359
351.64	1633.24
578.9069767	1636.72093
896.3529412	1637.529412
370.4705882	1638.764706
695.5555556	1639.888889
531.5454545	1640.945455
686.7435897	1640.051282
921.9473684	1641.789474
568.6	1642.32
418.3965517	1642.482759
442.9736842	1644.815789
171.972973	1646.162162
487.1428571	1649
858.2	1649.5
985.6	1648.76
217.2884615	1650.846154
295.125	1651.354167
158.8148148	1651.592593
854.173913	1654.195652
201.3469388	1654.244898
627.4262295	1655.770492
535.5	1657.8125
998.8965517	1657.689655
576.3541667	1659.645833
664.3055556	1660.722222
487.0769231	1661.423077
652.5	1663
243.7333333	1664.155556
142.1904762	1665.634921
521.5319149	1665.148936
108.5	1666.125
582.754717	1666.245283
217	1667.14
242	1669.5
612.3870968	1669.677419
197	1673.153846
408.7777778	1673.5
594.5535714	1675.178571
431.5483871	1676.806452
199.4179104	1679.686567
414.0833333	1684.083333
425.5208333	1684.833333
523.5	1685.714286
624.7321429	1686.482143
254.5068493	1686.780822
112.3611111	1689.097222
822.9615385	1688.346154
401.25	1691.75
413.5428571	1696.571429
185.25	1697.2125
270.7631579	1701.736842
1037.181818	1703.272727
404.1666667	1703.541667
626.3	1707.5
73.62068966	1708.155172
128	1712.207317
213.25	1716.553571
1099.310345	1717.103448
362.7755102	1718.591837
653.4375	1719.21875
232.1666667	1720.240741
306.0869565	1722.086957
68.6779661	1727.237288
405.0606061	1726.727273
249.3230769	1728.338462
279.7407407	1727.740741
255.7142857	1730.5
131.5	1733
595.3333333	1734
824.8095238	1733.142857
483.9736842	1737.394737
316.7073171	1742.317073
323.8913043	1741.630435
186.5576923	1743.076923
691.3055556	1743.055556
72.36666667	1745.066667
636.9259259	1744.333333
522.8965517	1748.534483
276.9767442	1750.418605
941.0909091	1751.909091
622.8888889	1752.444444
438.0810811	1756.540541
353.5507246	1757.478261
333.6666667	1759.703704
153.3125	1759.5625
201.4074074	1761.907407
357.75	1762.375
701.4285714	1763.619048
296.5384615	1767.384615
406.8103448	1768.344828
74.26666667	1768.622222
232.1578947	1768.842105
1108.588235	1771.882353
973	1773
990.2	1773.52
178.3389831	1774.711864
626.76	1780.04
160.4117647	1781.156863
706.1346154	1782.865385
482.68	1785.4
234.1627907	1787.418605
702.3095238	1787.928571
65.45283019	1787.90566
87.37931034	1788.482759
1065	1788.387097
55.88372093	1789.116279
833.9787234	1788.829787
681.375	1790
920.8529412	1789.647059
106.4901961	1791.745098
415.6730769	1792.384615
321.4615385	1794.096154
592.9215686	1795.901961
332.5	1796.5
739.6046512	1795.465116
157.1403509	1797.824561
557.0740741	1797.962963
376	1799.481481
456.8	1802.133333
706.8837209	1810.116279
226.075	1811.9
383.5714286	1813.619048
720.0909091	1814.818182
676.7428571	1816.257143
401.2727273	1819.5
351.875	1819.666667
386.173913	1821.434783
979.9259259	1823.407407
1007.346939	1823.346939
677.7183099	1824.422535
55.375	1826.041667
395.3548387	1826.258065
737.8965517	1826.482759
786.7	1825.8
386.0952381	1827.095238
668.4473684	1826.736842
704.8965517	1829.172414
727.0384615	1829.269231
741.5428571	1831.714286
688.0816327	1831
352.5522388	1832.149254
535.0666667	1833.5
594.0833333	1836.4375
52.89473684	1839
389.96	1838.96
552.3939394	1838.272727
556	1840.84
171.3157895	1841.210526
1022.956522	1840.456522
368.1470588	1842.264706
175.78125	1843.125
357.1290323	1842.225806
738.02	1843.3
570.173913	1846.586957
254.516129	1847.83871
587.6666667	1847.875
611.5	1847.2
371.4	1849.733333
387.4	1849.65
487.3389831	1848.915254
648.8378378	1848.972973
793.1818182	1849.181818
349.4782609	1850.391304
709.9473684	1850.157895
74.96774194	1851.774194
378.1632653	1850.163265
426.7666667	1851.3
441.5074627	1851.641791
52.44444444	1852.777778
431.3703704	1851.975309
662.1860465	1853.372093
360.2826087	1854.043478
690.4146341	1856.317073
635.6481481	1857.074074
124.0517241	1858.862069
381.3529412	1859.392157
377.6666667	1863
413.8243243	1865.027027
390.4042553	1866.882979
553.8	1865.781818
530.2884615	1867.288462
425.1136364	1866.272727
453.7272727	1868.072727
424.0526316	1871.5
369.6071429	1871.214286
588.3043478	1870.782609
741.4	1872.4
719.2307692	1875.5
400.6349206	1874.285714
634.0227273	1877.204545
150.2807018	1878.736842
952.6428571	1880
998.6764706	1880.029412
760.7460317	1881.015873
375.1111111	1883.222222
314.1578947	1884.157895
73.61016949	1885.169492
148.875	1885.875
653.2745098	1887.019608
719.2068966	1888.103448
269.1666667	1894.547619
124.5833333	1896.216667
720.4313725	1896.803922
772.4814815	1895.740741
372.625	1898.944444
405.9354839	1897.387097
151.5581395	1898.372093
396.4655172	1899.913793
56.27659574	1900.489362
360.1212121	1901.060606
566.3529412	1901.470588
680	1902
375.4166667	1906.5
405.92	1905.44
645.3333333	1904.733333
737.1818182	1905.181818
934.6666667	1906
670.7058824	1908.029412
432.6615385	1910.415385
1112.545455	1910.272727
396.9204545	1911.295455
733	1911.238095
322.9047619	1914.428571
277.0483871	1918.193548
416.4090909	1919.568182
151.4363636	1919.472727
793.1458333	1919.0625
379.6067416	1920.280899
727.125	1921.482143
561.4166667	1921.916667
648.9852941	1921.294118
190.9423077	1923.269231
577.1333333	1924.533333
316	1927.09375
503.4102564	1926.974359
531.8928571	1927.821429
207.7777778	1929.5
574.4117647	1931.882353
409.5945946	1933.027027
396.8064516	1933.935484
724.5	1935.5
239.0909091	1936.909091
689.6111111	1937.277778
633.5254237	1936.627119
536.5652174	1938.608696
554.8181818	1940.181818
441.0491803	1941.622951
727.4	1941.4
628.8392857	1943.767857
539.4090909	1944.227273
595.6129032	1944.387097
650.8181818	1946.818182
509.3666667	1947.633333
602.5510204	1948.22449
875.5	1948.777778
784.4285714	1950.053571
1005.375	1952.15625
342.15	1952.625
433.2	1952.733333
920.4054054	1955.405405
509.4074074	1956.185185
572.7777778	1956
590.0526316	1958.578947
81.21818182	1959.272727
228.7058824	1959.5
152.6724138	1961.913793
712.440678	1961.542373
537.625	1963.5
560.0434783	1963.043478
76	1964.2
857.1666667	1963.805556
719.5	1964
827	1964.5
959.8378378	1966.513514
399.3076923	1967.865385
633.9347826	1970.608696
706.1466667	1970.146667
132.1276596	1971
357.1481481	1971
534.6551724	1971.275862
921.4594595	1971.216216
313.6764706	1972.588235
470.2244898	1972.673469
419.75	1974.75
390.34	1974.64
446.6415094	1975.150943
62.26415094	1975.528302
589.1538462	1975.553846
560.09375	1977.3125
750.2	1977.2
49.33333333	1979.25
736.890625	1979.59375
620.0344828	1980.224138
402.4354839	1983.112903
584.9622642	1984.528302
708.3703704	1984.148148
210.9230769	1985.769231
481.5675676	1986.945946
592	1987.5
653.7272727	1987.69697
438.9333333	1990.933333
300.9090909	1991.909091
597.047619	1992.190476
331.5	1992.8
160.3877551	1994.040816
308.9333333	1993.755556
730.6027397	1995.205479
514.7272727	1994.818182
199.8823529	1996.54902
561.1323529	1996.367647
601.4666667	1996.866667
577.8275862	1997.896552
258.0909091	1998.939394
297.2857143	1999.5
690.3636364	2001
382.4347826	2002.73913
563.8191489	2005.031915
554.8214286	2004.535714
584.9056604	2004.132075
602.28125	2004.625
215.4583333	2005.125
468.8666667	2006.653333
396.1944444	2006.888889
382.1458333	2008.041667
459.5862069	2009.448276
971.1162791	2008.930233
430.4727273	2009.509091
466.9487179	2011.717949
581.5555556	2011.044444
385.5263158	2012.315789
335.3461538	2013.846154
436.3636364	2014.75
52.66666667	2015.222222
480.1428571	2014.928571
517.9473684	2014.842105
546.2857143	2014.714286
462.8717949	2016.512821
293.8684211	2017.447368
505.8275862	2016.896552
659	2017.36
272.875	2018.5
723	2017.5
1027.5	2018.578947
343.2962963	2018.518519
458.968254	2021.746032
543.3333333	2022.333333
470.2105263	2023.052632
615.0434783	2023.086957
290.025	2025.9375
309.4888889	2023.444444
429.2083333	2023.875
250.3898305	2024.305085
393	2025
444.1428571	2025
565.220339	2025.576271
655.5952381	2026.190476
677.0454545	2024.590909
994.2272727	2026.909091
477.1515152	2028.363636
859.4150943	2031.396226
563.1176471	2031.411765
782.6666667	2032.074074
738.7058824	2035.5
104.6511628	2035.930233
161.5	2036.285714
291.2666667	2035.8
877.1052632	2036.122807
296.7906977	2037.186047
564.9777778	2036.022222
686.7777778	2036.5
482.0666667	2039.022222
571.9090909	2039.090909
285.4142857	2040.557143
523.6041667	2040.666667
696.0163934	2040.098361
50.5	2040.5
409.0571429	2041.257143
760.2857143	2042.5
719.6818182	2042.477273
781.4468085	2043.042553
466.3541667	2044.3125
563.9814815	2043.481481
226.7222222	2045.777778
371.4545455	2045.878788
523.5882353	2047.882353
798.5	2047
725	2048.307692
251.3555556	2048.911111
464.4255319	2051.489362
1050.5	2050.5
1014.826087	2052
222.0192308	2053.980769
432.0909091	2054.090909
529.4782609	2055.478261
540	2054.735294
131.6530612	2055.714286
828.6451613	2056.258065
294.7857143	2057.357143
384.3043478	2057.086957
275.2173913	2059.130435
189.8153846	2061.8
303.7358491	2062
51.06451613	2063.193548
495.4137931	2065.068966
265.1785714	2067.107143
437.4615385	2067.230769
527.7142857	2067.5
811.7941176	2067.088235
715	2068.846154
498.2790698	2071.116279
507.21875	2071.375
545.9148936	2071.276596
348.7272727	2071.5
749.9814815	2071.62963
491.244898	2073.306122
243.8181818	2074.515152
452.4705882	2074.058824
336.6410256	2075.051282
405.1470588	2077.294118
634.4857143	2078.4
259.3125	2079.6875
268.0666667	2081.311111
619.9473684	2080.447368
662.4444444	2080
964.4074074	2080.740741
685.6382979	2083.021277
796.6666667	2086.684211
119.0615385	2089.523077
523.5384615	2090.641026
105.173913	2092
621.0909091	2092.363636
640.6197183	2091.28169
332.6666667	2092.62963
338.9375	2095.90625
263	2096.826087
676.4137931	2096.706897
622.6666667	2098.368421
280.2857143	2098.928571
524.7073171	2097.878049
392.9166667	2098.138889
530.5576923	2100.076923
738.3684211	2103.263158
982.859375	2103.015625
389.0416667	2104.541667
947.5	2104.5
486.8235294	2106.176471
375.6111111	2106.777778
380	2107
519.8695652	2107.108696
609.1346154	2107.557692
502.462963	2108.296296
59.25581395	2111.139535
1011.346154	2112
1049.673077	2112.173077
563.8139535	2112.302326
868.4	2113.65
596.95	2114.925
206.4310345	2117.534483
296.25	2118.083333
512.0980392	2118.509804
151.030303	2119.545455
381.5384615	2119.538462
185.25	2121.1875
200.875	2120.875
231.1538462	2120.615385
263.7916667	2123.166667
300.4705882	2123.176471
382.76	2123.96
500.2461538	2122.630769
577.5438596	2123.508772
604.7384615	2123.692308
931.5	2123
343.2666667	2125
375.3846154	2127
591.8518519	2126.166667
578.4074074	2131.074074
858.3888889	2131.055556
504.5384615	2132.435897
95.40983607	2133.868852
485.2162162	2134.324324
381.9565217	2135.130435
649.8039216	2138.764706
222.1929825	2138.736842
534.9047619	2138.571429
542.8888889	2138.866667
569.1111111	2140.944444
135.9259259	2141.148148
457.3030303	2142.090909
687.6825397	2141.920635
818.1527778	2141.333333
354.173913	2142.717391
727.3235294	2142.588235
75.10714286	2143.5
386.8472222	2144.180556
472.75	2144.666667
278.483871	2146.467742
717	2146.2
378.54	2147.38
710.2909091	2148.781818
770.5	2149.3125
303.3589744	2150.871795
569.1304348	2150.847826
350.8571429	2153.367347
749.7826087	2154.652174
458.7058824	2155.5
732.2222222	2154.944444
926.1463415	2157.853659
936.4150943	2158.584906
81.26086957	2159.673913
188.8793103	2160.965517
606.8955224	2161.059701
353.5555556	2163.5
468	2163.5
676.4615385	2163.846154
219.175	2168.875
36.35294118	2170
165.1666667	2170
299.5	2170.222222
549.3076923	2170.307692
876.4242424	2169.575758
564.6363636	2171.090909
106.2692308	2172.211538
852.3	2173.833333
50.13461538	2175.461538
496.3333333	2178
381.48	2179.24
614.5853659	2180.512195
647.084507	2181.873239
869.65625	2182
470.6363636	2183.5
543.7857143	2183.8
847.3684211	2185.210526
374.4666667	2186.433333
493.5652174	2185.586957
593.2368421	2193.605263
791.5714286	2194.628571
465.3333333	2197
142.8461538	2197.192308
862.875	2198.875
206.5641026	2199.74359
349.2	2199.890909
603.1395349	2200.046512
496.625	2201.25
503.3333333	2201.266667
393.4821429	2203.571429
402.5609756	2202.634146
608.8888889	2202.833333
564.8421053	2204.157895
934.5862069	2203.724138
267.6875	2206.125
891.15625	2205.28125
1065.777778	2206.296296
216.9	2207.05
232.8125	2206.6875
538	2209.5
700.1363636	2211.363636
473.390625	2212.765625
146.7166667	2213.05
401	2212.956522
889.6896552	2212.655172
285.5822785	2214.265823
379.92	2214.34
778.92	2214.4
457.6	2216.34
467.7659574	2216.085106
104.8372093	2217.162791
1018.361111	2216.472222
36.14285714	2218.285714
742.2051282	2218.871795
449.7435897	2221.589744
515.5	2223
433.952381	2225.761905
43.35555556	2226.377778
525.9047619	2226
54.79069767	2228.209302
347.4545455	2229.181818
843.7777778	2228.962963
848.3888889	2228.777778
1048.660714	2230.196429
353.5	2234.571429
37.04545455	2233.454545
346.5714286	2236.857143
1020.733333	2235.166667
37.19354839	2238.935484
265.6481481	2237.944444
330.7419355	2239.451613
358.8545455	2238.945455
607.3214286	2239
306.875	2240.333333
455.9818182	2240.854545
372.6071429	2241.821429
179.0363636	2245.2
695.25	2244.55
400.9166667	2245.833333
455.0857143	2249.285714
591.8235294	2249.529412
785.9	2249.7
724.9245283	2250.849057
564.3333333	2250.972222
789.6538462	2254.769231
561.6530612	2255.285714
222	2255.913043
513.2903226	2255.193548
657.9090909	2255.090909
1022.306122	2255.122449
45.16666667	2255.52381
620.1111111	2255.944444
369.8928571	2257.285714
764.1052632	2256.736842
555.4	2260.316667
340.0769231	2262.015385
809.4166667	2263.583333
502.4761905	2263.809524
625.4482759	2263.689655
759	2264.02381
763.65	2263.7
198.0952381	2264.904762
274.2711864	2264.728814
55.09722222	2265.472222
891.4761905	2266.619048
134.4909091	2267.327273
803.3111111	2267.577778
551.1428571	2268.333333
755.92	2269.96
1055	2269.5
644.3529412	2269.745098
116.1914894	2270.723404
429.3947368	2270.342105
875.25	2271.775
753.625	2275.041667
622.7857143	2274.5
651.2033898	2276.762712
907.4242424	2278.575758
845.7764706	2279.129412
640.5714286	2280.2
574.0571429	2279.695238
665.125	2283.5
750.8205128	2283.307692
483.0882353	2284.176471
907.2666667	2283.8
428.1463415	2287.439024
909.4615385	2288.576923
320.5555556	2289.194444
517.6176471	2291.088235
623.25	2290.4375
750	2291.677419
565	2293
911.1052632	2294.368421
483.2592593	2295.851852
905.375	2296
1038.264706	2297.852941
432.7333333	2298.622222
459.4	2301.166667
806.0652174	2301.108696
476.3928571	2301.946429
846.7115385	2302.519231
462.1724138	2305.724138
916.6666667	2306.111111
631.9230769	2307.153846
868	2307
338.5333333	2308.12
539.7058824	2308.191176
367.8125	2310.9375
612.95	2310.25
920.1698113	2310.226415
575.6774194	2311
587.5555556	2310.37037
589.5909091	2313.863636
679.974359	2314.205128
583.6515152	2316.606061
609.5454545	2316.290909
545.6	2316.6
571.25	2316.645833
538.5283019	2317.566038
657.0588235	2319.588235
307.9767442	2321.186047
379.7435897	2322.435897
559.3953488	2324.325581
586.3714286	2324.285714
901.8421053	2323.789474
741.4375	2325.625
148.9655172	2327.793103
349.9642857	2327.821429
484.05	2327.75
590.3414634	2328.658537
770.2162162	2330.378378
91.29545455	2330.886364
328.5882353	2330.764706
909.3448276	2331.793103
44.64705882	2333
774.6	2333.4
783	2332.783784
1011.3125	2333.671875
202.7777778	2333.777778
629.4117647	2334.882353
476.6111111	2336.277778
625.1764706	2339
308.3076923	2340.487179
224.6666667	2341.266667
634.4262295	2341
670.4444444	2341.888889
841.6507937	2340.984127
62.88333333	2343.016667
566.2857143	2346.5
224.8055556	2346.944444
69.83333333	2348.666667
393.9764706	2348.658824
653	2350
908.2647059	2350.794118
726.5	2353.5
565.4693878	2354.204082
455.2291667	2358.020833
676.5945946	2358
464.7222222	2358.888889
970.4328358	2358.80597
400.4324324	2360.432432
947.6470588	2360.607843
669.7647059	2363.078431
333.7826087	2362.347826
378.7222222	2364.148148
646.3333333	2365.444444
300.2978723	2365.87234
650.3469388	2368.061224
640.5217391	2367.152174
632.7777778	2367.6
231.5531915	2369.553191
443.9850746	2372.179104
467.4444444	2373.288889
533.7857143	2373.928571
623.0652174	2373.630435
410.6363636	2375.954545
960.0833333	2376.020833
65.38461538	2377.615385
374.7636364	2378.872727
554.125	2379.5
940.2222222	2379
70.64285714	2380.357143
82.29787234	2379.93617
195.5	2380
342.0909091	2381.318182
818	2380.875
863.9230769	2383.692308
462.5185185	2384.37037
383.5217391	2386.26087
769.0769231	2386.038462
694.0882353	2387.176471
405.7833333	2387.783333
505.8214286	2388.607143
582.1388889	2388.611111
654.3589744	2388.871795
482	2390.612903
561.3888889	2390.277778
604.3809524	2391.095238
647.5131579	2391.289474
892.3478261	2391.608696
677.9	2392.4
223.15	2392.8
253.3921569	2395.098039
428.8510638	2394.957447
493.0847458	2395.813559
582.4166667	2395.666667
610.5428571	2397.085714
435.4363636	2399.145455
586.5135135	2398.459459
569.4857143	2402.542857
754.6666667	2401.928571
439.9545455	2403.681818
980.6666667	2402.285714
42.33333333	2404.266667
230.255814	2402.418605
644.1276596	2403.12766
234.3333333	2408.095238
377.2678571	2408.464286
911.5333333	2407.7
646.25	2411.125
242.8076923	2412.615385
525.0909091	2411.890909
360.8444444	2413.933333
189.8235294	2414.843137
221.8181818	2415.181818
284.8421053	2414.5
470.5925926	2415.074074
641.5	2416
740.7857143	2415.5
371.1190476	2416.309524
781.2647059	2418.235294
432.6086957	2418.782609
573.62	2418.96
128.0819672	2420.098361
198.5882353	2420.882353
598.1707317	2421.731707
512.5121951	2423.902439
703.9090909	2424.159091
713.0810811	2425.459459
643.8333333	2426.041667
915.5	2425.714286
139.8857143	2430.428571
199	2431
408.9636364	2431.981818
835.8867925	2432.981132
264.6551724	2433.965517
435.5	2438.285714
946.9565217	2437.391304
291.4210526	2438.578947
653.372093	2441.023256
532.15625	2444.375
198.3673469	2447.693878
629.0461538	2446.6
768.875	2446.791667
244.4761905	2447.857143
591.5	2447.636364
169.4	2449.5
251.8305085	2450.389831
949.78125	2449.875
312.2	2451.2
368.7884615	2452.230769
141.4	2453.6
221.0243902	2453.902439
576.5	2453.5
61.81395349	2457.837209
494.6470588	2457.470588
735.1578947	2457.131579
246.8125	2457.890625
207.3387097	2458.903226
575.5744681	2460.085106
904.037037	2459.814815
453	2461.365854
595.2	2461.433333
427.025641	2462.102564
193	2463.5
260.7764706	2464.611765
143.2692308	2465.346154
356.9	2465.05
512.7777778	2464.944444
118.24	2466.06
867.2692308	2466.038462
567.3013699	2469.123288
645.4772727	2468.795455
198.7702703	2468.756757
944.92	2470.2
260.4	2474.316667
669.6176471	2474.705882
731.442623	2474.95082
608.3846154	2475.346154
49.48148148	2477.962963
656.64	2478.84
952.2692308	2477.653846
265.6875	2480.8125
362.7916667	2481
572.9375	2481.1875
591.2586207	2480.637931
698.9275362	2481.884058
713.2758621	2481.586207
792.1607143	2480.357143
212.05	2480.9
218.8148148	2482.54321
613.5892857	2485.482143
166.8055556	2485.055556
213.4888889	2485.6
273.95	2485.1
578.35	2486.1
625.7	2486.62
310.25	2489.75
698.375	2489.25
896.7727273	2489.409091
947.5	2488.47619
673.5517241	2489.586207
940.2295082	2490.442623
248.7567568	2491.081081
520.4814815	2492.12963
64.1875	2494.479167
346.2173913	2493.869565
795.875	2495.4
868.4464286	2495.071429
563.6585366	2500.170732
683.96	2503.18
635.4375	2503.8125
407.2631579	2505.368421
863.1351351	2505.891892
140.0322581	2506.806452
36.81818182	2507.727273
340	2507.673469
743.1470588	2508.382353
431.4358974	2512.25641
600.5925926	2510.925926
657.3469388	2511.673469
378.1551724	2512.62069
566.8222222	2513.266667
457.5384615	2514.230769
45.56	2514.68
638.3333333	2518.111111
564.3333333	2520.111111
431.8157895	2520.868421
407.7714286	2523.371429
671.2903226	2523.193548
587.3387097	2524.322581
598.8955224	2525.298507
418.0714286	2525.571429
437.5	2526.76087
735.4	2525.7
558.9857143	2526.657143
815.6222222	2527.088889
536.5636364	2528.490909
667.0277778	2527.916667
219.8958333	2528.895833
697.1071429	2529.160714
186.4516129	2530.580645
844.6	2530.88
870.1060606	2530.727273
580.1764706	2531.764706
370.28125	2533.65625
287.9152542	2534.389831
439.4915254	2534.033898
575.7142857	2534.542857
396.1363636	2534.75
590	2536
137.5675676	2537.459459
696.1212121	2537.333333
432.962963	2538.537037
445.4375	2539.541667
583.7941176	2539.794118
682.1904762	2539.857143
441.0909091	2544
605.0933333	2545.44
505.902439	2547.780488
751.6857143	2548.314286
593.9491525	2548.20339
175.76	2551.44
282.9591837	2551.081633
347.125	2550.875
252.4615385	2551.923077
682.9787234	2554.595745
107.9807692	2556.673077
568.1363636	2558
603.5	2557.222222
413.3809524	2563.02381
422.8791209	2562.21978
626.2105263	2561.842105
837.5263158	2562.5
578.1846154	2564.538462
87.75	2565.333333
238.8627451	2564.686275
230.9605263	2572.236842
107.4418605	2573.44186
426.8395062	2575.987654
555.8461538	2575.230769
628.2068966	2576.586207
690.9705882	2575.823529
721.3928571	2576.285714
828.5	2576
420.7916667	2578.083333
599.2857143	2577.107143
250.525	2579.35
357.779661	2581.033898
666.2352941	2580.352941
831.3877551	2582.306122
352.1176471	2582.588235
673.1851852	2583.407407
181.2820513	2583.769231
480.3137255	2584.431373
559.3478261	2585.043478
892.3043478	2585.333333
366.1052632	2585.684211
366.8125	2590.6875
352.7	2590.3
363	2591.393939
549.575	2590.475
426.7294118	2593.941176
449.7894737	2593.631579
779.5	2592.833333
622.0909091	2595.090909
940.6896552	2595.655172
640.804878	2597.634146
495.8367347	2599.163265
680.7333333	2598.666667
362.8	2600
943	2599.5
592.2857143	2600.857143
706.4242424	2601.575758
563.953125	2603.515625
210.3623188	2604.797101
396.902439	2604.560976
493.2	2603.84
931	2605.5
62.14285714	2606.52381
366.4464286	2607.339286
729	2606.333333
609.9166667	2608
685.9444444	2608.666667
691.0444444	2609.977778
396.1818182	2610.818182
745.2444444	2611.955556
217.25	2614.25
708.3492063	2615.380952
914.2321429	2613.910714
682.3488372	2615.674419
568.2068966	2616
754	2618.585366
55.42857143	2621.619048
406.7826087	2622.391304
553.8095238	2621.52381
686.3529412	2622.058824
856.0769231	2621.666667
472.6470588	2625.5
691.7222222	2626.111111
573.8	2627
800.0967742	2627.951613
666.2727273	2629.181818
380.097561	2630.121951
589.5769231	2631.307692
694.0754717	2633.09434
714.7272727	2633.045455
438.212766	2633.93617
914	2634
385.9259259	2635.592593
75.77777778	2637.351852
856.2794118	2638.514706
449.1111111	2640.444444
363.9705882	2640.705882
373.5882353	2641.352941
406.5128205	2640.871795
455.5	2641.285714
838.9354839	2640.854839
421.8928571	2644.75
693.75	2644.846154
359.9056604	2646.849057
642.75	2645.666667
854.3389831	2646.20339
631.5957447	2648.255319
793.5263158	2648.333333
404.7142857	2651.5
586.3461538	2650.942308
415.5384615	2652.230769
895.1971831	2650.239437
59.34090909	2653
277.1481481	2653.37037
572.505618	2654.382022
686.3157895	2654.421053
695.5416667	2655.0625
710.8444444	2653.144444
922.3272727	2653.527273
334	2654.5
599.6111111	2658.259259
739.5	2658.444444
358.2272727	2658.886364
440.6111111	2659.861111
155.5	2663.272727
652.1190476	2664.261905
939.1538462	2662.692308
455.5438596	2665.473684
67.06451613	2667.193548
387.5	2668.285714
110.6231884	2669.231884
886	2672.321429
727.7857143	2673.5
107.5	2675.2
69.59090909	2676.272727
814.8823529	2676.058824
562.9705882	2677.529412
240.8474576	2680.135593
890.9375	2679.875
103.9152542	2681.440678
387.4537037	2684.314815
513.5882353	2680.372549
63.97916667	2682.625
57.52631579	2683.684211
224.1282051	2682.74359
435.4444444	2684.511111
732.7142857	2683.5
698.0344828	2683.965517
896.4727273	2683.672727
737.7090909	2686.890909
147.2727273	2687.25974
792.6862745	2689
700.7826087	2691.695652
212.8965517	2696.172414
341.5333333	2694.633333
774.0810811	2694.756757
419.6103896	2696.350649
446.2413793	2695.172414
755.3846154	2695.615385
179.3684211	2700.789474
378.75	2700.458333
699	2702.307692
142.1774194	2705.83871
351.9642857	2705.446429
398.3333333	2706.444444
556.3235294	2705.441176
375.6125	2706.2
777.1666667	2706.888889
627.8235294	2708.529412
634.5185185	2709.222222
369.2363636	2709.854545
695.9452055	2708.972603
79.90384615	2711.057692
417.7714286	2711.571429
62.36363636	2713.454545
402.3684211	2713.657895
373.5384615	2715.134615
381.5	2715
465.52	2714.96
696.1290323	2716.548387
609.65625	2718.28125
377.6551724	2719.758621
122.5967742	2719.887097
345.4074074	2720.185185
638	2719.62963
520.6734694	2722.469388
361.55	2722.85
858.1020408	2723.102041
434.442623	2723.344262
645.5652174	2723.913043
189.6181818	2724.8
750.1904762	2724.952381
965.9565217	2724.913043
234	2728.301075
624.9444444	2729.527778
137.7636364	2728.745455
424.8965517	2730.189655
637.8823529	2730.882353
810.9574468	2731.765957
449.1351351	2732.675676
460.2121212	2736.787879
624.25	2736.625
401.6296296	2736.148148
419.5	2736.777778
869.0178571	2737.196429
690.96	2740.92
779.8245614	2742
343.0882353	2742.852941
463.4390244	2743.121951
181.8913043	2746.869565
628.7755102	2746.122449
324.5806452	2754.016129
376.0392157	2755.333333
204.372093	2756.767442
421.7377049	2757.852459
481.5	2758.5
694.6052632	2758.342105
727.5882353	2759.764706
747.4318182	2758.795455
535	2759.5
200.8888889	2760.555556
668.7586207	2760.862069
906.75	2761.6
424.8181818	2762.909091
954.44	2762.92
395.2903226	2763.677419
636.3548387	2767.064516
669.2280702	2769.877193
835.75	2767.660714
960.725	2766.725
394.4736842	2772.421053
341.9166667	2773.166667
404.6190476	2772.714286
442.2923077	2773.230769
122.8421053	2773.842105
808.9365079	2773.666667
449.9333333	2776.283333
696.6621622	2773.418919
351.755102	2778.306122
435.4117647	2778.882353
406.0338983	2779.016949
613.8235294	2780.705882
722.8444444	2781.844444
490.95	2783.15
509.3773585	2785.45283
878.7179487	2786.435897
918.3333333	2786.944444
438.96875	2790.5625
626.95	2788.25
87.4	2788.72
920.8235294	2792.764706
319.7777778	2792.555556
332.0638298	2793.361702
567.173913	2793.347826
667.9795918	2794.714286
749.5535714	2795.75
288.4358974	2797.205128
385.2954545	2797.636364
394.96875	2798.625
687.1206897	2796.362069
622.5128205	2801.589744
808.1956522	2802.152174
352.5	2803.321429
401.8533333	2804.44
684.8205128	2805.807692
425.9230769	2806.807692
621.2972973	2808.432432
644.2307692	2807.615385
512.7333333	2809.266667
538.5	2811.5
693.6	2811.5
758.9756098	2812.121951
311.7209302	2812.860465
638.3448276	2813.189655
614.8653846	2813.980769
867.2926829	2816.707317
445.8225806	2817.387097
409.2058824	2821.088235
787.6	2822.066667
881.5	2822.5
448.6428571	2824
916.3428571	2823.071429
528.1	2823.866667
720.8214286	2823.928571
729.5806452	2824.241935
426.3225806	2826.870968
943.2285714	2832.371429
968.5777778	2831.733333
264.0612245	2835.183673
754.5	2835
413.8461538	2836.230769
95.73214286	2837.392857
233	2837.243902
844.025	2836.45
144.5333333	2838.1
687.4285714	2838.346939
339.1818182	2838.818182
418.1311475	2840.836066
385.25	2841.204545
361.4098361	2841.245902
724.4230769	2843.538462
215.46875	2847.75
554.7560976	2848
568.5740741	2849.555556
124.6382979	2849.595745
656.6285714	2850.228571
630.483871	2851.032258
686.3703704	2852.148148
535.016129	2854.387097
613.6481481	2853.907407
749.7	2854.8
607.2580645	2857.387097
766.8888889	2857.222222
754.8292683	2860.170732
806.1388889	2860.277778
751.1333333	2864.066667
743.2941176	2865.117647
974.40625	2866.5625
608.0588235	2867.941176
669.8474576	2868.101695
282.1428571	2869.190476
305.0952381	2868.809524
399.4347826	2869.086957
719.8863636	2871.886364
305.3448276	2874.413793
351.6666667	2872.619048
944.8205128	2872.307692
748.5490196	2876.862745
391.8571429	2876.928571
641	2877.173913
705.8630137	2878.219178
198.25	2880.958333
641	2881.333333
650.3448276	2880.862069
765.826087	2881.565217
785.1777778	2888.444444
266.9393939	2889.666667
374.2222222	2890.5
755.5	2890.705882
146.6470588	2893.470588
333.0344828	2893.586207
381.6176471	2895.882353
751.1489362	2896.148936
133.8461538	2900.461538
241.2666667	2900.8
711	2899.818182
351.2258065	2903.419355
328.6086957	2904.217391
366.8235294	2905.705882
413	2906.135135
964.9545455	2908.090909
341.9714286	2909.185714
859.95	2910.8
368.4431818	2915.261364
205.6981132	2915.924528
885.7	2917.35
354.3939394	2918.030303
596.9482759	2918.344828
361.8823529	2918.676471
639.4655172	2919.793103
134.4933333	2921.693333
404.7916667	2922.541667
78.08695652	2925.681159
543.7105263	2929.289474
148.52	2932.12
183.6065574	2931.983607
192.6842105	2933.421053
341.4042553	2932.734043
410.877551	2934.469388
680.4848485	2934.393939
772.7435897	2935.051282
900.6470588	2935.921569
195.4615385	2937.153846
672.7894737	2937.631579
1016	2937.529412
190.6666667	2937.5
293.5517241	2938.172414
316.3	2937.25
847.6615385	2938.123077
164.5675676	2939.162162
329.2179487	2938.474359
633.3333333	2939.111111
257	2941.941176
313.1851852	2941.685185
352.7272727	2946.363636
394.2	2946.577778
316.06	2948.44
347.7931034	2950.103448
721.9722222	2951.388889
734.2307692	2950.769231
324.6212121	2952.318182
413.0735294	2952.132353
129.7592593	2952.685185
653.0416667	2952.708333
731.18	2955.76
854.1162791	2956.116279
680.9166667	2956.833333
711.7307692	2959.730769
384.7073171	2961.243902
661.1639344	2961.540984
706.8857143	2961
752.1428571	2961.238095
129	2963.352941
596.8823529	2966.588235
848.704918	2966.934426
83.5	2967.777778
327.1052632	2970.736842
473.5087719	2970.754386
672.1282051	2971.461538
108.1940299	2974.179104
595.0333333	2973.9
706.9545455	2974.272727
780	2974
512.972973	2976.243243
615.2790698	2975.627907
120.893617	2977.680851
679.0153846	2981.215385
729.4666667	2981.133333
889.9047619	2980.793651
688.2727273	2983
949.547619	2980.52381
855.0181818	2983.272727
487.7297297	2983.891892
166.125	2984.875
683	2984.933333
85.59722222	2985.986111
1002.822222	2986.133333
730.9607843	2987.431373
362.7692308	2989.5
1018.914286	2990.685714
337.1836735	2992.408163
967	2992.4
80.05555556	2994.277778
446.9482759	2993.258621
222.3170732	2997.146341
526.1	2996.9
396.9069767	2999.860465
848.54	2999.96
389.7142857	3001.392857
721.1857143	3003.242857
631.5	3005.176471
543.96875	3005.96875
642.4509804	3006.117647
111.2028986	3012.26087
460.5588235	3012.5
303.2	3014.15
954.0972222	3014.416667
147.2361111	3018.097222
463.5	3017.5
470.3877551	3019.22449
702.6229508	3020.377049
184.1851852	3022.148148
342.9795918	3022.244898
736.9636364	3026.545455
241.2941176	3027.794118
433.4358974	3028.564103
400.0434783	3029.978261
669.7894737	3028.842105
992.787234	3030.404255
272.7941176	3034.529412
667	3032.972973
494.42	3034.96
697.95	3035.9
662.55	3037.9
238.5192308	3039.346154
192.5384615	3040.326923
261.68	3039.62
645.9	3040.1
799.7407407	3039.851852
362.2916667	3043.208333
421	3044.6
496.5121951	3050.829268
461.6	3053.4
642.5	3052.5
89.18181818	3054.787879
532	3055.482759
440.3064516	3055.225806
413.475	3057.05
136.975	3061.675
330.7719298	3062.719298
627.5	3062
1015.435897	3063.487179
248	3064.853659
340.3658537	3065.146341
736.1538462	3066
579.5	3067
399.3043478	3068.695652
317.5	3071
719.1666667	3070.619048
335.5	3073.125
426.3508772	3073.807018
262.9230769	3074.846154
333.0588235	3078.294118
423.6486486	3080.486486
242.8194444	3081.486111
336.1304348	3083.956522
167.68	3084.76
407.6333333	3087.766667
694.2222222	3087.814815
895.2307692	3089.307692
489	3092.875
474.5897436	3095.769231
724.9166667	3096.916667
488.7894737	3100.342105
284.6557377	3101.442623
1000.774194	3102.16129
202.6515152	3101.969697
674.90625	3103.0625
527.7	3105
532.1333333	3105.266667
607.6857143	3111.228571
923.5	3111.5
161.4705882	3113.632353
481.4117647	3114.352941
336.0909091	3116.909091
365.25	3115.333333
401.2686567	3117.313433
574.5945946	3117.297297
728.625	3117.270833
631.0769231	3117.423077
660.72	3117.4
371.0833333	3118.75
705.745098	3122.098039
440.8	3123.955556
739.3888889	3124.5
747.9736842	3123.631579
746.8301887	3129.811321
810.0344828	3129.603448
737.7826087	3130.913043
1026.275862	3135.689655
222.1290323	3135.967742
947.5	3137.5
88	3139.5
440.7619048	3140.785714
264.3488372	3141.976744
731.5333333	3141.506667
448.52	3143.42
718.6136364	3144.590909
385.7045455	3144.295455
731.3684211	3149.526316
752.7317073	3148.585366
299.25	3151.55
825.0344828	3152.568966
359.0512821	3153.589744
236.3684211	3159.736842
1004.492537	3160.044776
665.75	3162.285714
761.5405405	3166.918919
913.0727273	3167.290909
655.2222222	3171.5
929.5357143	3170.785714
757.0434783	3171.73913
723.5	3173.25
163.96	3174.4
934.9130435	3176.391304
895.1	3182.675
765.3066667	3182.906667
775.56	3185.76
96.64705882	3188.5
207.4259259	3188.148148
622.35	3190.075
652.7719298	3190.491228
396.1	3193.65
516.2884615	3193.115385
757.6666667	3199.75
134.1509434	3204.132075
852.761194	3205.477612
912.875	3206.125
1041.2	3206.2
989.5641026	3206.641026
994.96875	3205.96875
429.56	3207.88
500.9166667	3208.083333
727.5	3207.928571
193.5789474	3214.105263
118	3217
468.2857143	3218.714286
513.6612903	3219.580645
1040.8	3219.5
153.3191489	3220.787234
794.8947368	3222.131579
307.4468085	3221.765957
703.2592593	3226.185185
924.765625	3227.75
117.673913	3229.826087
544.2162162	3231.554054
431.1176471	3232.588235
743.6666667	3232.883333
919.8095238	3234.428571
556.7692308	3237.692308
722.7727273	3237.863636
463.2727273	3239.212121
511.6666667	3241.111111
454.8863636	3242.409091
729.5142857	3243.2
229.0638298	3247.531915
947.9512195	3248.317073
509	3248.741379
972.5714286	3249.380952
976.826087	3249
915.9230769	3250.487179
516.7428571	3254.685714
361.953125	3256.0625
784.7735849	3258.358491
225.3	3262.15
524.7833333	3263.433333
673.2708333	3263.1875
197.7317073	3264.853659
355.3529412	3264.921569
758.8554217	3268.46988
739.1186441	3268.779661
408.1025641	3268.641026
407.3	3273.36
733.4642857	3272.392857
769.3571429	3273.071429
1054.15625	3275.90625
450.2153846	3276.184615
727.5714286	3276.142857
158.9210526	3281.052632
634.25	3281.25
943.3380282	3281.830986
881.5555556	3283.5
295.3606557	3285.344262
690.9189189	3286.540541
732.4363636	3286.527273
1054.184211	3287.368421
745.7534247	3288.561644
1010.44186	3290.55814
538.0882353	3289.676471
901.6086957	3290.434783
398.8	3294.107692
441.9705882	3304.264706
539.6315789	3306.491228
545.4666667	3305.866667
1008.862069	3307.62069
451.2368421	3309.421053
940.1190476	3308.880952
785.9090909	3310.878788
548.8648649	3310.837838
735.2727273	3316.6
1012.193548	3318.967742
737.5	3324.777778
429.2962963	3331.185185
818.48	3331.16
812.245283	3337.264151
258.9302326	3346.139535
714.05	3345.9
923.2962963	3348.074074
1004.595745	3361.595745
581.9047619	3369.380952
617.6129032	3370.241935
719.6666667	3371.071429
994.8421053	3371.5
713.3076923	3374.030769
598.3684211	3381.289474
712.5789474	3381.315789
947.5	3386
169.5818182	3386.727273
898.1176471	3386.882353
249.34375	3389.375
395.5	3394.5
799.637931	3396.758621
318.2608696	3399.565217
500.3076923	3399.423077
971.1470588	3400.176471
180.0740741	3405.592593
486.0555556	3406.722222
833.4193548	3407.758065
217.862069	3410.413793
523.173913	3412.130435
652.5862069	3413.068966
681.0238095	3412.880952
177.2368421	3416.131579
818.1111111	3420.333333
752	3422.172414
884.0555556	3428.833333
441.6153846	3432.25
765.8695652	3435.5
1013.323529	3436.029412
778.7142857	3443.5
867.0243902	3442.878049
1054.190476	3443.928571
923.8181818	3445.613636
216.5714286	3452.387755
241.7714286	3455.371429
295.5238095	3455.928571
1179.24	3457.46
628.5555556	3461.888889
670.5892857	3464.732143
1062.366667	3465.433333
720.9230769	3466.673077
828.4473684	3466.368421
544.3404255	3474.957447
1007.571429	3475.244898
413	3492.793103
840.6428571	3502.785714
772.1034483	3504.827586
851.5925926	3506.925926
639.4193548	3508.774194
598.3823529	3509.852941
710	3511.5
970.5614035	3511.912281
785.6	3514.32
808.0571429	3514.885714
1120.243243	3517.027027
301.45	3519.75
759.2340426	3526.574468
825.0588235	3528.823529
804.8730159	3531.031746
855.4888889	3530.822222
816.1666667	3535.666667
262	3536.826087
297.5652174	3540.826087
1123.5	3542.375
954.8823529	3545.147059
1020.4	3546.4
796.1509434	3550.566038
1077.37037	3553
1088.708333	3554.916667
610.4090909	3556.227273
302.48	3560.6
828.2608696	3561.608696
793.8888889	3561.574074
803.8474576	3561.864407
699.4	3564.96
553.8474576	3568.627119
637.2692308	3568.692308
768.2272727	3568.727273
1258.190476	3569.952381
712.5813953	3575.976744
740.8846154	3578.153846
813.7272727	3583.454545
985.1818182	3583.181818
891.5	3584
806.5	3585.5
582.5	3588.5
374.3823529	3589.970588
799.4102564	3591
1187.5	3590.071429
821.2173913	3602.608696
967.0606061	3604.333333
1255.083333	3613.666667
739.5952381	3613.309524
1193.1	3614.9
911.3846154	3616.384615
944.5111111	3616.133333
1006	3619.5
597	3620.5
837.7714286	3620.685714
1042.017544	3620.666667
536.4594595	3621.486486
822	3626.396226
848.4146341	3629.414634
988.2727273	3629.5
854.5333333	3632.666667
956.2413793	3636.126437
656.3714286	3641.114286
1098.978723	3641.170213
833.6129032	3644.33871
762.2560976	3645.158537
1204.92	3644.8
1347.234043	3648.212766
769.974359	3648.769231
800.5263158	3656.157895
1522.277778	3656.185185
393.2857143	3657.5
923.8333333	3661.083333
527.875	3663.333333
1188	3662.666667
1056.06	3664.02
806.375	3664.84375
1339.5	3673.5
1019.441176	3678.661765
872.2142857	3679
691.440678	3681.610169
1108.947368	3682.684211
1545.413793	3689.844828
1125.595238	3691.285714
947.0727273	3693.618182
952.0384615	3691.5
1511.508772	3694.596491
568.8285714	3697
989.8823529	3697.588235
1055.5	3699.5
1028.157895	3700.842105
1291.05	3702.025
1017.5	3703
377.6470588	3705.529412
1501	3705
1372.157895	3706.789474
1536.04	3708.16
1061.287879	3709.606061
854.5319149	3711.723404
1032	3716.894737
720.1555556	3720.177778
1195.157895	3720.421053
980.5	3724.222222
944.8421053	3724.842105
914.4375	3728.3125
1024.036585	3729.02439
836.925	3729.95
561.6666667	3732.666667
857.7333333	3734.466667
1579.026316	3735.894737
585.952381	3737.190476
766.3529412	3737.205882
1174.214286	3737.678571
1645.875	3740.875
825	3744.5
676.4	3745.457143
1598.545455	3746.727273
1594.5	3747
1642.770992	3747.29771
1614.2	3750.2
1096.666667	3751.755556
1602.166667	3752.816667
1607.777778	3754.814815
1639.285714	3753.428571
1090.971429	3754.628571
705	3754.5
721.0350877	3756.947368
1382.714286	3761.285714
1581.391304	3760.115942
1197.769231	3762.615385
1573.65625	3764.46875
863.1555556	3764.688889
958.1176471	3767.411765
1283.5	3769.4
1083.5	3771
485.5	3773
1074.5	3780.125
775.0888889	3782.955556
1034.074074	3782.407407
818.4242424	3785.575758
1039.571429	3792.228571
728.1754386	3792.842105
1073.648148	3793.074074
1060.384615	3797.923077
1091.157895	3797.947368
1686.866667	3797.333333
1592.674419	3802.116279
1635.5	3803.5
788.5	3806.5
1069.509091	3807.054545
1062.896552	3808.810345
1028.584906	3808.924528
1638.5	3815.222222
1008.117647	3817.882353
1012.628571	3820.371429
1084	3821.8
1193.722222	3825.138889
1012.65625	3828.375
744.8909091	3829.436364
995.5	3832.5
1112.194444	3832.555556
906.3214286	3834.321429
1028.277778	3837.111111
757.826087	3839.282609
1078.125	3839.125
1613.740741	3841.12963
799.5	3845
1448.827586	3846.448276
1521.822222	3845
1192.533333	3848.933333
1553	3848.5
1522.787234	3850.787234
1226.32	3852.52
1001.176471	3852.882353
881.3333333	3855.875
743.8108108	3856.297297
1054.238806	3856.19403
1265	3859.5
913.0952381	3860.190476
1179.5	3861.6
1077.731707	3865.439024
1153.457143	3864.2
927.5	3865.285714
1041.459459	3864.918919
1166.8125	3865.1875
762.9142857	3870.685714
945.7	3872.633333
1637.25	3875.875
948.5	3880.783333
1204.566667	3881.8
1023.474576	3882.661017
937.1875	3883.8
772.5	3886
1090.125	3887.725
1148.818182	3888.30303
683.1	3889.533333
937.3888889	3891.277778
1070.152174	3892.304348
1164.185185	3890.481481
949.8076923	3893.153846
1099.5	3907.5
1165.179487	3907.974359
1054.397059	3911.970588
1162.266667	3913.233333
947.0454545	3912.727273
1137.891304	3913.695652
1434.511111	3914.666667
1010.575758	3916.863636
1117.888889	3916.777778
951.4561404	3918.438596
1077.735294	3918.838235
1393	3920.5
949.1923077	3924.076923
1164.875	3928.958333
928.5806452	3928.548387
737.95	3928.5
1124.97	3933.09
1147.723077	3937.169231
964.4	3938.04
875.7209302	3949.232558
780.3555556	3972.188889
654.1111111	3972.666667
1614	3973.1875
1509.818182	3975.818182
1004.564516	3977.564516
651.1111111	3978.916667
726.5921053	3979.907895
843.8	3979.85
1057.137255	3983.764706
1639.142857	3983.452381
990.2439024	3988
1117.416667	3994.75
947.5	3998.818182
796.8181818	4002.424242
1010.34	4007.3
1152.103448	4011.172414
718	4014.758621
981.3939394	4016.484848
779.6756757	4020.567568
959.44	4024.2
703.4642857	4031.714286
804	4043.5
948.475	4043.65
755.5405405	4047.081081
1493.529412	4050.352941
1312.956522	4058.73913
1223.025	4064.225
1641.041667	4068.541667
934.8863636	4070.704545
937.2380952	4075.309524
1629.565217	4078.26087
1144.931818	4082.659091
876.3333333	4084.666667
1074.970588	4087.911765
1166.5	4107.5
1481.288889	4115.866667
1185.694444	4122.416667
1067.727273	4123.5
1330.310345	4129.448276
1447.64	4130.54
1024.741935	4135.145161
1091.424242	4137.787879
1091.181818	4143.863636
1004.277778	4172.611111
892.5	4176.5
1005.79	4180.65
1024	4196
1174.83871	4201.5
1036.553846	4205.353846
997.4444444	4207.185185
1220.315789	4206.289474
1046.5	4231
