X	Y
0	0
0	4714
4714	0
4714	4714
998.0862069	134.1206897
896.0243902	138.8780488
1001.633333	140.6666667
1009.444444	160.4222222
919.7083333	182.2916667
1027.928571	182.4285714
849.2	188
931.5	222.2222222
875.8125	232.5
880.3414634	232.2682927
961.90625	247.03125
878.1428571	254.9285714
887.4705882	264.4117647
1050.4625	265.8375
892.4166667	281.5833333
1006.652174	294.5217391
987.8863636	297.5
781.8148148	299.5925926
923.8846154	303.7884615
982.2068966	309.2758621
901.1176471	310.5882353
879.5714286	313.7142857
922	328
780.4347826	334.173913
908.4	334.36
805.6363636	345.9090909
696.75	368.5625
895.8	379.1
891.8571429	392.7142857
811.08	421.66
1115.517241	423.2413793
867.2352941	428.3921569
861.3571429	428.6785714
863.0625	433.09375
789.0384615	434.1923077
881	446.6190476
725.1333333	452.2333333
666.5641026	508.0769231
777.8461538	513.6538462
651.5	518.5
1068.631579	520.4473684
766.7373737	534.4242424
1044.984375	532.140625
1021.8	533.1
1029.862069	532.7586207
1038.310345	532.3103448
1017.481481	534.1111111
1004.304348	535.8913043
1009.565217	535.3913043
1013.518519	535.4074074
997.5348837	538.4186047
763.1190476	540.9285714
994.4090909	541.5454545
799.1142857	543.6714286
807.546875	542.453125
990.6111111	543.4166667
977.3934426	551.2622951
850.6590909	553.2727273
979.6666667	555.3030303
1002.727273	562.3333333
1007.217391	563.7391304
1006.434783	568.0434783
1010.681818	569.6818182
687.2941176	572.3235294
1023.176471	581.7941176
831.6363636	640.0909091
749.0869565	645.3913043
831.4457831	650.6626506
739.6	652.4
612.9736842	654.5526316
833.3809524	657.3809524
801.173913	659.1304348
835.5	659.5
837.4210526	661.1578947
611.0357143	661.3928571
847.2777778	666.3888889
843.24	669.52
583.2105263	678.3684211
811.3461538	677.3076923
815.9782609	679.5434783
829.7777778	680.5
660.7647059	693.5588235
662.3777778	698.9555556
799.4242424	705.4242424
638.5862069	715.9310345
820.826087	722.9130435
1024.555556	731.6666667
775.9027778	760.4166667
1047.2	764.5
1040.9	766.7
781.2051282	767.0512821
649.4137931	793.7241379
878.6333333	797.3666667
1154.175	798.325
924.7222222	811.0277778
725	814
754.4594595	818.7837838
795.5	818.7777778
556.5151515	820.6060606
655.4117647	822.1176471
923.2272727	821.3181818
810.4482759	827.4137931
875.6	829.4
899.5714286	829.8095238
904.1666667	830.8333333
931.5208333	832.4583333
903.9418605	836.8139535
806.0526316	842.5789474
855.5789474	840.3157895
747.6315789	840.6842105
891.6363636	840.9090909
936.125	840.9166667
897.4	843.44
1028.125	846.3333333
1033.432432	847
794.8378378	847.5675676
906.5277778	848.6111111
1039.96875	848.3125
760.5777778	848.7333333
788.15	848.85
1045.323529	849.1470588
911.24	849.76
1051.5	850.25
858.8181818	850.8181818
743.0526316	851.9473684
1061	851.5882353
802.6666667	854.3333333
899.5	854
786.5707071	859.5606061
794.2758621	854.8275862
1084.133333	856.6
782.9210526	856.6052632
801.4285714	858.3809524
1088.384615	857.8461538
579.6216216	858.7837838
881.4358974	858.9230769
907.3396226	859.7924528
896.625	862.5416667
902.5777778	863.6
892.3125	865.9375
912.8425197	868.5590551
903.1527778	870.9722222
931.5	866.2
894	869.3043478
950.3111111	868.1111111
898.1666667	872.7619048
920.8	869.5
907.952381	868.6666667
922.875	871.5
931.9310345	872.5862069
937.6129032	873.2580645
890.1612903	873.8709677
894.1818182	875
940.0526316	877.0175439
891.6666667	881.7222222
899.673913	879.0652174
889.5	878.5
907.5	879
929.2291667	879.2916667
886.7692308	880.8461538
936.9387755	884.8979592
947.2830189	880.3584906
800.2352941	882.4117647
885.1333333	883
943.3611111	884.0277778
514.4	886.6
720.5625	888.375
780	888
896.1818182	888.9545455
892.6315789	888.1315789
931.3333333	889.3541667
938.5	892.8888889
944.5652174	889.826087
552.4	895.0285714
775.9852941	893.1029412
779.625	897.78125
1142.25641	896.974359
775.7777778	899.5555556
943.2	898.8
1145.7	900.2
1146.96875	903.3125
725.5925926	926.1851852
764.4186047	926.8139535
760.0133333	932.6933333
1075	931
1158	930.5454545
756.5555556	933
745.5416667	939.8333333
749.3478261	942.3478261
745.7241379	945
859.2068966	943.6896552
741.9	951.4
733.2857143	955.5
737.8863636	954.5227273
994.0384615	955.7692308
999.9230769	954.8076923
986.4166667	956.5833333
708.35	956.75
974	958.3333333
747.875	969.6145833
754.7	966.0444444
737.5581395	967.372093
631.7166667	966.5
760.745098	971.3921569
755.125	972.75
696.6315789	971.0263158
1025.285714	972.8571429
741.8695652	974.9565217
736.6756757	977.0540541
671.826087	981
1030.5	986
572.7096774	991.2903226
711.8888889	990.3148148
711.1	996.2
715.9459459	1002
737	1005
1040.857143	1004.928571
1055.3	1004.85
694.5384615	1005.846154
650.5833333	1006.888889
646.7142857	1007.928571
541.1111111	1008.666667
904.2121212	1009.69697
706.4642857	1010.25
714.1666667	1011.5
1132.622642	1011.811321
537	1025.21875
656.6727273	1027.090909
484.4285714	1031.690476
922.46875	1030.90625
658.0689655	1035.413793
886.6842105	1035.973684
890.4444444	1037
485.4210526	1040.894737
754.2285714	1040.457143
1120	1041.5
1110.666667	1042.866667
917.2112676	1044.661972
1103.6	1044.7
892.08	1049.4
1090.12	1048.56
1085.647059	1050.411765
1077.727273	1051.5
1082.285714	1051.571429
891.4347826	1054.391304
1087.407407	1056.814815
539.1212121	1060
653.2	1059.5
657.7096774	1058.709677
389.625	1065.5625
641.1666667	1066.266667
918.0212766	1069.106383
1000.5	1070.5
699	1072.5
867.3608247	1074.515464
295.5	1076.5
394.9166667	1076.291667
394.9259259	1080.851852
1069.409091	1083.272727
777.2	1084.92
1075.868421	1086.894737
1120.615385	1085.384615
721.85	1086.775
726.8888889	1088.388889
776.90625	1089.9375
668.5217391	1096.478261
1234.263158	1097.315789
496.7777778	1102.638889
501.6949153	1107.610169
455.5	1106.5
673.6052632	1109.157895
869.4090909	1108.681818
812.6153846	1112.615385
866.25	1112.583333
566.95	1114.825
870	1115.541667
1236	1115.5
536.1052632	1116.578947
524.6969697	1117.242424
864.7826087	1118.369565
822.7027027	1119.162162
1238.090909	1121.090909
535.5641026	1122.076923
851.8	1122.333333
1023	1123.925926
1027.777778	1123.666667
1036.8	1126.044444
1046.04918	1126.393443
723	1127
1158.568182	1127.022727
1053.72973	1128
636.7096774	1131.967742
898.1666667	1129.97619
902.6666667	1131.083333
904.6842105	1128.947368
1060.604651	1130.186047
720	1131.5
1016.027778	1132.75
1069.111111	1132.296296
1075.04	1133.76
849.875	1136.339286
893	1136
861.125	1136.875
1091.325581	1137.348837
1105.608696	1139.434783
1110.8	1140.16
567.0810811	1141.567568
828.5	1142
893.530303	1144.606061
1123.55	1142.7
717.509434	1144.698113
890.0769231	1147.153846
1244.05	1147.5
686.4444444	1149.777778
857.877551	1149.204082
606.48	1153.1
613.3461538	1152.730769
857.744186	1159.55814
861.7916667	1158.25
1017.375	1158.75
1247.916667	1161.833333
741.5	1163
860.4	1167.633333
854.6428571	1165.928571
1146.891304	1163.369565
508.3863636	1168.818182
511.4166667	1169.333333
856.125	1171.25
809.5319149	1171.021277
671.5645161	1173.612903
807.6896552	1177.551724
670.65625	1181.375
689	1181.5
783.9038462	1184.211538
841.2777778	1188.055556
661.7272727	1189.454545
644.2647059	1190.852941
844	1192.210526
648.8181818	1195.909091
764	1196.321429
1035.472222	1194.5
582	1198.5
864.6	1201.533333
842.2517007	1205.380952
1034.85	1203.15
1080.857143	1204.928571
721.5789474	1206.105263
836.4	1208.8
1013.375	1206.25
918.8636364	1208.272727
1234.84375	1207.828125
1035.8125	1209.0625
1038.733333	1212.233333
1044	1213
235.3333333	1214.142857
442.8571429	1219.5
496.5	1221
205	1220.847826
1204.5	1226.5
813	1229.5
552.9642857	1233.571429
812.9295775	1236.352113
207.975	1235.375
213.7407407	1238.351852
535.88	1238.92
815.7419355	1242.451613
809.0526316	1242.578947
854.525	1242.45
207.4509804	1243.941176
753.3018868	1245.09434
813.625	1246.5625
809.5952381	1247.642857
720.2142857	1246.357143
772.9259259	1248.481481
1099.4	1247.914286
850.75	1248.458333
749.7068966	1250.775862
808.4390244	1252.609756
1097.384615	1254.384615
534.953125	1254.6875
616.5	1258.363636
718.5789474	1260.105263
345.6875	1264.6875
613.8947368	1266.342105
499.25	1266.333333
629.6	1266.6
882.3636364	1267.5
1031.051282	1267.692308
1082.821429	1269.392857
1102.615385	1282.384615
366.5483871	1283.419355
742.6285714	1284.771429
210.1764706	1285.558824
1054.575758	1287.575758
216.0392157	1289.980392
1032.564103	1291.333333
1282.954545	1291.136364
567.3098592	1292.957746
572.125	1296.125
251.6071429	1297.035714
210.4137931	1298.068966
255.4615385	1297.615385
935.5	1298.5
258.2608696	1298.869565
262.1363636	1299.863636
488.3913043	1298.434783
591.6190476	1298.571429
606.2325581	1300.767442
587.9473684	1301.894737
596.9640288	1305.913669
601.9090909	1303.954545
270.8846154	1303.653846
737.1538462	1304.230769
463.1666667	1305.433333
603.3333333	1306.333333
731.9777778	1306.933333
592.6842105	1308.105263
874.2162162	1310.972973
291.2222222	1311.5
583.2	1313.24
867.7666667	1313.933333
293.0909091	1315.363636
873.2272727	1315.727273
1284	1315.328358
442.1875	1316.5
601.7674419	1316.837209
381.125	1318.125
669.9	1318.92
582.3333333	1319.047619
401.6363636	1323.5
594.557377	1323.295082
608.3658537	1325
694.9166667	1324.083333
958.4313725	1326.647059
528.3055556	1326.722222
579.8461538	1326.826923
614.2631579	1327.394737
1284.666667	1328.733333
576.4857143	1330.914286
583.3333333	1330.857143
866.5471698	1332.075472
1273.428571	1332.428571
418.4411765	1332.823529
592.5	1337.5
1288.842105	1336.789474
481.6176471	1338.352941
1068.871795	1340.205128
703.5	1341.727273
876.4319527	1347.952663
891.1666667	1346.208333
593.875	1348.96875
892.8888889	1350.111111
914.6511628	1350.44186
594.8666667	1352.333333
877.5714286	1355.571429
925.4210526	1354.105263
881.6538462	1358
892.745098	1357.647059
597.4347826	1362.608696
558	1371
1169.071429	1371.857143
526.6538462	1372.846154
799.826087	1373
439	1375
395.1052632	1378.421053
481.9705882	1379.294118
595.5	1378.727273
1030	1378.666667
1067.86	1380.88
1175.714286	1379.5
635.4102564	1379.974359
630.0322581	1385.935484
514.4545455	1380.886364
617.5217391	1381.26087
712.875	1382.875
485.8	1384.76
1180.05	1385.85
430.525	1386.525
594.4444444	1386.222222
614.7241379	1386.103448
620.0357143	1387.035714
779.2307692	1387.5
610.5384615	1389.192308
616	1390.090909
635.3809524	1391.095238
882.6785714	1392.142857
1064.983871	1392.645161
902.075	1394.05
417.5	1396.833333
304.75	1398.4375
1275.5	1403
557.90625	1404.28125
453.1904762	1406.142857
562	1406.176471
558.52	1409.16
1291.585965	1422.575439
532.969697	1412.090909
329.5384615	1413.115385
1094.5	1414
331.9032258	1418.741935
477.7142857	1417.914286
376.7777778	1418.5
1273.521739	1417.376812
895.25	1420.818182
900.9655172	1422.655172
732.0952381	1423.52381
957.3636364	1428.5
508.5238095	1431.97619
708	1433
623.4516129	1434.580645
414.3666667	1437.366667
395.0909091	1442.090909
447.5675676	1442.945946
891.3153846	1447.023077
253.75	1446.05
899.875	1446.875
291.8181818	1449.181818
585.3214286	1449.678571
893.1666667	1452
1063.4	1449.6
928.5	1452.5
482.525	1454.775
658.3469388	1456.673469
505.4827586	1456.448276
725.36	1457.68
1023.111111	1456.666667
489.5	1460.352941
1028.041667	1458.541667
962.9310345	1461.586207
1031.103448	1465.103448
660.3	1465.7
663.3396226	1469.132075
727.1290323	1468.032258
905.75	1468.714286
663	1474
730.1428571	1476.803571
247.8421053	1477.394737
734.9666667	1483.866667
963.7777778	1483.5
196.1111111	1484.555556
449.5897436	1484.282051
500.2647059	1483.147059
491.0638298	1485.021277
535.8529412	1484.705882
576.7555556	1485.222222
945.5	1486.5
785.2741935	1488.362903
930.5	1490.5
1292	1498.5
575.3	1492.525
422.1428571	1492.928571
800.6904762	1492.904762
760.7777778	1494.62963
765.475	1495.4
311.5	1496.857143
948.56	1496.4
799.7419355	1498.903226
538.8421053	1500.315789
743.35	1499.95
952.25	1504.125
956.6060606	1504.030303
455	1506.324324
340.7142857	1507.5
369	1508.294118
659.6666667	1510.333333
745.25	1508.785714
951.4615385	1510.846154
1086.392857	1511.071429
747.4285714	1512.642857
957.2941176	1512.058824
1292.5	1512.714286
680.7857143	1516.357143
238.76	1514.8
684.9761905	1515.880952
957.9090909	1521.636364
287.0487805	1524.04878
684.8205128	1525.153846
773.44	1526.88
1298.954545	1531.136364
479.1111111	1537.518519
564.4	1537.542857
935.8289474	1538.289474
786.047619	1545.460317
790.0967742	1542
1058.771429	1544.428571
692.8333333	1545
1038.290323	1546.451613
967.6444444	1547.577778
973.2318841	1547.623188
922.1975309	1549.567901
915.9354839	1551.290323
920.8157895	1555.789474
1041.5	1552
273.1538462	1553.153846
509.8421053	1552.842105
276.9	1555.2
552.2972973	1555
1205.157895	1557.526316
764	1557.5
1158.5	1558.5
497.5	1559.777778
955.3076923	1560
1068	1560.285714
617	1562.121212
465.6333333	1566.466667
460.7222222	1569.583333
1127.1	1569.2
1306.3	1569.75
593.2647059	1571.117647
775	1571.5
1128.954545	1574.477273
766.6	1575.4
558.0660377	1574.858491
418.9032258	1577.419355
437.3333333	1577.111111
1015.625	1576.541667
1155.8	1577.12
1146.8125	1577.6875
1151.875	1577.875
1158.923077	1578.538462
976.5853659	1578.439024
1107.076923	1579.846154
1119.173913	1580.913043
1127.325581	1583.255814
1155.448276	1583
769.5	1584.777778
986.8181818	1585.745455
485.5	1586.5
1308	1587.5
563.6153846	1589.846154
318.7027027	1589
1016.107143	1592.535714
581.5	1594.222222
706.7096774	1593.709677
700.0555556	1595.777778
564.3488372	1598.72093
544.5428571	1601.8
236	1605.606557
598.4210526	1606.842105
973.375	1606.75
167.9545455	1608.727273
595.6363636	1610.772727
599.4090909	1613.818182
964.2333333	1614.766667
1319.25	1612.375
1018.829268	1614.341463
152.5952381	1615.333333
969.25	1615.138889
159.0208333	1617.75
1013.333333	1618.888889
1181.153846	1620
968.372549	1621.823529
1004.36	1622.56
1008.7	1622.7
945	1624.811321
1095.25641	1623.948718
985.25	1625.479167
479.5	1627.5
975.8666667	1627.466667
971.28125	1628.5
389.8235294	1629.764706
696.0769231	1633.435897
379.12	1635.2
1323.466667	1634.733333
329.4117647	1636.117647
526.6153846	1640.615385
1070.574468	1640.87234
1156.139535	1642.44186
1323.93913	1659.86087
1029	1646.258065
1022.756757	1646.594595
1084.241379	1647.344828
185.6612903	1647.967742
1124.204082	1650.122449
176.9032258	1651.322581
487.5	1651.5
1151.514286	1650.114286
753.5652174	1651.608696
777.4285714	1654.619048
353.5	1654.636364
809.4181818	1653.909091
1148.029412	1655.823529
172.84375	1656.3125
1207.363636	1658.757576
810.1428571	1660.928571
814.1818182	1660.454545
1168.857143	1660.928571
232.5652174	1661.391304
1070.862069	1661.37931
1069.322034	1669.542373
328.5	1671.636364
1124.925926	1671.407407
1233.24	1673.16
141.0588235	1675.352941
380.4285714	1676.628571
499.0638298	1678.787234
1324.010309	1695.340206
500.5116279	1684.023256
411.5882353	1688.117647
748.5	1688.15
471.9487179	1691.025641
410.3666667	1693.366667
571.5	1694.2
768.4210526	1694.105263
1191.45	1694.65
513.6346154	1698.903846
369.6666667	1701.851852
685.4583333	1704.708333
374.8518519	1705.962963
489.3	1707.5
631.4210526	1707.894737
1301	1714
425.0833333	1715.041667
722.5	1715.5
208.2222222	1716.777778
798.8846154	1717.846154
1201.12	1718.56
526.5	1719
1305.882979	1721.042553
1237	1722.825
396.9166667	1724.638889
870.5	1728.5
922.4527027	1733.006757
1243.789474	1728.052632
190.5806452	1729.451613
701.2285714	1729.257143
1136.777778	1730.5
1247.2	1731
149.5	1732.611111
1251.5	1734.5
136.5	1736
141.44	1735.8
372.6901408	1732.492958
803.8666667	1736.066667
876.8	1736.3
131.56	1738.24
302.6451613	1738.903226
875.9	1738.8
370.9230769	1741.692308
1258.714286	1741.952381
813.1192661	1744.697248
1161.026316	1744.105263
888.5	1745.142857
304.5	1750.5
823.5	1751
1252	1754.064516
396.625	1759.5625
1214.555556	1759.111111
391	1759.702128
1255.457143	1760.2
457.4117647	1763.117647
678.7142857	1763.5
684	1763.5
310.0882353	1774.647059
432.2727273	1777.818182
1303	1779.5
1127.684211	1780.315789
221.5	1782.5
432.5	1783.5
1019	1782
572	1783.357143
277.3076923	1783.634615
572.1176471	1787.588235
1027.222222	1787.5
1301.315789	1786.578947
218.6759259	1792.444444
1307.088889	1789.244444
316.6666667	1789.566667
465	1790.5
999.5	1791.5
1004.533333	1791.666667
392.5294118	1794.941176
446.7021277	1796.531915
1155.5	1798.6
393.245283	1808.811321
227	1801.1
944.25	1802
1305.090909	1801.909091
229.9230769	1804.115385
1296.314286	1805.071429
696.2674419	1807.22093
235.1875	1808.020833
240.7096774	1812.387097
395.7142857	1818
1133.8	1818.04
394.7857143	1823.5
369.0625	1822.6875
900	1823
251.6	1824.4
889.4	1824.4
894.8461538	1824.365385
183.2173913	1825.391304
479.5	1827.272727
887.0769231	1827.615385
817.5	1830
892.2307692	1831.461538
394.3018868	1831
1237.481481	1833.814815
306.2051282	1842.564103
725	1844
729.6774194	1843.516129
196	1845.5
1083.5	1844.777778
1288	1845.422222
749.7575758	1854.515152
758.7142857	1855.142857
543.3928571	1855.642857
771	1855.846154
775.1636364	1858.272727
752.0714286	1859.857143
911.0967742	1860.419355
671.0909091	1861.636364
547.5	1862.714286
1017.705882	1864.411765
1316.018868	1864.660377
991.6956522	1864.782609
670.1333333	1866.9
1074.697674	1870.465116
1240.08	1870.68
1069.636364	1874
985.5806452	1874.451613
258.5714286	1878.257143
678.375	1881.78125
781.3108108	1901.945946
209.2307692	1899.961538
777.2222222	1900.833333
212.9375	1900.875
495.6666667	1900.5
786.4761905	1900.857143
216.1111111	1902
222.4393939	1907.393939
389.85	1906.9
349.7254902	1907.019608
385.9210526	1910.947368
344.1481481	1915.259259
396.125	1915.125
390.4901961	1914.490196
341	1918.8
338.3913043	1922.434783
438	1922.5
347.5	1923
607.8518519	1922.740741
1078.352941	1923.5
332	1925.35
357.3333333	1927.703704
332.2975207	1928.867769
931.5	1932.642857
367.3488372	1932.813953
913.173913	1933
248.2333333	1933.866667
279.6	1934.16
605.8222222	1935.644444
403.8	1936
749.5	1936
362.8205128	1938.205128
1249	1939.392157
370	1940.5
407.4074074	1940.185185
753.6938776	1940.081633
351.3181818	1941.318182
281.5	1942.5
293	1944.155556
349.1818182	1944.818182
399.1724138	1944.793103
932.1111111	1945.555556
299.1764706	1950.352941
1257.027027	1956.216216
359.2222222	1963.5
363.6363636	1963.5
221.1153846	1965.346154
261.0869565	1967.347826
286.5925926	1970.259259
688.6521739	1968.652174
798.6363636	1971.909091
687.9836066	1973.918033
678.6145251	1985.815642
251.962963	1978.481481
683.5384615	1980.076923
261.8571429	1979.5
674.972973	1979.621622
792.9545455	1981.045455
709.6216216	1984.648649
502.5882353	1984.352941
704.6756757	1983.621622
838.1964286	1985.357143
1059.5	1986
424.7777778	1988.5
787.2297297	1989.445946
842.8108108	1988.621622
907.5	1988.777778
838.2307692	1990.769231
680.2394366	2002.394366
1260.607143	1993.5
682.4	1995.85
286.375	1996.775
948.1428571	1999.892857
845.3571429	2000.285714
830.0136986	2000.164384
823.295082	2002.459016
308.0215054	1998.16129
678.4444444	2010.388889
1034.55814	2009.55814
1281.115385	2012
264.2692308	2014.923077
683.7647059	2015.313725
678.5517241	2017.689655
297.9859155	2019.676056
686.340824	2030.981273
743.3548387	2019.354839
316.952381	2019.52381
250.9655172	2020.896552
740.8703704	2023.018519
242.09375	2023.5625
309.3846154	2022.384615
234.5714286	2026.571429
1185.435897	2028.025641
881.5	2030.222222
293.3157895	2031.157895
476.7058824	2031.970588
329.4224138	2034.422414
229.1612903	2033.612903
693.7692308	2035.820513
223.2972973	2037.162162
981.3333333	2038.111111
985.2666667	2040.533333
658.2857143	2045.979592
278.8947368	2054.5
1188.689655	2053.793103
270.2068966	2054.724138
728.0810811	2055.540541
464.7777778	2058.5
1243.016807	2058.386555
336.2592593	2060
805.4210526	2061.447368
1246.571429	2064.857143
962.8333333	2070.666667
397.1929825	2072.157895
295.1666667	2073.472222
1248.8	2072.688889
293.9473684	2080.315789
322.6578947	2079.105263
845.2	2080.5
318.2553191	2081.021277
393.2972973	2081.702703
747.5789474	2082.105263
316.2380952	2084.952381
307.15	2086.45
312.6176471	2086.294118
314.375	2091.375
747.1875	2090.0625
380.875	2091.875
533.4883721	2094.139535
542.4054054	2092.77027
369	2095.181818
538	2095.529412
923	2096
1176.829787	2098.148936
344.5319149	2098.659574
555.8717949	2098.871795
1167	2100.153846
334.125	2102.125
1031.423077	2103.403846
292.7165775	2107.433155
745.4074074	2103.925926
1131.5	2104.125
1034.235294	2107.382353
300.9333333	2109.688889
342.1383648	2113.72327
322.375	2115.166667
333.4461538	2113.169231
329.9162011	2124.72067
180.1428571	2118.071429
294.2	2118.45
298.6666667	2117.571429
411.1525424	2118.983051
653.84375	2119.09375
316.1111111	2120.777778
493.5	2120.5
319.5833333	2120.75
368.25	2120.118421
413.8421053	2122.684211
415.2758621	2126.275862
301	2127
304.7727273	2134.227273
554.5652174	2133.565217
203	2135.285714
557.3513514	2137.054054
552.1754386	2139.140351
759.1666667	2148.166667
393.5555556	2155.5
397.2	2162
337.3626374	2164.868132
107	2166.5
340.6833333	2174.416667
341.8571429	2170.571429
394.0625	2170.5
233.4	2171.5
307.5	2171.5
400.36	2172.32
291.5	2174.5
935.4473684	2175.763158
1003.5	2178.5
1123.115385	2177.692308
319.5	2180.125
315.9	2184.2
437.9885057	2185.298851
360.1975309	2185.580247
75.5	2187.5
524.2698413	2195.154762
318.375	2188.21875
436.3636364	2191.545455
848.9722222	2188.694444
299.2571429	2189.028571
365.3636364	2190.909091
530.8405797	2193.362319
662.5227273	2191.022727
435.3	2193.2
442.2083333	2191.208333
661.1836735	2197.918367
664.8095238	2195.857143
657	2201.045455
660.9	2202.15
522.2786885	2206.508197
656.4725275	2211.186813
923.72	2204.8
1013.096154	2204.903846
520.1666667	2209.75
1096.615385	2210.564103
661.4912281	2211.175439
107.5	2212.5
723.6363636	2212.5
523.5	2214
656.7241379	2222.12069
379	2235.5
1092	2236.5
1095.434783	2238.826087
1099	2240.35
385.9310345	2241.586207
1013.92	2242.52
672.1162791	2245.906977
669.3870968	2251.677419
673.4285714	2250.928571
872.7826087	2250.869565
867.8214286	2252.392857
1182.458333	2251.375
1174.081967	2253.114754
739	2258
398.6190476	2260.571429
904.8571429	2260.928571
1122.235294	2261.029412
1184.840909	2265.75
905.75	2270.222222
581.8125	2272.0625
915	2272.416667
417.5	2274.857143
930.2	2277.942857
653.9189189	2276.445946
658.2857143	2278.904762
654.5714286	2284.392857
702.3809524	2287.5
1037.47619	2292.952381
440.8571429	2298.071429
394.0909091	2315.113636
394.9047619	2319.761905
398.0833333	2322.875
393.3030303	2326.666667
397.4482759	2329.137931
397.2068966	2335.827586
392.8703704	2335.518519
903.5	2350.5
912.2162162	2349.621622
1117.647059	2352.029412
1002.212121	2355.939394
243.9375	2357.875
1006.444444	2359
204.4354839	2361.854839
207.9333333	2364.866667
205	2368.818182
208.8947368	2372.578947
282.9666667	2379.116667
1210.538462	2375.423077
1054.333333	2380.366667
1146.15	2380.375
288.4390244	2383.243902
1008.68	2387.6
1205.8125	2387.3125
1152.592593	2390.074074
418.25	2394.90625
755.7142857	2395.5
247.9777778	2396.155556
779.75	2404.057692
1199.7	2400.475
324.9555556	2412.444444
664.1929825	2414.807018
779.6	2418.4
662.5277778	2420.138889
680.25	2419.266667
683.9454545	2422.945455
665.1333333	2423.066667
731.6666667	2423.083333
426.2962963	2425.555556
511.047619	2425.857143
735.0526316	2425.315789
230.875	2424.979167
723	2427.5
448.9166667	2427.916667
727.125	2427.875
233.1764706	2431.117647
1018.653846	2431.153846
638.9259259	2435.611111
1075.5	2436.222222
214.3571429	2437.380952
219.3174603	2441.68254
211.3513514	2441.702703
263.1428571	2443.5
213.8095238	2446.047619
1031.5	2444.5
219.25	2447.375
720.2142857	2446.357143
474	2458.173913
445.5454545	2464.363636
257.2727273	2466.5
581.8431373	2467.039216
347.5	2477.727273
1060.019608	2490.980392
391.8387097	2494.225806
1054	2498.772727
631.8095238	2514.428571
780.787234	2516.148936
404.2105263	2519.315789
777.2571429	2519.171429
504.3191489	2539.893617
499	2546.636364
469.5833333	2552.25
470.4651163	2558.023256
476.7727273	2557.909091
467.5581395	2563.348837
478.5652174	2562.608696
473.8333333	2563.888889
773.8095238	2569.047619
997.2162162	2568.27027
385.5813953	2573.534884
388.8202247	2578.044944
442.3055556	2581.952381
1019.185185	2586.407407
449.4237288	2587.762712
433.9655172	2590.413793
439.902439	2594.341463
438.8684211	2599.473684
434	2601
866.5	2600.769231
1046.407407	2600.925926
429.8947368	2606.421053
922.7916667	2606.291667
638.5	2625.666667
370	2627.5
236.90625	2630.0625
380	2640.878788
382.752809	2644.606742
724.375	2645.125
989.5	2648.285714
458.5555556	2648.666667
456.875	2650.875
989.4	2652.6
457.0909091	2655.757576
448.7647059	2656.294118
980.6153846	2656.615385
455.3333333	2660.266667
372.875	2662.125
702.9333333	2669.133333
544.7966102	2671.983051
883.5	2672
548.1666667	2674.888889
550.4090909	2677.090909
544.3529412	2679.588235
550.2058824	2682.088235
351.75	2685.666667
568.65625	2685.9375
347.7142857	2688.5
570.3333333	2689.904762
413.7692308	2691.5
724.0714286	2692.142857
930.3333333	2693.2
720.6153846	2695.179487
679.9622642	2698.018868
298.6315789	2702.131579
679.5	2703
908.5	2703.147059
472.5	2703.5
679.7142857	2706.357143
676.2619048	2709.952381
243.9512195	2713.926829
372.1707317	2714
365.287037	2725.347222
715.7192982	2717.578947
770.2285714	2721.704762
786.0555556	2719.185185
790.4444444	2721
373.0487805	2722.926829
780.0666667	2723.111111
775.12	2725.52
792.1111111	2724.222222
770	2726
787.5789474	2730.122807
777.75	2727.916667
772.0833333	2728.25
89.17241379	2728.896552
781.3157895	2729.789474
762.9487179	2729.74359
926.4594595	2730.891892
368.1818182	2735.272727
793.2	2731.75
788.1111111	2735.222222
765	2734
771.9333333	2734.666667
783.59375	2735.5625
362.8333333	2736.833333
778.5223881	2736.223881
772.625	2740.25
767.0344828	2740.068966
774.6190476	2743.52381
391.6875	2745.3125
797.3225806	2748.741935
783.2758621	2749.362069
393.8684211	2750.157895
51.8	2754.5
47.05714286	2754.571429
779.5	2756.5
653.0833333	2760.833333
851.8	2763.5
703.5517241	2764.724138
289.8108108	2771.054054
799.8148148	2770.296296
732.8	2774
790.8518519	2773.481481
792.8695652	2777.521739
713	2783.5
770.8282828	2799.929293
795.5	2795.5
391.9347826	2796.021739
764.6451613	2797.677419
779.8478261	2797.630435
393.2727273	2800.545455
759.8888889	2801.851852
763.5666667	2805.033333
885.6666667	2808.791667
474.7941176	2812.705882
474	2819.535714
650.4	2817.5
240.6666667	2819
782.8852459	2817.147541
787.9583333	2819
312.3461538	2823
781.8571429	2822.928571
433	2828.5
311.375	2829.78125
323.8823529	2830.588235
654	2835
947.9	2845.2
324.3888889	2850.388889
421.9473684	2850.184211
521.826087	2866
713.6086957	2864.405797
447.1851852	2869.407407
707.9365079	2871.31746
712	2873.478261
711.6666667	2877.857143
315.1428571	2877.071429
706.8461538	2878.538462
704.9545455	2881.363636
709.9259259	2883.148148
705.9876543	2889.802469
303.9583333	2897.083333
957.9444444	2897.444444
743.1481481	2900.407407
257.5757576	2903.575758
427.2405063	2917.810127
830.7272727	2921.5
1043	2930.5
501.6666667	2929.4
506.6	2933.833333
314.8857143	2935.914286
471.3783784	2935.756757
570.2666667	2958.766667
693.45	2963.85
695.6521739	2968.086957
571.6842105	2967.385965
765.6892655	2985.056497
532.0105263	2980.336842
773.1860465	2981.116279
527.5609756	2979.731707
772.5625	2987.6875
760.1724138	2989.931034
533.826087	2990.891304
526.4139535	3001.893023
757.4	2996.4
755.1764706	3000.176471
204	3000.636364
532.1489362	3001.723404
587.7948718	3001.871795
770	3003.232877
590.0769231	3005.576923
589.2580645	3011.677419
531.2222222	3011.111111
895.875	3010.583333
354.1309524	3013.297619
358.3809524	3012.571429
417.7	3025.7
573.1666667	3025.5
838.3823529	3026.647059
833.4074074	3030.185185
814.5890411	3031.39726
819.8823529	3032.470588
811.8965517	3035
751.5	3043
766.6190476	3044.571429
155.68	3047.2
960.65	3050.65
55.5	3053.727273
794	3059.733333
796.2857143	3064.285714
801.3636364	3068.090909
268.6923077	3070.384615
930.04	3074.4
1065.5	3074
261.4210526	3087.421053
872.9756098	3089.902439
369.3333333	3090.916667
643.92	3090.56
372.1111111	3093.333333
124	3097.8125
119.0714286	3100.047619
163.5	3103
1021.5	3110.5
532.5714286	3119.285714
631.0512821	3128.871795
625.5217391	3132.065217
1093.111111	3131.777778
635.8536585	3133.170732
631.4545455	3136.5
625	3137.5625
636.2666667	3141.6
643.0519481	3144.324675
1075.7	3158.75
1066.642857	3180.142857
417.5656566	3203.555556
699.1851852	3204.407407
377.5789474	3213.105263
293.4	3216.4
944.1944444	3218.166667
88.69230769	3224
675.7924528	3236.169811
767.6111111	3239.444444
1013.2	3241
682.8205128	3240.615385
771.9736842	3242.368421
676.5652174	3242.608696
720	3243
724.125	3243.0625
687.5454545	3244.363636
706.4210526	3244.105263
723.0434783	3249.782609
762.04	3249.08
238.6363636	3251.909091
499.1935484	3256
212.75	3256.25
243.5789474	3260.105263
210.1142857	3260.342857
1005.727273	3263.522727
208.7037037	3265.407407
904.5	3265.142857
998.5	3267.625
163.9090909	3269.772727
206.9545455	3270.272727
754.4736842	3271.263158
989.6071429	3272.642857
218.3061224	3272.877551
756	3276.157895
199.05	3276.7
470.6382979	3279.702128
201.4545455	3281.272727
1007.777778	3284.185185
458.7692308	3285.153846
963.1025641	3284.384615
247.4074074	3286.074074
996.1086957	3285.978261
451.7808219	3287.164384
956.9	3287.9
1031.028571	3289.714286
953.8529412	3292.882353
514.7560976	3300.121951
353.52	3307.78
361.5714286	3304.035714
358.2727273	3305.818182
497.1851852	3314.537037
348.2307692	3316.038462
971.8421053	3315.842105
497.7692308	3318.769231
345.4	3319.96
342.1851852	3323.962963
939.0740741	3325.407407
337.7272727	3329.454545
397.4117647	3329.117647
92.89285714	3332.714286
417.8928571	3335.571429
741.8876404	3335.426966
419.5294118	3339.235294
747.0810811	3338.162162
972.9642857	3346.107143
385	3350.235294
132.875	3355.875
1061.461538	3366.519231
469.475	3366.95
1070.37931	3368.12069
866.3	3370.7
913.7234043	3372.361702
1024.722222	3376.611111
538.8409091	3377.977273
1043.842105	3379.842105
866.3	3380.3
940.125	3382.875
935.5396825	3384.15873
613.2307692	3388.538462
943.5588235	3388.588235
664.4594595	3390.918919
935.2105263	3390.368421
660.8421053	3393.421053
641.2972973	3398.864865
644.9255319	3402.5
689.3181818	3402.295455
645.5	3404.7
636.6179775	3405.606742
686.3030303	3407.393939
631.9166667	3410.708333
630.4090909	3413.863636
639.5238095	3415.547619
628.1746032	3419.904762
638	3422.166667
703.3257576	3425.734848
627.1724138	3427.206897
1033.119048	3428.357143
627.9047619	3431.333333
1027.205882	3431.735294
635.5479452	3443.19863
482.7142857	3436.642857
634.8181818	3436.545455
1022	3434.448276
1016.666667	3437.410256
480.8333333	3439
628.4931507	3439.780822
1011.911765	3442.088235
628.2727273	3449.090909
392.1403509	3457.017544
880.5	3455.15
635.4486486	3464.059459
389.3684211	3462.5
385.4677419	3468.387097
1019.5	3467.5
849.1724138	3468.62069
847.0416667	3472.958333
637.6666667	3474.920635
631.4137931	3475.482759
236.7333333	3479.2
635.9375	3480.1875
986.1052632	3482.421053
975.7631579	3483.473684
229.25	3486.472222
970.0263158	3487.868421
691.0740741	3495.592593
590.6190476	3514.428571
1173	3531.206897
719.0689655	3531.62069
718.8	3536.45
719.0731707	3542.634146
838.9148936	3546.340426
685.5	3574.5
699.9642857	3586.714286
1284.333333	3588.333333
1209.190476	3589.071429
705.8333333	3592.666667
913.5	3595.5
1225.948718	3603.333333
263.1111111	3613.333333
1125.090909	3622.363636
875.7407407	3624.296296
1324	3625.5
734.575	3625.225
270.4193548	3629.258065
673.4137931	3629.275862
1516.428571	3629.380952
1167.435897	3634.051282
1163.3125	3642.71875
971.4	3643.933333
1135.181818	3644
931.5	3647.5
1135.974359	3650.538462
1551.517241	3654.034483
1283.636364	3658.5
329.8947368	3659.631579
1321	3668
1334	3668.5
1233.931818	3668.954545
305.6792453	3670.584906
1338.259259	3669.814815
811.0769231	3670.307692
816.1388889	3671.222222
811.1363636	3675
1138.131579	3673.5
816.1034483	3677.310345
813.1794872	3681
808.037037	3683.074074
1273.465116	3683.767442
813.8571429	3687.166667
868.3823529	3684.852941
1237.804878	3688.560976
1179.225806	3691.16129
893.7741935	3692.580645
898.7659574	3691.914894
995.6153846	3704.615385
1152.65	3704.6
879.627907	3712.651163
1319.833333	3714.208333
1417.5	3715.5
1467.578947	3719.105263
1265.862069	3721.758621
1261.730769	3723.730769
1360.647059	3724.470588
1507.185185	3729.592593
1539.185185	3734.407407
1384.113636	3735.5
923	3739.605263
1246.222222	3739.740741
1249.533333	3743.333333
1534.072727	3744.018182
1284.928571	3744.857143
1544.209302	3743.976744
1252.590909	3747.477273
1370	3747.5
1451.5	3746.5
1412.130435	3748.130435
1288.352941	3751.852941
1453	3753.264706
1248.217391	3752.456522
1254.411765	3753.705882
1388.116279	3754.883721
1503.5	3755.5
1282.166667	3755.5
1269.055556	3757.444444
1332	3763.5
1777.833333	3763.933333
1268.721519	3766.696203
1553.5	3768
1265.625	3772.3125
1332.833333	3771.5
1328.47619	3771.52381
1266.6	3775.2
1304.585366	3774.902439
1327.923077	3775.384615
1458.032258	3774.548387
1378.395349	3776.186047
1228.07377	3776.221311
1274	3779.5
1196.333333	3782.079365
1261.5	3782.2
1325.125	3782
1013.411765	3785.117647
1364.573333	3786.586667
1275.5	3787.5
1326.088235	3790.558824
1176.466667	3791.066667
1356.849057	3792.603774
1173.288136	3796.016949
881.96	3795.52
1505.9375	3795.09375
1299.555556	3795.888889
1551.3	3796.85
1157.090909	3798.636364
1431.176471	3799.147059
1395.833333	3801
1422.772727	3808.189394
1430.903846	3806.192308
1544.378378	3802.243243
1213.925926	3802.592593
1270	3802.826087
1523.5	3803.5
1074.305556	3804.361111
1170.519231	3805.596154
1176.179104	3808.119403
1271.538462	3806.846154
1547.875	3807.125
1832.740741	3807.777778
1169.407407	3813.037037
1193.8	3812.675
1403.714286	3816.5
1560.733333	3816.666667
1555.931818	3819.431818
970.1538462	3820.410256
1353.083333	3820.083333
1182.5	3822.32
1262.407407	3822.074074
1073.5	3823.85
1563.714286	3824.5
1177.857143	3825.428571
1038.413793	3826.068966
1028.25	3827.295455
1227.794872	3830.717949
1122.735849	3831.075472
1815.93617	3831.617021
1113.268293	3832.414634
1277.384615	3832.615385
1820.866667	3833.266667
889.0526316	3840.403509
690.1411765	3845.047059
1467.666667	3844
1472.294118	3843.558824
1475.8125	3846.3125
1240.5	3847.8
979.4705882	3851.647059
897.8947368	3852.578947
983.3076923	3853.576923
1725.148936	3854.085106
1209.5	3855.315789
976.7931034	3855.482759
794	3856.826087
982.75	3858.375
1491.6	3868.4
985.4358974	3871.923077
1148.416667	3873.583333
1429	3878.666667
1643	3879.5
1317.363636	3887.5
1054.14	3892.18
1465.878788	3893.30303
1466.444444	3898.925926
726.2068966	3903.965517
919.9491525	3903.440678
1197.152174	3905.26087
1190.142857	3911.839286
1305.914894	3931.638298
1311.291667	3933.5625
1306.785714	3936.928571
917.5	3939
1253.035714	3940.821429
1395.804878	3944.585366
1815	3957.121212
1820.125	3957.125
1853.355263	3960.065789
1348.743243	3958.864865
1501.5	3960.5
1341.828571	3961.885714
1336.738095	3965.52381
1329.560976	3970.341463
1334	3969.9375
1628.6	3968.64
1061.363636	3971.5
1531.5	3987.5
1812.2	4001
1499.566038	4001.849057
1541.153846	4004
1634.62963	4004.574074
1637.65	4009.5
1713	4011.5
1639.076923	4012.692308
1503.5	4013.647059
1640.785714	4014.928571
1511.619048	4019
1518.566667	4020.966667
1732.7	4020.9
1503.4	4022.6
1737.666667	4023.111111
1560.407407	4026.074074
1313.958333	4030.291667
1647.190476	4030.142857
1523.666667	4031.690476
1529.423077	4031.384615
1799.766667	4035.266667
1311.364865	4045.27027
1522.714286	4046.5
1332.6	4048.4
1400.769231	4050.423077
1549.541667	4067.625
1528.5	4078.222222
1528.064516	4083.774194
1557.589744	4095.384615
1139.737705	4098.311475
973.0588235	4109.647059
1574.372549	4129.431373
1579.705882	4128.102941
1570.694915	4132.762712
1039	4141.5
1313.894737	4148.578947
1224.857143	4164.928571
936.225	4168.325
1442	4171.5
937.5384615	4173
1365.5	4180
1303.851852	4189.222222
1340.384615	4192.923077
1172.2	4210.428571
1315.619048	4219.5
