X	Y
0	0
0	4714
4714	0
4714	4714
854.4242424	99.42424242
780.8181818	114.8181818
761.4137931	179.5862069
769.3333333	186.75
777.6086957	194.0434783
825.08	206.68
697.2857143	210.5
854	241.1666667
785.547619	250.8571429
791	248.88
777.9	319.36
797.2068966	323.4310345
825.6	324.8545455
666.8108108	336.2162162
638.9433962	342.2075472
670.8529412	345.0882353
804.952381	346.1904762
811.4222222	345.6444444
821.2131148	353.442623
719.28	354.08
793.8421053	356.1578947
815.1904762	363.4047619
604.25	374.5
692.7241379	379.2758621
774.25	379.0833333
969.3703704	382.6296296
968.9210526	388.5
972.6111111	385.8888889
965.0520833	396.9479167
969.7142857	393.2857143
707.92	394.2
955.5	405.5
597.8148148	405.8518519
979.25	408.8611111
653.8548387	416.0967742
714.15	441.55
705.7083333	445.7916667
907.7083333	445.7083333
752.1428571	450.9285714
624.5714286	466.6190476
860.3	468.75
739.5	475
755.5	476
923.2857143	476.9047619
915.5714286	477.8214286
908.8372093	480.2790698
900.725	484.625
893.5	488.2
789.9473684	488.4736842
887.26	493.7
880.9777778	500.2444444
703.1111111	505.2222222
875.6132075	509.8679245
866.3913043	511.9565217
833.7857143	514.3571429
825.7142857	512.2653061
859.7931034	514.3448276
855	515.4545455
827.8461538	516.6153846
849.90625	515.84375
817.5614035	515.9824561
845.7272727	517.5454545
839.3035714	518.2321429
831.5740741	520.8518519
823.4615385	522.8769231
843.05	523.75
817.4242424	525.8484848
805.1779141	524.6380368
760.24	528.21
798.3650794	531.1111111
812.2702703	528.4054054
628	530.8
790.6506849	536.3972603
817.875	532.875
720.3421053	540.7894737
751.4857143	543.1942857
748.030303	555.6060606
743.0689655	554.4482759
741.1612903	558.8064516
738.2962963	561.6296296
744.9090909	563.7272727
736.7540984	567.2459016
741.5909091	569.2272727
930.0952381	574.3095238
737.7173913	574.7826087
732.2580645	575.2258065
733.8135593	582.0508475
731.1538462	587.5769231
727.0666667	591.9111111
733.0833333	594.5416667
726.1176471	597.8529412
731.1	598.35
723.7567568	604.0810811
728.8461538	604.7884615
758.4411765	630.9705882
707.3508772	640.7368421
709.3548387	645.2580645
622.1212121	645.030303
863.3272727	648.1272727
866.3375	652.4
464.625	659.175
466.3833333	667.2833333
472.0740741	664.462963
877.1333333	664.1333333
463.2631579	666.7894737
496.952381	674.5238095
499.2727273	677.969697
796.5322581	677.9354839
750	680.75
785.32	679.64
747.6842105	682.5789474
786.1192661	691.0733945
792.1627907	681.8139535
723.4736842	685.8947368
756.4210526	687.0350877
752.125	689.375
791.1923077	690.0769231
762.3615385	686.7384615
780.0454545	689.0909091
621	691.8888889
732.125	691.125
779.875	692.875
774.6071429	692.9821429
750.7802198	697.9230769
903.3333333	694.6666667
721.8076923	695.7884615
727.2439024	694.6585366
779.4761905	697.9047619
727.6744186	701.6046512
760.974359	697.3846154
770.6410256	699.8974359
790.7647059	700.0588235
734.8833333	699.6833333
726.4444444	702.2222222
754.05	702.95
758.9347826	701.2608696
742.3043478	703.7391304
731.7857143	706.9642857
737.12	705.2
735.8125	709.25
754.578125	708.234375
859.9189189	708.5405405
765.4814422	726.7645811
777.5	708
742.2245989	714.5668449
763.3239437	709.1126761
810.7307692	709.8076923
701.7708333	711.6458333
728.7857143	712.7142857
757.9491525	714.6779661
723.90625	714.34375
734.28	714.96
749.4736842	714.3684211
780.4615385	714.8461538
791.0540541	709.2432432
656.0555556	715.8888889
787.6756757	713.6594595
684.962963	719.5925926
692.1692308	721.5692308
968.5	719.5
443.2380952	720.8571429
794.1568627	722.372549
692.6842105	727.9473684
697.8043478	726.1956522
741.3623188	726.5072464
584.5102041	729.7346939
571.5	729.8
577.9	730.5
738.6	732.1333333
693.6666667	733.0833333
721.0229885	737.7547893
683.3793103	733.7241379
724.425	734.875
787.6388889	736.6388889
775.875	737.25
713.7142857	737.3571429
738	738.1388889
702.1956522	741.5217391
651.5	743.5
708.9922481	745.7674419
908.6031746	742.9206349
715.1	747.2
702.4893617	746.212766
879.6346154	746.6153846
764.6	747.3
741.4237288	749.2711864
795.62	747.79
698.9393939	753.6969697
396.4444444	753.4444444
801.0425532	752.7659574
844.9090909	752.7272727
711.3111111	754.6222222
785.06875	751.90625
817.4516129	755.0322581
704.8571429	755.9285714
393.5	756.7
397.5	757
560.047619	757.7619048
747.3125	760.03125
795.4107143	758.9107143
786.0901961	772.7411765
754.5428571	762.8857143
773.9166667	764.0297619
799.2962963	764.2962963
690.8055556	766.1944444
770.6666667	772.3939394
795.1818182	767.1818182
996.1025641	770.6410256
750.8382353	773.0735294
838.1666667	776.9166667
792.1666667	779.4583333
704.2307692	778.9615385
796.8809524	779.8571429
735.3333333	779.4385965
742.6666667	782.5555556
805.4594595	785.3513514
738.4444444	786.6666667
721.0172414	787.2758621
736.6551724	791.6206897
990.7567568	793.3108108
540.9655172	797.8793103
739.8333333	798
586.8888889	803.7222222
591.0357143	803.2857143
634.9411765	802.3529412
711.4210526	803.4210526
850.3	802.9
904.5357143	802.7142857
790.5906433	803.4561404
635.3611111	808.75
740.7692308	807.0307692
901.5714286	808.4285714
359.6363636	809.6363636
728.125	807.875
796.4444444	811.3333333
742.4	813.5714286
731.8169935	813.745098
792.8863636	815.2045455
355.4333333	818.1833333
800.4482759	814.3448276
1048.837838	816.6756757
623.75	819.25
570.0384615	819.8076923
806.8125	820.9375
872	819.3571429
1054	819.6190476
350.1111111	822.2222222
1044.777778	823.5555556
351.7894737	826.8421053
877.2051282	823.0512821
635.6136364	824.9545455
884	825.6176471
624.4117647	826.0588235
694	828.2
1035.5	828
454.6153846	829.6153846
483.7096774	830.4516129
347.3773585	831.7358491
824.1538462	831.8846154
343.7272727	839.4318182
341.7272727	844.8181818
625	842.8
339.7857143	850.4285714
699.7037037	851.0740741
694.9333333	852.5
337.1176471	854.8823529
680.0322581	854.6774194
670	856.3076923
334	858.5
540.3333333	859.1428571
331.8181818	861.0909091
639.3333333	862
692.0909091	861.6363636
634.5505618	868.9550562
670.6071429	877.125
658	878.2
662.375	880.5625
1010.222222	881.6296296
470.9354839	882.7096774
643.9358974	882.025641
863.7857143	883.5
674.6280992	882.8264463
744.2777778	883.4166667
681.8289474	888.5789474
740.5364238	889.3443709
753.2538462	887.7923077
700.2205882	890.3676471
671.6641791	894.4179104
678.4	892.9
683.875	895.875
746.3714286	896.8571429
588.8181818	897.4090909
752.4242424	899.5757576
398.95	907.25
643.3225806	913.5913978
667.5	913.4166667
716.35	914.6
986.4772727	914.25
978.2258065	915.9677419
811.4705882	921.6470588
826.25	920.75
646.2810811	927.0702703
656.3474576	921.1355932
723.5348837	921.2325581
781.2926829	921.5853659
817.16	923.32
895.1578947	922.1052632
717.2028986	925.7971014
356.25	924.5714286
506.9166667	925.0833333
786.1	925.6
722.5833333	927.875
720.8181818	933
807.3636364	930.3636364
790.3506494	930.0909091
795.95	934.2375
802.9183673	934.9183673
798.6	939.4
718.3529412	938.1764706
780.5294118	938.9117647
711.8421053	941.4561404
939.5	940
657.1578947	941.4736842
594.6666667	944.0333333
802.3333333	944.3333333
797.8157895	946.7894737
588.2307692	949.9615385
934.3333333	952.7619048
942.372549	954.0784314
718.5555556	955.3333333
928.9444444	954.7222222
679.1	955.95
722.1304348	957.4782609
744.5227273	959.6136364
849.9411765	964.6638655
554.6923077	963.4230769
747.6086957	963.6086957
723.0444444	964.6
728.3333333	964.6363636
735.9655172	965.9195402
387.4857143	966.2285714
905.8604651	966.3488372
741.4242424	969.1212121
746.7272727	967.0909091
672.9166667	967.3958333
751.65625	968.96875
668.6785714	968.2857143
834.5	969.7
554.21875	969.96875
736.125	971.875
746.95	971.7
806.0294118	973.0588235
424.0740741	973.5925926
705	974.5
745.15625	976.65625
425.9230769	979.8846154
688.828125	982.421875
965.3214286	981.6785714
825.9565217	982.8695652
683.56	984.16
687.4516129	988.4516129
648.9473684	991.2105263
722.8125	993.2916667
614.0517241	989.9310345
810.575	993.5
669.3	993.25
664.75	995.75
670.5797101	1000.942029
403.2857143	1000.047619
573.9767442	1000.116279
663.3636364	999.5
663.09375	1003.65625
967.6129032	1002.935484
481.4358974	1004.179487
975.8636364	1003.954545
601.5263158	1009.342105
722.2142857	1012.761905
437.1111111	1015.777778
739.027027	1018.621622
440.1212121	1023
300.56	1021.6
290.3367347	1022.714286
821.9016393	1021.377049
745.25	1024.5
360.0625	1026.6875
817.9230769	1028.307692
591.2727273	1028.69697
302.0666667	1028.933333
654.372093	1034.639535
639.7096774	1039.322581
284.2741935	1039.83871
283.4242424	1044.333333
637.8928571	1044.071429
550.3055556	1046.194444
446.7843137	1048.058824
284.0238095	1051.130952
611.58	1054
504.0384615	1058.115385
587.2352941	1059.882353
833.5483871	1059.709677
667.5952381	1062.666667
724.2608696	1067.043478
972.9491525	1067.644068
570.8666667	1071.466667
684.8148148	1071.666667
378.9	1075.033333
442.4	1081.96
457.1428571	1079.190476
496.0645161	1085.580645
641.3913043	1088.347826
753.7346939	1087.020408
1015.424242	1089.575758
313.5806452	1090.548387
461.1764706	1088.647059
607.42	1097.14
387.5	1098
464.5714286	1097.734694
479.9772727	1103.772727
962.3333333	1103.083333
789.016129	1103.33871
560.1578947	1106.815789
673.7213115	1107.245902
781.3921569	1109.862745
669.3428571	1111.314286
560.3111111	1114.933333
625.7096774	1114.290323
666.0238095	1115.142857
775.1315789	1115.342105
785.7473684	1113.410526
677.2653061	1113.489796
681.6666667	1118.261905
671.8688525	1122.278689
628.4166667	1118.5
641.775	1121.075
680.012987	1125.103896
1052.466667	1120.766667
751.469697	1123.015152
630.9259259	1122.055556
778.9583333	1121.958333
572.3333333	1127.444444
911.0526316	1127.298246
673	1129.2
628.2368421	1130.736842
290.8461538	1131.769231
687	1132.341463
691.5357143	1133.785714
431.8333333	1132.6
643.7843137	1135.509804
654.9159664	1135.067227
711.6363636	1135
323.5	1136.5
601.8	1137.08
728.64	1134.76
990.2142857	1139.357143
609.6176471	1140.058824
683.125	1140.416667
649.3833333	1143.05
385.3404255	1143.148936
681.3913043	1144.73913
727.7878788	1145.969697
702	1148.846154
707.8888889	1147.577778
786.5465116	1150.860465
406.3529412	1148.823529
780.3846154	1148.871795
670.5	1151.166667
781.7692308	1154.153846
723.8571429	1153.571429
361.9333333	1162.7
736.7608696	1164.23913
734.8902439	1170.182927
718.2477064	1169.66055
776.1	1170.3
354.5714286	1170.619048
688.4651163	1173.813953
730.4516129	1174.483871
695.4074074	1173.925926
689.44	1179.2
522.1785714	1176.607143
675.5	1178.083333
712.4090909	1178.204545
732.183908	1182.333333
728	1181.5
542.4054054	1185.486486
946.5925926	1188.925926
406.2	1195.5
682.5470085	1195.871795
470.6923077	1199.941176
702.46	1195.74
478.1818182	1198.090909
706.5217391	1201.26087
677.1818182	1201
697.5625	1201.041667
490.96	1203.4
467.5	1206
704.56	1208.08
455.1794872	1205.692308
650.1515152	1209.848485
451.3157895	1213.026316
704.0465116	1212.72093
1006.095238	1214.333333
799.2580645	1217.951613
554.4821429	1219.392857
703.5	1218.1875
584.5714286	1220.095238
772.5	1219.166667
769.7179487	1223.128205
1071.857143	1224.904762
1086	1223.555556
509.915493	1228.619718
1088.828571	1227.042857
680.325	1231.35
570	1234.923077
1038	1236.540541
677.6666667	1237.444444
254.8823529	1246.588235
718.375	1247.5
714.0333333	1251.1
635.5	1251
708.0754717	1251.509434
304	1252.195122
529.6086957	1251.956522
702.625	1253.4375
659.0909091	1252.909091
726.2553191	1254.393617
691.7461538	1259.638462
232.2465753	1259.972603
558.2151899	1259.392405
681.8707865	1258.820225
709.225	1258.55
798.2777778	1260.388889
442.2745098	1263.431373
673.2333333	1263.4
672.6875	1267.0625
681.4615385	1267
346	1267
657.8823529	1267.137255
683.5744681	1271.297872
555.3	1269.65
190.8863636	1267.704545
274.075	1269.725
848.0196078	1268.784314
673.1621622	1271.081081
193.8888889	1273.37037
678.0526316	1275.473684
443.0961538	1274.057692
673.3684211	1275.578947
718	1274.8
1103.4	1274.6
668.3529412	1276
682.7272727	1276.636364
1096.09375	1275.734375
1085.318182	1278.363636
506.2173913	1280.130435
569.0566038	1280.150943
673.5151515	1279.848485
666.5813953	1282.616279
1077.740741	1281.851852
316.6530612	1281.673469
457.6666667	1281.619048
459.037037	1286.37037
190.2909091	1285.381818
252.35	1289.75
741.84375	1290.8125
329	1293.515152
384	1296
751.0444444	1295.844444
890.7407407	1297.444444
267.8571429	1298.142857
483.0909091	1303.090909
792.2941176	1305.647059
725.09375	1306.71875
517.6875	1306.9375
788.1904762	1307.857143
957.7368421	1308.526316
504.1875	1310.1875
992	1313.428571
1102.621622	1313.324324
504.5	1316
1107.291667	1315.208333
515.1666667	1316.722222
373.3823529	1319.147059
544.32	1320
597.8235294	1320.647059
630.8846154	1322.307692
300.1304348	1323.782609
504.1538462	1323.5
512.125	1326.125
721.9230769	1327.692308
699.7407407	1331.074074
412.2105263	1335.947368
504.4375	1334.8125
582.5172414	1335.862069
316.5	1339
271.4285714	1341.678571
672.0326087	1339.195652
679.75	1343.0625
501.75	1343.25
580.7954545	1344.159091
777	1346.5
510.25	1346.666667
737.3157895	1346.842105
499.4042553	1349.595745
636.64	1350.4
654.55	1349.4
682.8181818	1349.818182
672.7777778	1350.604938
679.5	1349.71875
645.1710526	1351.921053
666.6666667	1351.428571
510.8285714	1352.514286
1063.086957	1352.73913
659.3877551	1353.530612
651.3647059	1357.870588
688.8143713	1359.233533
674.0930233	1358.465116
669	1360.378378
659.1818182	1359.636364
752.6	1360.04
861.25	1359.9375
643.4444444	1365.944444
725.5142857	1365.771429
909.2682927	1373.682927
498.0625	1382.8125
952.2291667	1381.833333
1008.041667	1384.375
199.9642857	1384.964286
506.6666667	1387.466667
512.34375	1386.40625
675.5	1387.5
956.372549	1389.156863
750.5384615	1388.153846
509.6538462	1392.269231
629.6111111	1391.944444
505.3125	1392.75
260.8	1395.5
725.1818182	1394.590909
963.8153846	1395.630769
496.5833333	1398.009259
506.9642857	1397.821429
740.826087	1398.217391
504.5714286	1401.809524
377	1403.5
742.3076923	1404.769231
401.2	1406.5
745.3191489	1409.702128
745.4117647	1415.176471
480.5	1418.802632
330.6363636	1418.787879
348.1818182	1419.454545
511.1927711	1417.939759
630.5576923	1418.990385
765.95	1423.85
532.2765957	1430.106383
634.30033	1432.419142
453.6285714	1428.471429
525.9934641	1434.424837
528.9	1430.6
847.3521127	1432.225352
925.1818182	1433.454545
689.9444444	1434.305556
445.7465753	1435.910959
277.375	1436.675
537.1304348	1437.913043
647.6	1437.84
464.2352941	1440.235294
515.5	1441
442.1875	1444.25
643.8736842	1443.231579
636.2352941	1445.411765
849	1444.75
801.755102	1448.469388
442.6586826	1454.850299
541.2222222	1451.5
369.8611111	1451.611111
439.25	1452.2
546	1452.368421
265.24	1454.8
182	1457.5
443.3214286	1460.392857
529	1459.5
420.2608696	1461.608696
560.3333333	1463.444444
823.25	1464.666667
568.2857143	1465.942857
439.6916667	1470.266667
569.9117647	1474.941176
441.746988	1476.891566
144.875	1479.541667
536.0416667	1479.875
202.375	1481.625
571.5	1482
806.2692308	1487.538462
771.1777778	1488.977778
185	1490.8
367.3888889	1491.138889
468.2619048	1488.047619
942.75	1491.75
773.725	1494.725
419.5	1495.166667
946.8928571	1495.035714
825.1538462	1497.807692
830.6666667	1499.133333
836	1499.5
412.3255814	1500.046512
251.6086957	1509.434783
808.8	1512.8
338.1851852	1515.148148
795.7692308	1515.307692
105.3030303	1516.30303
287.24	1516.6
415.0357143	1515.25
415.5714286	1521.982143
419.5	1518
181.1794872	1519.410256
187.7391304	1520.565217
330.1818182	1521
190.9545455	1522.727273
199.0727273	1522.563636
297.5789474	1522.578947
777.3884298	1526.297521
431.8518519	1525.185185
437.9148936	1526.744681
776.7083333	1531.833333
454.5333333	1531.316667
1082.085526	1534.276316
1018.463415	1531.926829
433.34375	1534.4375
802.5454545	1534.939394
447.2333333	1534.5
612.8848485	1538.442424
618.4883721	1537.023256
623.9772727	1535.636364
779.6470588	1535.470588
427.8888889	1535.666667
808.8688525	1536.213115
796.3235294	1537.264706
448.5769231	1542.701923
211.5	1539.222222
438.4444444	1538.444444
564.8843931	1543.763006
189.7096774	1542.032258
420.3768116	1538.101449
820.0285714	1539.285714
1037.4	1540.9
403.9428571	1542.514286
621.6666667	1543.357143
356.5	1544.714286
597.5675676	1545.810811
861.3030303	1545.575758
806.2586207	1547.551724
442.6315789	1549.052632
261.972973	1549.972973
453.7916667	1549.791667
591.8461538	1553.461538
418.2978723	1554.297872
435.8421053	1554.263158
812.2461538	1552.953846
797.0306122	1555.387755
425.3584906	1558.367925
448.7555556	1558.222222
457	1559.076923
506.6744186	1558.790698
604.4285714	1556.371429
804.9473684	1557.25
812.1166667	1560.866667
601.919598	1563.582915
819.0519481	1560.181818
303.3142857	1561.085714
394.3780488	1564.5
422.2580645	1564.258065
434.4883721	1563.732558
452.8333333	1565.149123
589.3417722	1565.050633
194.4516129	1567.580645
817.3478261	1568.652174
290.7142857	1571.5
344	1571.5
455.2258065	1569.935484
591.0403226	1574.822581
243.4827586	1571.896552
424.3818182	1570.618182
582.7647059	1571.803922
823.6730769	1572.673077
433.6666667	1570.936508
441.0633397	1586.786948
451.9642857	1579.619048
437.7368421	1575.421053
603.9516129	1573.709677
424.1923077	1578.634615
428.0769231	1574.615385
601.56	1577.64
699.3571429	1574.428571
127.1052632	1576.789474
596.8285714	1577.914286
430.8378378	1577.081081
456.1851852	1576.185185
1096.5	1577.25
407.4722222	1577.208333
584.7272727	1578.727273
828.4920635	1579.111111
998.5277778	1578.222222
696.6111111	1580.611111
812.7222222	1579.666667
683.1387283	1584.254335
417.3076923	1581
828	1582
586.4285714	1582.214286
852.9791667	1583.270833
433.2307692	1586.615385
677.8070175	1591.649123
844.1206897	1588.655172
406.3653846	1590.788462
453.1081081	1590.027027
420.417004	1591.48583
428.4333333	1591.7
582.6190476	1593.904762
1022.16129	1594
672.3571429	1594.678571
677.7916667	1597.125
456.2307692	1596.134615
901.1153846	1602.738462
462.2142857	1597.428571
807	1597.5
611.84	1598.08
422.375	1600.875
837.2307692	1599.184615
843.4090909	1598.795455
982.8301887	1599.132075
458.4666667	1602.2
260.3448276	1603.862069
299.9166667	1603.083333
408.7826087	1603
676.9090909	1604.090909
423.6818182	1605.136364
829.3488372	1606.023256
1048.590909	1606.931818
470.5	1606
543.9333333	1607.933333
406.238806	1607.80597
422.78	1609.56
853.5918367	1610.714286
840.65	1609.675
847.1666667	1611.47619
417.8	1613
470.7894737	1613.026316
988.2142857	1614.964286
1027.285714	1614.892857
903.8333333	1618
466.6875	1616.8125
133.7058824	1618.588235
697.8529412	1620.698529
139.4	1620.6
460.7	1618.65
701.6585366	1617.780488
348.6538462	1619.692308
849.3068182	1622.693182
971.2391304	1621.195652
144.7272727	1622.878788
977.8157895	1624.605263
415.0833333	1623.166667
348	1625.321429
447.3571429	1623.892857
697.6923077	1625.615385
858.9615385	1625.307692
109.09375	1625.34375
482.3333333	1627.574074
738.7	1627.625
222.3636364	1630.090909
417.3076923	1630
476.03125	1630.71875
978.8484848	1630.606061
985.3142857	1631.228571
1024.787234	1631.382979
469.3962264	1638.160377
84.93333333	1637.9
280.2571429	1638.485714
91.60869565	1642
405.7205882	1639.764706
995.08	1642.44
454.9428571	1643.428571
494.0909091	1644.363636
465.2903226	1644.306452
858.4705882	1646.676471
188.5	1650.5
1125.40625	1650.4375
434.9090909	1652.168831
885.68	1650.76
107.3823529	1650.970588
443.1904762	1652.190476
114.225	1652.575
687	1654.307692
998.4545455	1654.681818
448.2727273	1662.5
956.1714286	1660.942857
977.6170213	1663.914894
219.5	1667.636364
1075.666667	1671.277778
871.4848485	1671.515152
978.0357143	1672.642857
1005.972973	1673.702703
145.6428571	1674.857143
105.2903226	1676.290323
989.3703704	1676.333333
1034.295082	1680.163934
1028.511111	1681.911111
1083.916667	1687.979167
1115.928571	1685.714286
836.9220779	1692.324675
1088.772727	1690.772727
988.8888889	1692.333333
167.4857143	1694.228571
172	1695
316.5333333	1695.333333
735	1696.842105
835.5	1699
169.5555556	1700.111111
549.9130435	1700.652174
98.85714286	1703.035714
90.17391304	1707
84.72727273	1715.5
682.4117647	1715
145.3	1717.7
213.6938776	1720.285714
1012.724138	1721.344828
768.3417722	1721.303797
339.5	1723.142857
405	1723
662.8	1722.914286
764.9217391	1727.226087
991.6607143	1723.071429
610.6153846	1725.384615
1118.481481	1723.62963
1123.909091	1724.090909
379	1726.481481
975.7692308	1727.358974
1116.363636	1729.818182
801.2962963	1736.148148
291	1739.5
627.6595745	1740.297872
619.5952381	1742.97619
817.2444444	1743.666667
1048.051724	1742.448276
1069.078125	1744.34375
1042.512821	1746.974359
1078.318182	1745.606061
1082.605263	1752.842105
348.8360656	1751.114754
959.3214286	1754
780.5217391	1755.391304
1043.243902	1754.658537
296.4594595	1755.702703
705.4210526	1757.421053
1126.806452	1758.387097
770.7435897	1758.461538
372.4	1760.525
774.8666667	1760.066667
764.6	1761.314286
773.0285714	1763.485714
160.3913043	1762.217391
524.2307692	1760.384615
1045.357143	1763.238095
122.21875	1764.15625
766.4117647	1765.294118
788.2	1763.566667
775.8181818	1766.181818
782.1777778	1765.777778
709.6769231	1766.353846
769.8571429	1767.809524
368.8490566	1767.792453
788.0740741	1771.061728
528.1363636	1769.409091
314.1754386	1769.824561
578.0909091	1768.909091
707.7037037	1769.555556
778.4	1768.6
716.6470588	1771.676471
1067.678571	1770
331.5	1771.285714
770.3888889	1771.388889
309.5	1772.038462
779.8918919	1772.891892
410.5151515	1773.984848
774.0714286	1772.75
312.0555556	1775.444444
730.6363636	1774.090909
774.6666667	1778.214286
530.1621622	1778.972973
960.6944444	1779.138889
786.5384615	1781.038462
377.3809524	1781.571429
790.3548387	1783.629032
1008.7	1782.275
428.9	1781.733333
798.7647059	1784.27451
1003.111111	1783.555556
1120.647059	1783.205882
996.5384615	1784.384615
376.76	1785.72
727.221374	1788.10687
161.25	1785.613636
532.7837838	1784.297297
721	1785.423077
1110.756098	1786.560976
427.34375	1786.9375
674.4186047	1786.790698
1120.291667	1789.041667
1129.272727	1786.727273
345.0188679	1786.924528
540.1428571	1788.428571
150.9142857	1788.428571
1074.818182	1789
143.25	1790.522727
350.3604336	1801.341463
825.3333333	1790
339.9056604	1792.943396
535.6086957	1792.217391
1127.023256	1791.813953
357.875	1795.8125
754.5	1795.5
820.2244898	1795.306122
335.5404255	1805.72766
675.3157895	1797.5
744.0769231	1798.512821
131	1799.5
327.1333333	1799.133333
1101.55	1800.675
798.6333333	1800.516667
846.1298701	1799.974026
688.1818182	1802.454545
792.7894737	1802.973684
250.85	1804.4
633	1803.5
360.5	1805.758621
324.7318841	1811.833333
630.8333333	1806.166667
685.6806723	1807.840336
1047.222222	1805.888889
1120.22	1807.66
254.4285714	1808.380952
309.6842105	1808.157895
798.2733813	1808.892086
366.3333333	1810.166667
566.6842105	1810.842105
625.3103448	1812.034483
654.7674419	1812.139535
660.3823529	1811.647059
750.1111111	1811.333333
813.3888889	1811.277778
911.173913	1810.565217
446.4842105	1814.357895
683.8461538	1812.230769
345.492228	1820.911917
824.4210526	1816.421053
364.8	1816.54
551.1764706	1817.588235
777.1428571	1817.52381
805.5725806	1819.580645
140.5365854	1819.756098
336.6571429	1815.171429
976	1819.5
1081.151515	1818.909091
358.546875	1819.265625
369.9076923	1819.507692
555.2352941	1820.588235
1010.054545	1819.436364
924.4333333	1821.4
996.5	1822
145.5	1824.5
347.4864865	1828.351351
373.7410072	1825.309353
454.2244898	1826.326531
769.5925926	1826.925926
808.244186	1829.162791
786.6666667	1827.666667
362.3809524	1829.396825
562.4935065	1827.181818
82.8	1830
354.1142857	1830.285714
458	1831.52381
115.5	1831.090909
309.7368421	1830.736842
572.4509804	1830.294118
815	1830.727273
123.25	1833
615.4615385	1832.820513
1030.710526	1833.342105
1096.466667	1833.066667
733.4255319	1834.06383
773.9871795	1836.846154
781.327044	1836.283019
206.8292683	1835.536585
357.171875	1836.296875
812.0822511	1841.489177
950.0540541	1835.756757
347.7795276	1839.677165
1111.093023	1836
352.7058824	1836.117647
803.2857143	1836.918367
344.2142857	1839.428571
339.673913	1837.652174
385.3076923	1838.923077
482.3783784	1838.810811
822.7818182	1840.527273
1093.7	1840.1
1089.090909	1839.977273
461.5714286	1839.857143
764.5	1841.5
786.4210526	1842.236842
701.3333333	1842.888889
817.7647059	1844.117647
55.72972973	1843.513514
334.3387097	1845.032258
340.1111111	1848.511111
368.012987	1841.844156
1093.466667	1844.666667
60.8125	1845.5
64.08695652	1847.695652
1091.347826	1849.913043
974.2432432	1850.135135
69.88461538	1850.461538
742.025641	1850.410256
811.3636364	1851.636364
969.5555556	1851.333333
360.511811	1855.102362
364.1886792	1849.490566
363.4545455	1854.909091
817.68	1853.84
744.9444444	1854.694444
415.2333333	1857.266667
521.8333333	1857.4
1090.73913	1859.608696
279.04	1860.08
699.2826087	1859.021739
715.5882353	1859.676471
744.2439024	1862.682927
736.4736842	1863
697.6507937	1866.873016
709.5	1865.346154
740.2820513	1867.179487
277.3636364	1869.636364
534.9722222	1869.305556
766.3	1870.5
1000.6	1870.714286
149.6170213	1870.87234
520.9047619	1872.380952
738.1	1873.3
155.5714286	1874.821429
356.7692308	1875.5
610.4563758	1880.187919
744.8421053	1871.631579
751.8362069	1882.297414
766.6	1875.6
345.2702703	1877.567568
524.2888889	1878.466667
546.6923077	1877.487179
618.5757576	1878.818182
884.9714286	1878.571429
164.9210526	1880.171053
737.4285714	1879.142857
761.35	1878.1
913.0952381	1878.571429
908.9714286	1881.485714
1028.641026	1879.846154
1087.296296	1880.611111
1024.545455	1881.681818
617.3913043	1882.956522
763.6111111	1882.722222
548.32	1884.58
738.3703704	1884.074074
544.6086957	1883.913043
620.8571429	1885.357143
628.7560976	1887.780488
633	1883.054054
992.3333333	1885.527778
721.0625	1886.166667
753.6428571	1888
634	1888.909091
611.2	1891.2
656.2641509	1888.245283
602.25	1890.916667
652.889313	1899.572519
660.15	1893.1
635.0196078	1894.431373
328.8888889	1895.155556
1107.023256	1895.860465
417.9583333	1899.333333
662.1612903	1901.129032
347.6588235	1901.023529
202	1901.846154
1000.485714	1901.971429
1098.621622	1903.135135
350.6470588	1906.529412
808.1111111	1906.518519
840.1428571	1907
828.2820513	1907.846154
352.5333333	1910.566667
883.5	1909.5
956.140625	1909.828125
556.1363636	1910.772727
621.4090909	1910.75
769	1911.173913
473.5555556	1912.733333
1087.192982	1912.052632
1104.625	1913.208333
875.5	1915.5
1094.857143	1915.666667
50.41860465	1918.232558
626.4015748	1924.244094
663.9	1922.96
60.71875	1923.03125
659.6111111	1920.407407
632.4583333	1923.583333
791.5294118	1923.588235
581.6666667	1924.133333
69.10638298	1927.361702
656.7083333	1929.989583
666.0909091	1928.484848
884.4	1928.6
74.66666667	1930.333333
214.7	1930.333333
625.9	1931.1
80.5952381	1932.47619
402.4565217	1932.23913
905.0645161	1933.806452
648.625	1934
87.0625	1935.84375
356.9880952	1936.75
979.3571429	1936.5
646.6923077	1938.038462
520.5	1942.5
659.6363636	1940.545455
1100.444444	1942.111111
659.75	1945.02381
683.1111111	1945.011111
1041.48	1943.52
1048.736842	1945.026316
117.9642857	1945.517857
481	1946
655.5789474	1947.210526
670.3636364	1944.329545
814.5862069	1945.37931
1058.746032	1947.174603
516.59375	1946.3125
672.5714286	1950.571429
341.122449	1949.265306
348.6049383	1949.271605
678.9016393	1952.327869
689.2325581	1952.186047
674.2888889	1956.022222
156.3026316	1952.276316
765.7272727	1954.236364
57.85714286	1955.5
339.6638655	1958.10084
438.7857143	1955.357143
161	1957.5
705.2439024	1956
1066.326087	1954.369565
329.4285714	1958.357143
835.075	1957
164.5652174	1958.347826
691.8	1957.533333
169.3666667	1960.066667
1072.65625	1958.75
647.483871	1960.483871
1111.854167	1959.541667
420.6111111	1962.222222
387	1963.142857
653.0434783	1964.434783
664.9583333	1965.25
331.6	1965.7
508.6034483	1968.551724
696.5104167	1966.385417
319.7741935	1968.290323
59.52631579	1970.368421
659.4117647	1968.941176
68.80769231	1971.269231
512.1666667	1972.845238
634.8461538	1970.653846
314.625	1971.6
331.0394737	1974.223684
880.1525424	1973.610169
657.8421053	1973.526316
663.8142857	1973.485714
848	1975.115385
871.7142857	1974.571429
314.7857143	1977.821429
700.9714286	1976.885714
331.6129032	1979.709677
1069.178571	1977.571429
566.2	1978.5
1060.285714	1979.657143
866.7288136	1981.220339
1054.4	1980.857143
382.9117647	1981.676471
312.5555556	1982.777778
335.5	1983.706897
650.3220339	1982.152542
903.7096774	1981.709677
1108.636364	1982.25
703.7924528	1985.45283
1046.506329	1984.291139
602.5	1984.684211
553.1538462	1986.307692
58.66666667	1987.5
652.4727273	1989.254545
708.6	1987.466667
307.75	1990.1
396.5223881	1989.313433
706	1991.95
541.2432432	1991.162162
974.7575758	1990.818182
548.6060606	1993.833333
556.5	1992.166667
952.5714286	1992.657143
300.8550725	1993.463768
352.1	1993.3
321.0196078	1995.666667
326	1992.820513
308.7272727	1995.477273
314.8536585	1996.585366
540.3050847	1996.966102
651.5175439	1997.22807
665.86	1994.98
852.3333333	1996.222222
669.4857143	2001.514286
781.7	2000.1
47.21666667	2001.4
241.1111111	2000.666667
1069.128205	2000.358974
296.7205882	2001.764706
304.5945946	2003.054054
662.8928571	1999.321429
1061.056604	2003.056604
311.1818182	2002.636364
316.6808511	2002.510638
345.3333333	2002.75
413.3492063	2001.793651
1040.769231	2003.846154
1053.678571	2003.821429
273.24	2005.2
623.8545455	2007.027273
853.4444444	2004.111111
1047.788462	2004.384615
278.2758621	2006.896552
419.3333333	2004.393939
846.3214286	2006.321429
293.0779221	2008.753247
655.173913	2006.869565
409.1351351	2009.135135
273.8474576	2011
420.95	2010.7
703.4210526	2010.105263
853.5652174	2010.391304
416.8709677	2012.983871
836.2	2014
664.983871	2015.709677
1002.846154	2017.769231
279.7142857	2017.785714
579.125	2018.125
276.6875	2019.25
482	2018.631579
264.7934509	2030.042821
283.5	2018.866667
420	2020
958.6086957	2019.652174
290.2788462	2022.442308
484.5555556	2023.333333
517.3478261	2022.565217
120.4285714	2025.007519
511.2407407	2025.074074
305.7192982	2025.877193
280.7767857	2027.517857
300.44	2028.68
275.037037	2029.037037
340.0526316	2028.684211
307.25	2032
802.3	2030.8
301.5151515	2035.060606
979.3793103	2033.137931
284.6603774	2038.169811
308.24	2035.76
510.2857143	2035.085714
276.0238095	2036.214286
563.7272727	2035.5
303.7659574	2042.723404
307.3235294	2041.029412
822.92	2039.72
1071.891892	2038.594595
565.5	2041.666667
1064.131148	2042.098361
861.88	2042.84
76.30769231	2044.115385
191.8055556	2044.430556
469.9512195	2045.731707
680.4166667	2046.916667
130.6170213	2044.638298
478.0666667	2046.111111
684.7475728	2045.184466
274.4625	2043.9625
422.0909091	2050.727273
681	2051
271.9142857	2053.32381
417	2051.909091
130	2052.583333
278.5757576	2051.969697
267.5909091	2054.181818
678.1363636	2055
753.125	2055.625
255.6896552	2056.982759
413.9285714	2057.632653
268.3846154	2061.923077
274.5824176	2063
256.8928571	2069.723214
853.2647059	2070
1020.090909	2069.896104
248.5	2071.5
599.7272727	2072.954545
723.4	2075.04
785	2074.8
612.6785714	2078.571429
816.4285714	2078.380952
284.3932584	2078.337079
853.3529412	2079.529412
263.25	2082.125
563.9619048	2082.180952
151.6388889	2082.555556
404.8510638	2082.808511
752.0909091	2085.636364
1073.697674	2087.418605
578.5	2088.3
89.23809524	2088.857143
488.3636364	2089.272727
795.9259259	2090.407407
831.8787879	2090.69697
889.1818182	2093.795455
54.6	2094.6
323.5	2094.5
317.3939394	2095.454545
81.2	2097
489.95	2096.9
892.625	2098.5
288.775	2097.7
308.2238806	2098.447761
320.5875	2101.45
896.8333333	2100.5
274.5945946	2102.162162
311.8536585	2102.634146
901.2941176	2104.617647
280.975	2105.3
827.6315789	2106.157895
906.3846154	2109.192308
264.375	2113.0625
911.0384615	2113.884615
260.8333333	2115.685185
504.8461538	2115.653846
914.7333333	2117.066667
664.8032787	2118.95082
919.4642857	2120.214286
1052.74359	2119.435897
543.6363636	2121.454545
508.5	2121.103774
887.9268293	2123.02439
258.6896552	2122.793103
456.4117647	2124.117647
210.3043478	2124.804348
892.3414634	2124.707317
475.4716981	2127.358491
500.1111111	2129.722222
736.1304348	2131.521739
871.5696203	2134.974684
118.85	2139.375
865.1818182	2140.484848
126.1875	2141.5625
872.0606061	2143.060606
369.1041667	2145.40625
483.625	2147.859375
927.4324324	2148.756757
482.875	2152.9
231.9393939	2154.727273
850.4516129	2153.387097
642.8181818	2157.227273
795.4	2157.6
789.5909091	2163.181818
247.225	2166.275
244.275	2170.275
245.25	2173.5
251.3103448	2172.551724
263.2857143	2175.095238
372.3793103	2185.793103
469.5740741	2185.351852
62.87096774	2187.903226
196.9772727	2188.931818
1044.107143	2188.678571
255.7717391	2190.75
503.9210526	2194.421053
469.1333333	2194.15
818.1764706	2195.470588
390.0714286	2196.5
822.2	2197.45
826.5652174	2199.130435
385.04	2200.4
392.625	2200.589286
399.8518519	2201.666667
829.95	2201.35
78	2204
1030.955882	2202.897059
1039.325	2205.1
503.1276596	2203.723404
1044.272727	2207.590909
1049.916667	2208.222222
269.75	2208.666667
1058.08	2209.7
403.7857143	2209.428571
659.9423077	2209.788462
277	2210.294118
445	2210.5
745.3333333	2211.5
1067.229167	2212.958333
984.0526316	2211.763158
452.75	2213.75
501.4727273	2217.818182
158.1176471	2215.411765
168.0277778	2215.666667
266.8695652	2214.826087
987.2	2217.12
176.2285714	2215.714286
402.8823529	2215.647059
395.4473684	2215.921053
666.4	2217.266667
451.1940299	2219.343284
789.4516129	2219.290323
991.7826087	2220.5
390.6111111	2219.722222
758.2083333	2220.208333
650.3076923	2222.5
302.6909091	2224.618182
306.8333333	2224.083333
995.1428571	2225.678571
299.6744186	2228.604651
311.5882353	2227.941176
385.1111111	2229.296296
998.4545455	2229.818182
636.5517241	2231.172414
687.55	2235.85
791.0952381	2235.904762
842.025641	2235.871795
313.6071429	2236.392857
635.5384615	2237.923077
417.28125	2240.34375
1014.272727	2240.545455
309.5857143	2242.042857
1022.1875	2243.75
756.125	2247.125
101.5609756	2249.414634
802.2	2249.566667
214.5151515	2250.060606
672.4	2253.6
343.8536585	2256.365854
916.75	2259.985294
813.28125	2257.84375
856	2258
291.5	2261.230769
643.9166667	2262.833333
844.7640449	2261.573034
1080.205882	2265.029412
593	2269.321429
131.5	2270
415.85	2271.2
620.0833333	2270.722222
838.5789474	2272
614.2745098	2272.862745
708.2916667	2273.208333
313.7826087	2274.869565
418.8181818	2274.818182
69.82142857	2274.428571
165.969697	2277.939394
611.7619048	2278.095238
736	2279
836.4090909	2277.227273
600.1219512	2279.878049
258.6666667	2280.333333
616.3333333	2281.880952
562.9583333	2282.333333
747.5	2283.5
69.85416667	2284.5
857.1052632	2283.894737
123.2727273	2285.181818
950	2282.423529
241	2285.833333
924.3166667	2285.033333
983.6585366	2285.097561
340.6226415	2286.150943
168.7307692	2285.769231
558.9090909	2287.409091
988.4705882	2288.647059
952.4655172	2292.741379
849	2290.8
992.1538462	2293.961538
236.96875	2293.65625
474.942029	2295.521739
107.7894737	2293.605263
1070.796296	2293.925926
1046.230769	2294.769231
575.556962	2296.987342
334.5945946	2296.945946
555.24	2296.8
576.6025641	2303.230769
470.1578947	2299.666667
756.0952381	2298.142857
597.2222222	2300.083333
1082.75	2300.15
1009.5	2300.8
637.8	2302
1016.115385	2303.288462
622.4736842	2303.736842
113.8571429	2306.5
755.3125	2307.1875
1072.432432	2309.27027
553.125	2312.875
577.2083333	2314.875
869.6833333	2313
973.1176471	2314.691176
530.7111111	2316.911111
864.5454545	2318.30303
574.625	2318.625
861.3333333	2318.333333
859.7	2320.95
547.0833333	2323.333333
852.5584416	2325.584416
579.4390244	2325.658537
540.7037037	2326.777778
574.3809524	2327.047619
584.36	2328.96
841.4736842	2331.421053
1073.071429	2329.357143
601.2666667	2331.833333
606.5555556	2331.5
537.1818182	2332.545455
569.4615385	2333.153846
577.2424242	2332.454545
591.5061728	2330.950617
543.9047619	2334.380952
585.8571429	2335
819.25	2335.964286
827.037037	2335.925926
430.0540541	2335.756757
520.3611111	2335.694444
580.9090909	2337.121212
1072.714286	2334.75
363.862069	2338.586207
94.05555556	2341.444444
89.125	2342.125
644.2909091	2342.254545
900.5757576	2342.757576
1069.073171	2343.02439
1078.366197	2340.352113
944.3333333	2344.555556
237.7916667	2346.229167
619.7931034	2348.034483
624.2903226	2349.322581
910.5869565	2352.630435
757.1578947	2354.052632
909.625	2358.875
628.2767857	2355.625
1057.208333	2355.5
754.25	2356.666667
92.45454545	2358.181818
1022	2357.833333
199.9915254	2360.220339
167.2909091	2358.872727
813.6785714	2359.75
462.1891892	2361.216216
675.75	2360.6875
749.0857143	2360.371429
88.25	2361.571429
82.65384615	2365.730769
658.2444444	2366.777778
664.8032787	2364.967213
672.296875	2366.609375
666.2608696	2370.478261
705.1	2369.68
685.4285714	2370.571429
666.7575758	2375
656.6511628	2374.767442
661.6153846	2373.538462
974.5	2377.25
401.7391304	2378.217391
680.8888889	2377.481481
661	2379.333333
479.5833333	2382.8125
161.4736842	2383.842105
988	2383.5
582.8461538	2390.230769
128.1428571	2390.809524
574.2631579	2394.368421
677	2394.5
496.9090909	2395.363636
608.2413793	2397.551724
682.5714286	2396.342857
162	2399.5
217.0909091	2400.363636
606.9090909	2402.363636
500.0384615	2402.115385
431.4146341	2404.109756
132.6190476	2409
65.40540541	2409.945946
876.7037037	2410.555556
136.8571429	2412.228571
869.7692308	2411.897436
908.1724138	2414.551724
127.1111111	2416.805556
120.6486486	2418.459459
290.825	2418.175
808.1298701	2420.987013
680.0869565	2427.565217
869.9322034	2432.305085
223.0909091	2436.090909
328.6666667	2439.411765
187.7	2441.3
327.125	2445.339286
681.7435897	2443.717949
113.4722222	2446.083333
721.5	2446.8
106.5	2448.5
184.1428571	2447.47619
208	2447.62069
329.2941176	2450.294118
600.6666667	2447.424242
928.9761905	2449.333333
203.44	2450.36
323.5806452	2450.322581
198.2857143	2452.714286
718.0666667	2452.822222
291.0694444	2454.333333
326.1809524	2457.152381
544.8666667	2454.866667
173.5084746	2454.847458
177.5789474	2456.789474
181.3333333	2453.703704
185.8809524	2453.97619
200.8958333	2456.520833
208.9517045	2468.028409
189.5	2458.09375
204.2285714	2460.971429
256.8461538	2458.538462
179.1351351	2462.081081
317.9285714	2464.25
717.826087	2460.347826
320.1363636	2459.727273
186.0984252	2476.616142
305.8974359	2463.025641
199.5	2464.1875
219	2465.25
226.2857143	2463.828571
310.3333333	2466.571429
163.9393939	2467.333333
202.7777778	2466.222222
224.3510638	2468.319149
507.037037	2466.703704
598.1666667	2467.083333
640.8	2467.133333
719.3833333	2468.683333
216.45	2468.225
784.4705882	2469.823529
139.7837838	2472.135135
886.2830189	2469.716981
707.875	2470.982143
708.7647059	2475.235294
705.0833333	2475.916667
226.2125	2477.1
576.5	2475.5
720.8333333	2477.266667
928.7391304	2478.086957
721.2592593	2482.333333
853.1176471	2484.411765
188.9166667	2484.75
593.8571429	2487.142857
793.6785714	2489
542.7894737	2489.157895
185.706383	2501.017021
690.4444444	2491.5
196.6111111	2492.277778
472.6521739	2491.891304
466.7586207	2497.321839
827.0909091	2495.090909
870.1818182	2495.727273
61.57894737	2496.421053
660.0232558	2496.930233
704.7682927	2495.487805
176.1230769	2498.107692
559.5217391	2498.478261
218.3043478	2500.913043
557.1290323	2502.258065
896.3606557	2501.491803
327.3678161	2504.931034
210.1714286	2502.7
322.6363636	2504.363636
907.4181818	2503.672727
192.3	2506.7
563.2820513	2503.666667
782.2142857	2505.071429
210.625	2511.390625
399.5	2508
556.59375	2507.90625
578.974359	2508.410256
616.425	2511.375
573.2424242	2513.424242
578.375	2513.375
883.4609375	2514.28125
897.625	2514.34375
902	2514.5
907.8723404	2514.723404
816.8918919	2515.945946
206.9047619	2517.714286
922.1882353	2517.941176
936.4705882	2519.176471
939.375	2519.875
443.0833333	2520.916667
580.6914894	2524.010638
321.2857143	2523.5
683.3333333	2522.875
437.7659574	2524.340426
587.8028169	2522.014085
606.5	2523.666667
164	2526
160.4375	2526.625
428.1666667	2527.407407
585.3589744	2530.076923
638.6666667	2529.266667
732.6666667	2528.888889
766.4375	2529.9375
168.16	2529.8
762.66	2530.14
694.5634328	2535.339552
754.25	2532.083333
427.4615385	2533.153846
682.8085106	2533.531915
550.9722222	2534.75
580.6315789	2535.105263
136.4615385	2534.480769
871.6875	2535.953125
129.8823529	2538
803.1875	2536.71875
498.8125	2538.78125
125.3461538	2539.538462
122.15	2543.2
118.3913043	2546.434783
844.8095238	2546.142857
522.3617021	2547.574468
531.5	2547.5
638.0149254	2544.58209
116.3529412	2550.176471
797.4705882	2550.764706
922.6315789	2551.087719
356.7173913	2553.094203
322.1538462	2553.769231
447.4074074	2556.049383
111.6585366	2554.487805
449.6666667	2555.166667
103.5357143	2557.910714
316.75	2556.375
354.1753555	2565.317536
362.3877551	2558.693878
515.5	2556.428571
613.3333333	2558.770833
421.1153846	2561.423077
143.2857143	2562.5
308.7894737	2564.277193
299.1372549	2561.666667
380	2563.48
320.1688312	2564.675325
363.7826087	2567.086957
445.1176471	2565.970588
388.5535714	2566.857143
316.7058824	2570
591.2982456	2571.263158
804	2569.230769
298.7391304	2570.956522
578.2352941	2576
390.8190476	2578.171429
382.53125	2579.739583
298.5263158	2578.157895
309.5	2577.553571
334.0350877	2577.605263
666.1	2578.18
794.7647059	2578.352941
617.3050847	2575.728814
713.8695652	2580.695652
532.1034483	2579.586207
597.6382979	2581.638298
653.4166667	2580.208333
716.6666667	2578.666667
850.3076923	2581.173077
396.6956522	2585
602.2727273	2583.590909
617.4565217	2585.532609
378.25	2584.625
719.1351351	2586.621622
253.6607143	2584.839286
609.7457627	2583.186441
233.8395062	2587.62963
245.1481481	2587.296296
653.9411765	2586.705882
220.6323529	2588.161765
722.9130435	2588.826087
380.7741935	2589.806452
610.2045455	2590.886364
726.1538462	2590.115385
152	2590
156.6060606	2590.69697
145.7678571	2590.875
393.1473684	2594.031579
643.1034483	2594.172414
362.9473684	2595.210526
408.9090909	2594.636364
127.5	2596
338.4142857	2597.442857
332.7317073	2600.829268
734.4776119	2600.402985
553.3	2600.8
607.2272727	2602.181818
620.3333333	2600.955556
613.4545455	2602.181818
627.6875	2602.125
668	2603.5
834.25	2602.75
329.65	2604.55
429.9393939	2605.787879
363.6153846	2605.769231
602.4722222	2607.166667
609.32	2606.6
597.9473684	2609.842105
307.9574468	2611.340426
357.9180328	2612.893443
871.8269231	2611.134615
588.71875	2610.625
316.0645161	2614.193548
303.1190476	2615.666667
361.96875	2617.34375
592.6567164	2617.470149
304.75	2619.5625
314.6115108	2619.985612
759.3636364	2620.69697
82.5	2621
306.0819672	2625.278689
90.41176471	2621.843137
371.3389831	2622.016949
229.8666667	2625.911111
869.7142857	2625.482143
265	2627.153846
821.4166667	2626.694444
880.234375	2627.890625
567.296875	2628.53125
301.873494	2637.746988
901.15625	2633.046875
710.9583333	2634
604.1111111	2634.777778
680.28	2634.88
311.202381	2636
466.6315789	2636.736842
641.7027027	2638.837838
782.875	2640.25
908.8297872	2639.829787
479.2619048	2642
707.3888889	2641.722222
485.9787234	2647.989362
637.65	2642.7
700.95	2644.25
485.3936842	2664.067368
490.5769231	2647.961538
358.8496732	2650.03268
461	2645.709677
128.2105263	2648.342105
614.1470588	2648.117647
392.8888889	2650.333333
482.2857143	2649.785714
720.8846154	2649.403846
728.2903226	2650.16129
324.125	2651.333333
514	2651.5
598.5	2650.155172
317.7586207	2653.172414
493.4782609	2655.695652
608.6888889	2652.877778
245.5967742	2655.306452
719.76	2655.72
603.1818182	2656.636364
596.3958333	2658.5
709	2660.298507
750.1428571	2661.228571
601.0769231	2660.961538
755.4516129	2659.741935
665.1772152	2662.202532
842.8666667	2660.933333
901.2631579	2662.368421
185.1176471	2663
222.3333333	2662.416667
757.8695652	2664.608696
40.64	2665.4
589.5130435	2672.365217
618	2667
704.075	2666.325
102.3064516	2668.451613
92.41666667	2669.083333
112.8333333	2668.666667
121.3191489	2670.276596
603	2670.395349
688.2	2669.96
131.8387097	2671.225806
141.4074074	2671.62963
588.375	2674.25
780.4347826	2673.608696
662.109589	2673.027397
669.7345133	2673.884956
758.3214286	2673.892857
146.1578947	2674.368421
690.75	2674.458333
706.8181818	2676.181818
905.2	2679.24
686.8888889	2683.5
382.9130435	2683.195652
597	2684.8
132	2686
174.952381	2686.333333
655.5555556	2685.666667
543.8709677	2687.83871
706.8958333	2686.708333
392.6666667	2688.888889
720.1428571	2692.696429
123.3333333	2697.714286
407.7285714	2698.214286
391.0714286	2700.75
700.5714286	2700.97619
849.64	2701.52
172.7142857	2702.785714
406.4651163	2705.511628
395.3571429	2704.696429
618.2380952	2707.547619
627.0714286	2707.857143
633.0526316	2709.578947
640.1282051	2709.102564
791.4117647	2710.588235
778.4782609	2711.347826
399.5757576	2710.373737
617.6296296	2712.555556
623.6	2710.52
629.1153846	2713.615385
38.84615385	2714.538462
399.375	2717.03125
408.7073171	2713.097561
623.547619	2715.547619
410.3409091	2718.727273
405.1142857	2721.942857
395.4615385	2720.076923
412.9642857	2723.5
703.75	2723.25
87.42857143	2725.057143
399.6909091	2725.218182
361.0833333	2726.833333
710.64	2725.12
369.3846154	2730.826923
122.7857143	2730.738095
315.9090909	2730.772727
399.4761905	2732.857143
626.6923077	2732.025641
396	2735.285714
615.3333333	2734.111111
644.1428571	2735.190476
578.9344262	2737.032787
320.9777778	2737.933333
424.2769231	2740.815385
326.16	2739.68
742.9642857	2741.702381
575.525	2743.4
649.4666667	2743.533333
733.4736842	2742.842105
420.3333333	2744.5
580.4117647	2745.294118
750.1367521	2748.478632
327.9	2745.6
524.8043478	2745.782609
569.2666667	2745.166667
505.7857143	2746.880952
514.4137931	2746.344828
563.3809524	2747.571429
645.5833333	2746.527778
728.7560976	2746.731707
747	2745.2
756.6666667	2747.083333
766.25	2749.416667
427.8470588	2750.435294
584.3076923	2751
647.9565217	2750.130435
757.4078947	2753.026316
897.1764706	2752.470588
604.3333333	2753.857143
751.7586207	2756.310345
463.0357143	2755.571429
337.2682927	2756.219512
727.3939394	2755.848485
428.6052632	2757.407895
883.1	2758.133333
455.1111111	2758.777778
752.1282051	2760.794872
356.0769231	2761.282051
748.2631579	2762.105263
328.3333333	2763.25
368.7846154	2761.430769
447.5294118	2762.352941
744.1515152	2761.060606
124.7368421	2764.421053
671.5	2764.222222
744.2727273	2766.212121
265.9666667	2766.666667
738.8783784	2767.027027
341.234375	2765.140625
358	2766.64
416.4318182	2769.522727
89.6	2771.04
106	2770.948718
352.66	2771.9
366.0769231	2771.435897
746.4683544	2772.455696
360	2772.777778
67.46938776	2773.857143
738.0666667	2774.8
794.1578947	2775.842105
213.2352941	2775.941176
355.4545455	2780.233766
339.7076923	2781.046154
713.043956	2783.67033
847.5172414	2780.758621
208.5964912	2781.929825
347.8043478	2782.521739
344.5833333	2787.708333
202.5263158	2787.578947
376.0512821	2788.051282
199.25	2789.4375
708.1818182	2791.909091
195.9166667	2792.291667
417.5903614	2794.542169
191.6842105	2794.789474
699.4444444	2798.714286
703.9756098	2795.902439
732.1652893	2798.239669
742.65	2796
184.754717	2797.849057
280.4324324	2799.378378
368.64	2802.32
135.1578947	2802.578947
364.7619048	2803.190476
434.5	2802.5
328.25	2807.3
892.6470588	2808.705882
366.173913	2809.565217
887.3333333	2810.133333
206.1282051	2810.846154
331.3928571	2811.5
412.1578947	2811.157895
721.0819672	2810.868852
878.7692308	2812.5
144.6808511	2813.978723
933	2815.5
338.6206897	2815.551724
360.3684211	2816.342105
650.4810127	2821.126582
358.7058824	2820.867647
664.6785714	2823.428571
668.7272727	2822.5
691.5	2824.5
653.2613636	2829.068182
85.5625	2828.0625
804.3214286	2830.946429
838	2832.915493
52.24	2835.64
670	2836.2
679.3863636	2838.25
352.3181818	2846.727273
695.8285714	2846.257143
364.4864865	2848.432432
358.7045455	2849.068182
368.7333333	2851.2
354.625	2852.15625
363.0540541	2854.594595
700.4561404	2853.491228
696.0327869	2856.491803
735.5	2857.333333
828.9090909	2856.757576
904.8965517	2857.137931
506.1785714	2858.464286
701.9565217	2860.521739
437.7333333	2858.666667
650.9285714	2858.5
899.7619048	2859.857143
379.9622642	2861.396226
373.5409836	2864.377049
714.5	2865.727273
123.1025641	2866.589744
358.6587302	2862.952381
365.3	2868.2
692.5952381	2867.642857
359.8421053	2871.315789
491.5135135	2871.810811
914.2972973	2871.405405
595.5	2872.8
368.3888889	2873.694444
388.9583333	2874.833333
521.3043478	2873.782609
546.2	2871.242857
920.7575758	2874.030303
333.875	2875.125
364.1818182	2876.818182
323.8	2878.8
674.0909091	2878.136364
56.01694915	2882.694915
113.7586207	2883.103448
701.5641026	2883.076923
594.8852459	2882.245902
678.1724138	2884.655172
683.275	2884.025
856.25	2885.15625
687.05	2885.55
320.862069	2885.931034
689.9473684	2887.315789
685.8717949	2891.051282
432.4754098	2889.180328
292.5641026	2890.615385
329.1111111	2892.066667
722.9	2891.5
365.6666667	2892.25
256.9756098	2894.902439
681.05	2894.266667
312.2195122	2895.121951
594.1891892	2893.405405
694.6086957	2896.173913
669.6896552	2897.862069
686.5	2898.227273
681.9655172	2899.965517
597.3636364	2899.409091
674.9318182	2899.863636
796.6808511	2901.06383
326.3150685	2900.068493
261.5142857	2902.571429
690.8846154	2903.269231
695.7837838	2903.135135
189.75	2904.25
687.0526316	2906
962.4375	2903.770833
195.5	2904.692308
225.6190476	2906
739.0526316	2906.368421
325.1568627	2910.509804
60.30769231	2909.038462
580.4810127	2908.392405
702.3230769	2909.261538
689.0909091	2911.515152
693.5	2910.576923
696.8648649	2911.972973
644	2915.5
321.8529412	2916.323529
739.0862069	2918.206897
310.8709677	2920.354839
727.2941176	2921.117647
723.5098039	2924.254902
730.9677419	2923.129032
716.625	2923.84375
736.5	2924
742.7142857	2924.5
308	2925.454545
305.2916667	2927.708333
719.9411765	2927
744.4	2929.35
704.0447761	2934.313433
308.4411765	2934.823529
710.0357143	2932.964286
743.2636364	2936.163636
698.3571429	2936.714286
317.40625	2938.26875
533.2608696	2937.130435
711.3478261	2938.391304
338.4	2938.04
321.5	2939.615385
670.2307692	2940.179487
738.875	2940.875
309.0645161	2943.290323
328.7857143	2943.357143
709.122449	2944.408163
297.4117647	2943.014706
699.4354839	2945.790323
627.5844156	2946.454545
87.02272727	2949.25
942.4814815	2950.333333
149	2951
634.2166667	2951.4
705.12	2952.84
759.5	2952.722222
321.9478261	2952.391304
754.6153846	2955.307692
327	2958.392857
669.12	2957.52
629.3333333	2959.270833
698.6785714	2959.642857
326.8	2964.2
427.1315789	2962.894737
639.625	2963.875
311.5833333	2965.75
242.275	2965.975
507.5757576	2967.424242
843.5	2966.705882
447.6	2975.571429
326.9767442	2977.581395
649.6	2979.444444
628.875	2984.208333
656.5357143	2984.071429
651	2986.83871
120	2987.5
783.7142857	2987.5
728.7647059	2987.176471
729	2992.16
643.6153846	2993.384615
666.9655172	2992.655172
67.20588235	2995.264706
729.9473684	2996
918.84	2994.52
831.8	2995.64
660.6	2997.6
833.1538462	3001.215385
282.6037736	3002.716981
840.3913043	3001.173913
75.73170732	3002.365854
81.75	3002.642857
881.8571429	3003.833333
345	3005.5
341.2162162	3005.945946
338.2727273	3009.227273
916.6034483	3007.844828
925.6	3008.914286
932.3	3008.966667
939.7941176	3008.588235
947	3009
953.4444444	3009.407407
347.0434783	3009.521739
651.2333333	3011.133333
347.75	3015.6875
984.5909091	3012.772727
623.890411	3015.575342
676.5	3019
1015.9	3021.8
873.3076923	3022.076923
629.8245614	3024.719298
253.9036145	3023.048193
719.5	3026.5
261.3555556	3028.888889
802.9736842	3035.289474
1012.666667	3035.666667
273.4444444	3041.222222
693.875	3041.875
277.0833333	3046.520833
689.125	3046.125
485.2258065	3046.967742
479.0645161	3046.709677
280.5714286	3050.142857
476.3333333	3051.422222
482.3125	3052.0625
284.7721519	3053.962025
954.3469388	3053.55102
965	3053.7
983.3214286	3053.928571
479.2941176	3055.588235
973.7777778	3054.444444
1016.2	3054.5
288	3059.387097
294.326087	3057.869565
675.0088496	3059.415929
848.3809524	3058.571429
290.8148148	3063.555556
154.8125	3063.15625
518.0502092	3076.016736
417.3214286	3065
529.9151515	3086.694949
295	3066.928571
726.625	3067.5
920.7605634	3065.802817
469.7333333	3068.066667
512.2	3069
465.8333333	3070.722222
512.8666667	3074.066667
799.7692308	3073.730769
367.6	3074.12
368.8709677	3079.129032
364.2916667	3079.666667
958.0454545	3079.204545
668.9107143	3078.75
352.1764706	3082.088235
712.0208333	3082.145833
295.1627907	3081.697674
666.6818182	3084.863636
302.4477612	3084.029851
540.5263158	3084.210526
544.2962963	3085.074074
293.5	3088.5
303.2105263	3089.578947
298.6086957	3089.652174
352.3	3088.8
488.9142857	3089.2
541.3695652	3091.086957
665.2333333	3089.733333
828.4	3088.657143
650.1333333	3090.444444
791.1363636	3090
742.3636364	3090.545455
867.2105263	3090.947368
123.7368421	3091.631579
263.6666667	3091.25
311.91067	3101.052109
326.64	3092.2
330.3846154	3092
119.1666667	3092.458333
270.7301587	3092.222222
796.047619	3093.047619
320.2745098	3091.872549
489.5454545	3096.878788
652.0697674	3096.976744
254.4651163	3101.790698
772.7555556	3102.533333
792.5333333	3103.333333
542.8387097	3104.66129
301.4414414	3107.693694
537.85	3107
258.0714286	3107.071429
308.2903226	3110.580645
842.25	3108.416667
585.2592593	3113.592593
610.8349515	3113.912621
288.0315789	3114.863158
313.1304348	3115.347826
606.4318182	3119.045455
300.4883721	3116.651163
368.4285714	3115.914286
292.0909091	3118.045455
291.0865385	3123.288462
316.6111111	3122.166667
659.7816092	3121.011494
669.9655172	3121
368.8666667	3121.066667
652.5909091	3122.772727
239.3414634	3123.878049
282.28	3124.56
371.8461538	3124.576923
665.7179487	3124.230769
662.9272727	3128.690909
297.6153846	3130.384615
318.9322034	3130.728814
119.7407407	3132.296296
173.7222222	3132.486111
306.4780702	3137.22807
582.7857143	3131.392857
588.4571429	3131.857143
281.9	3136.2
299.375	3138.458333
589.2432432	3136.459459
316.4509804	3136.235294
578.5918367	3135.897959
583.4347826	3137.391304
1013.428571	3138.285714
177	3138.8
317.9605263	3142.868421
326.68	3141.8
341.2315789	3145.578947
917.75	3143.666667
306.6666667	3146.75
775.3333333	3144.875
300.8529412	3145.823529
323.5526316	3147.184211
303.2071006	3155.289941
705.2173913	3148.144928
700.358209	3153.179104
686.4615385	3151.846154
341.5952381	3152.119048
655	3152.666667
661.0555556	3153.333333
296.1111111	3154.222222
368.4210526	3155.421053
703.1176471	3157.176471
296	3157
660.4375	3157.625
689.3875	3159.0875
383.2222222	3157.916667
383.5	3162.4
388.0322581	3165.709677
1010.916667	3163.722222
842.3030303	3165.424242
465	3165.833333
247	3169.142857
682.09375	3168.1875
679.9423077	3173.019231
688.5774648	3173.408451
695.4366197	3173.309859
344.7857143	3176.142857
349.9166667	3176.25
669.2790698	3175.046512
663.5	3177.314815
206.0769231	3182.076923
378.8666667	3180.466667
669.1052632	3180.421053
801.1428571	3181.464286
376.5	3183.875
666.2972973	3184.405405
146.4117647	3185.588235
383.4285714	3185.464286
786.6585366	3189.073171
250.8	3190
726.8333333	3186.708333
921.5217391	3190.130435
360.75	3191.375
384	3192.375
779.0555556	3191.888889
911.0227273	3192.090909
880.05	3192.5
728.1890244	3196.420732
673.6176471	3202.647059
298.8461538	3203
187.45	3203.65
728.3333333	3204.52381
410.775	3204.5
177.7272727	3206.272727
425.0913174	3231.625749
679.9111111	3209.633333
687.6666667	3206.719298
172.2954545	3211.113636
639.0877193	3212.438596
689.6610169	3213.389831
667.2222222	3212.777778
615.5294118	3214.823529
742.137931	3214.051724
738.7435897	3218.282051
677.8333333	3217.47619
206.6190476	3218.47619
685.7142857	3221.350649
598	3219.785714
729.9421488	3221.909091
736.2960526	3230.032895
776.7291667	3222.083333
1018.88	3221.44
368.7352941	3223.176471
813.8461538	3223.576923
283.875	3225.125
581.0909091	3226.909091
807.28125	3226.5
796.137931	3228.275862
802.0714286	3228.928571
712.2	3230
744.2923077	3229.446154
745.7428571	3233.971429
750.8595041	3238.694215
731.75	3236.333333
989	3237.137931
996.28	3237.28
975.2068966	3238.12069
1011.675	3238.075
703.6	3239.711111
962.7916667	3240.979167
823	3241.5
953.3	3244.1
743.1704545	3247.193182
726.83	3250.67
710	3250.333333
718.2048193	3257.403614
728.5714286	3255.428571
939.7777778	3252.5
959.5	3255.730769
726	3257.807692
752.3529412	3257.941176
651.6630435	3259.369565
282	3263.684211
649.1041667	3267
654	3265.444444
452.0769231	3267.5
455.7567568	3266.851351
653.9473684	3268.473684
302.7173913	3270.282609
279.3846154	3272.74359
347.4	3275.033333
725.46	3275.5
645.9411765	3277.529412
1001.076923	3278.288462
297.3589744	3278.333333
641.6521739	3281.550725
278.0689655	3281.413793
649.5	3282.076923
762.4230769	3282.846154
410.3018868	3284.339623
405.7777778	3285.472222
708.3783784	3286.243243
403.3	3288.9
406.5238095	3294.380952
646.6438356	3292.09589
402.2307692	3292.346154
476.1363636	3294.068182
651.6229508	3296.245902
657.025	3293.5
660.3333333	3291.8
666.4351852	3297.990741
400.9166667	3296.708333
659.0909091	3298
400.0133333	3302.626667
657.7647059	3301.411765
735.5869565	3301.369565
399.7894737	3307.947368
742.2666667	3305.311111
736.6333333	3307.6
395.9433962	3310.792453
267.88	3310.4
260.2272727	3312.5
255.25	3315.75
684.7368421	3314.552632
249.04	3318.72
352	3317.068182
241.64	3321.16
231.9285714	3322.857143
497.3209877	3325.567901
627.8518519	3327.603704
453	3328.056604
465.8363636	3332.909091
474.6526316	3336.757895
832.5	3334
509.1176471	3335.411765
412.6363636	3337.424242
468	3339
468.2903226	3343.290323
511	3343.421875
993.2	3343
519.8148148	3343.296296
352.4666667	3346.133333
436.0416667	3347.916667
355.1538462	3348.923077
398.3846154	3350.333333
682.56	3351.32
390.0961538	3353.057692
492.6222222	3353.288889
498.2844037	3357.651376
401.9210526	3359.675439
154.6153846	3355.269231
392.3220339	3361.364407
407.12	3355.08
437.7708333	3356.34375
722.4533333	3364.633333
773.8222222	3361.4
314.8727273	3362.381818
729.1666667	3364.766667
498	3365.857143
734.0714286	3363.857143
153.6	3364.025
147.2222222	3368.62963
675.5531915	3369.212766
418.8166667	3369.383333
394.6551724	3370.034483
415.2222222	3370.555556
139.3965517	3373.137931
398.625	3375.59375
421.4411765	3375.794118
510.6666667	3375.875
817.65	3379.3
629.7884615	3382.25
653.7218045	3380.496241
651.8823529	3388.588235
673.0444444	3388.733333
647.9428571	3391.571429
626.0454545	3392.727273
457.8333333	3393.083333
604	3395
456.7727273	3399.772727
743.2807018	3402.350877
983.0408163	3404.979592
1012.166667	3409.125
649.6	3414.35
759.4310345	3417.534483
740.5	3420.8
759.1860465	3425.674419
822.7857143	3431.857143
760.8378378	3433.054054
326.75	3435.05
819.6666667	3436.333333
1020.096774	3451.129032
1013.32	3451.56
656.6363636	3452.636364
863.4848485	3454.878788
466.1818182	3455.409091
443.9917355	3455.677686
658.5	3458.944444
979.1818182	3463.772727
566.34	3465.78
578.030303	3466.939394
574.0238095	3468.333333
1006.592593	3470.148148
1011.571429	3469.428571
377.5625	3470.9375
1001.636364	3472.181818
566.2222222	3473.311111
999.7	3473.4
996.6842105	3474.789474
438.9259259	3474.407407
580.9	3475.5
370.4	3478.5
989.962963	3478.222222
599.8333333	3480.916667
515.4375	3484.541667
329.44	3486.12
594.4845361	3484.979381
914.6470588	3486.411765
587.8627451	3487.490196
593.4473684	3493.184211
512.3125	3492.666667
517.7619048	3493.885714
500.8181818	3494.772727
587.1111111	3494.333333
618.7096774	3494.935484
609.5483871	3497.290323
614.625	3498.125
563.0833333	3499.5
568.0153846	3504.215385
504.1052632	3505.368421
812.6578947	3504.789474
1012.724138	3503.241379
564.5769231	3508.730769
533.1230769	3504.292308
622.7	3506.55
1010.388889	3507.222222
570.6666667	3517.095238
198.5	3517.875
248.1851852	3521.222222
785.1029412	3519.852941
567.96875	3521.1875
576.3409091	3523.681818
583.3611111	3527.444444
572.3333333	3526.833333
788.3555556	3532.077778
786.7857143	3532.214286
574.7419355	3531.935484
935.0606061	3534.757576
1138.463415	3537.634146
1031.9	3538.95
988.7647059	3542.176471
614.44	3543.6
984.9166667	3543.916667
495.3571429	3544.214286
982.5	3547
1139	3548.918919
907.8461538	3553.461538
1146.28	3554.88
653.2608696	3561.347826
1184.111111	3560.472222
372.7924528	3559.358491
1129.27027	3561.864865
368.6315789	3567.947368
729.4210526	3568.894737
882.2	3570.044444
1011.828571	3569.6
248.9589041	3574.808219
864.2857143	3574.285714
1009.5	3575.25
365.483871	3574.580645
798.0508475	3575.932203
1132.692308	3579.038462
788.7843137	3580.019608
362.8478261	3581.23913
750.92	3581.36
796.8	3582.52
787.1041667	3587.8125
791.5555556	3586.055556
763.5	3587.5
797.7941176	3590.647059
787.3863636	3594.340909
980.2	3590.56
781.2835821	3591.179104
953.1034483	3592.172414
795.1052632	3595.184211
848.5	3592.8125
790.5384615	3600.102564
1173.25	3595.5
454	3596
461.2	3595.76
1211.434783	3595.913043
1264.230769	3596.076923
935.2352941	3598
978.3421053	3596.921053
795.3684211	3601.710526
926.1833333	3599.516667
783.7128713	3605.70297
789.6222222	3608.733333
864.7	3604.933333
974.25	3605.477273
1218.72093	3604.116279
770.1666667	3605.888889
445	3609.5
1221.555556	3610.62963
329.2	3610.5
780.5	3615.895833
776.8181818	3612.590909
966.1538462	3614.102564
327	3616.83871
791.6	3618.85
1145.890909	3619.690909
795.9512195	3619.926829
1110.454545	3621.545455
1299.95	3622.075
776.5384615	3624.615385
790.3333333	3624.491228
435.9375	3625.125
681.0961538	3626.807692
775.8125	3627.5625
683.5963303	3633.926606
676.5087719	3632.140351
759.3728814	3631.79661
1159.729167	3628.229167
552.4411765	3630.5
429.2708333	3630.666667
688.1964286	3634.321429
990.3571429	3632.214286
774.1549296	3634.126761
976.4117647	3634.352941
511.625	3635.5
367.9761905	3634.47619
673.7083333	3637.25
921.75	3636.638889
1122.512195	3637.585366
781.3333333	3640.166667
671.804878	3643.536585
788.0979381	3649.298969
680.3333333	3646.857143
619.4482759	3647.37931
632.7959184	3646.816327
763.3913043	3647.782609
634.962963	3651.62963
947.375	3649.5625
667.1	3652.858333
1348.621622	3650.243243
450.6206897	3650.689655
825.1176471	3651.019608
809.5890411	3653.082192
826.9375	3654.625
639.52	3653.92
1180.979592	3655.204082
1252.21875	3654.90625
642.4210526	3657.263158
661.6727273	3655.836364
684.2413793	3658.206897
1383.487805	3657.902439
356	3658.235294
718.2291667	3658.604167
1097.26087	3661.26087
1249.655172	3660.724138
645.8125	3662.625
873.88	3661.86
1050.3125	3660.9375
1279.71875	3663
668.9090909	3664.090909
353.0434783	3663.130435
820.4369748	3667.739496
349.975	3669.55
741.1666667	3666.875
1364.736842	3667.631579
736.5259259	3674.474074
827.8	3668.6
445.1363636	3668.681818
820.6428571	3672.285714
749.3428571	3671.942857
1408.139535	3672.255814
785	3675.302326
581	3677.793103
1094.955882	3676.661765
441.5555556	3678.833333
731.8571429	3682.510204
1307.173913	3681
1439.961538	3681.692308
796.859375	3683.328125
670.2586207	3683.362069
1094.909091	3685.909091
578.4193548	3686.451613
547.5	3687
978.3064516	3691.282258
657.7407407	3689.37037
968.5106383	3690.170213
628.1818182	3692.181818
974.8461538	3693.230769
993.6842105	3691.684211
970.8596491	3697.666667
603.78125	3695.375
711.8461538	3695.653846
796.3846154	3695.384615
1117.805556	3694.5
1179.5	3694.857143
659.9705882	3695.117647
950.4313725	3705.107843
997.6111111	3695.666667
1211.454545	3696.272727
532.95	3697.1
828.6153846	3699.025641
946.3125	3698.40625
660.25	3701.75
840.4375	3699.625
957.3333333	3700.583333
939.2631579	3701.568421
981.9274194	3702.048387
393.2	3702
970.1034483	3702.793103
494.4677419	3702.887097
960.7619048	3703.880952
907	3705.647059
974.9	3705.3
706.1363636	3706.136364
846.1363636	3705.909091
965.2222222	3707.044444
1311.636364	3707.090909
1317.621622	3706.783784
827.3333333	3707.222222
1390.035714	3707.928571
909.3636364	3710.75
969.6206897	3709.344828
924.5333333	3710
463.7857143	3710.5
982.6046512	3711.023256
1035.636364	3712.863636
743.62	3712.56
800	3713.5
958.2307692	3715.340659
1388.307692	3712.903846
972.2222222	3713.481481
749.1851852	3714.333333
841.516129	3713.677419
1386.052632	3716.473684
987	3715.777778
753.9487179	3715.871795
756.5	3722.918033
830.1111111	3720.345679
838.9261084	3722.812808
525.0526316	3718.368421
977.1692308	3715.046154
980.8461538	3718.384615
460	3720.5
925.1875	3718.958333
982.3552632	3721.75
919.4516129	3721.741935
974.1891892	3722.27027
989.2312139	3728.728324
523.0740741	3723.407407
986.1372549	3725.647059
1013.097561	3723.012195
923.9714286	3726.2
928.3846154	3724.230769
751.3548387	3728.290323
970.7333333	3727.766667
1503.375	3729.78125
384.5	3730.5
931.1649485	3732.969072
1444.511628	3731.139535
754.9772727	3732.977273
401.1489362	3734.021277
933.5588235	3738.705882
1057.272727	3734.545455
1000.071429	3738.267857
403.0833333	3740.208333
740.1818182	3739.272727
773.42	3745.92
1326.115385	3740.038462
1491.5	3740.777778
509.173913	3742.26087
941.328125	3739.75
1329.851852	3742.740741
404.7916667	3744.125
1013.645161	3742.645161
735.9692308	3743.107692
743.0731707	3743.439024
940.7	3744.1
1346.666667	3745.444444
404.4705882	3747.882353
751.010989	3747.725275
754.7096774	3746.096774
905.2903226	3747.548387
1448.125	3747.333333
999.7567568	3748.702703
1330.793103	3748.448276
942.228	3757.592
946.6341463	3750.146341
767.5806452	3753.258065
437.3809524	3754.285714
607.9882353	3754.976471
974.7083333	3755.25
935.9901961	3759.509804
1423.882353	3758.588235
720.2162162	3758.945946
950.7474747	3760.606061
982.5041322	3761.842975
1279.15625	3761.125
733.4029851	3762.447761
969.6521739	3764.347826
1168.098039	3764.058824
1193.492958	3764.873239
1367.5	3764.727273
1438	3765.2
607.6111111	3769.055556
720.25	3767.40625
992.6388889	3769.402778
1168.244444	3773.333333
1178.117647	3772.45098
1186.948276	3772.672414
976.9545455	3775.238636
1172.372093	3771.906977
930.8095238	3775.857143
981.7142857	3775.142857
987.9117647	3776.568627
848.4583333	3779.958333
973.5125	3782.475
984.8021978	3784.340659
1150.666667	3779.22807
1165.870968	3780.032258
454.6666667	3779.666667
748.71875	3779.59375
961.7777778	3782.185185
1144.796296	3784.296296
964.6428571	3784.357143
453.7727273	3788.613636
1488.846154	3788
971.1322314	3791.206612
854.6086957	3790.173913
1192.344828	3789.931034
1424.333333	3792.388889
1573.882353	3793.411765
695.0081967	3796.844262
858.3333333	3795.090909
426.7241379	3796.344828
1188.846154	3795.861538
862.4677419	3800.112903
884.25	3796.921053
1007.514286	3799.4
869.3478261	3804.804348
1160.877551	3800.673469
1188.265306	3801.306122
1180.5	3801.833333
1170.625	3804.325
1514.357143	3803.857143
866	3806.142857
1159.5	3806.842105
870.5555556	3809.555556
731.5	3809.25
838	3812.272727
975.0333333	3814.966667
969.6626506	3816.831325
978.6774194	3812.451613
1190.524229	3815.255507
760.7083333	3815.666667
1093.211268	3815.929577
1117.238806	3816.074627
1162.542857	3817.221429
630.1627907	3817.116279
934.173913	3820
968.5555556	3821.777778
1111.983607	3823.868852
1175.428571	3821.553571
707.6153846	3821.615385
629.6875	3826.875
1177.204545	3826.681818
1169.8	3836.133333
1159.139881	3837.803571
787.7096774	3829.290323
502.175	3828.975
1722.351351	3830.364865
630	3831.69697
1102.5	3832.777778
1178.616071	3834.473214
1186.08	3832.1
997.2698413	3835.190476
1316.075472	3835.490566
1120.580645	3837.782258
680.7472527	3837.153846
1118.393258	3844.146067
960.8285714	3840.4
1601.914286	3840.657143
1721.090909	3840.909091
547.5	3843.5
457.1034483	3843.827586
1108.421053	3844.298246
1165.428571	3845.142857
1067.5	3847.285714
1102.153846	3847.615385
1215.75	3849.15
1097.103448	3849.724138
523.16	3850.52
1104.521739	3852.913043
1009.392857	3855.035714
1089.107692	3854.415385
1017.301075	3855.064516
1094.1875	3857.6875
1204.354839	3855.806452
1099.166667	3860.625
1101.209302	3864.674419
1430.055556	3862.583333
489.25	3861.625
907.4431818	3865.125
1127.853659	3863.536585
559.2941176	3866.5
744.4285714	3867.095238
1495.607143	3867.125
490.6176471	3867.382353
1091.157895	3868.684211
1124.489362	3869.468085
1082.006098	3876.902439
1199.454545	3877.125
834.3333333	3876.333333
487.0909091	3878.272727
841.1272727	3878.963636
1205.74	3877.44
1157.816667	3879.266667
842.3888889	3884.074074
1072.958333	3878.875
1203.444444	3882.833333
1277.162162	3881.324324
1565.777778	3880.555556
593.3714286	3881.114286
1070.216216	3884.864865
1075.176471	3885.647059
485.3571429	3885.285714
593.6428571	3889.952381
1156.206897	3885.931034
1556.451613	3886.290323
532	3891.5
1216.188119	3895.346535
1222.355556	3892.355556
482.65625	3894.3125
1066.847826	3894.108696
1158.043478	3895.956522
753.3243243	3898.378378
1173.45977	3899.885057
812.1111111	3902.611111
1124	3907.5
1111.1875	3908.1875
1202.956522	3909.73913
1149.022727	3915.568182
899.5	3918
818.05	3920.55
1342.125	3920.875
1164.811321	3920.962264
1170.054054	3922.405405
1727.4	3923.5
1155.407407	3923.648148
1696.2	3927.15
1379.5	3928.5
1098.125	3929.791667
983.5	3931.5
1137.803922	3932.490196
1185.111111	3931.844444
1158.486842	3931.039474
1147.525253	3938.646465
915.7884058	3946.689855
1138.209302	3938.139535
1160.524064	3946.909091
1164.28	3938.76
1205.717391	3939.413043
1170.179487	3937.012821
907	3941.348837
885.8548387	3940.016129
1402.860465	3942.627907
1172.9	3943
1143.763636	3945.054545
1176.533708	3947.286517
1150.62963	3947.777778
726.2352941	3944.901961
606.6818182	3947.681818
865.6774194	3948.83871
887.7	3949.8
1382.72973	3949.27027
608.5294118	3952.941176
906.8108108	3955.243243
923.4042553	3956.319149
1204.152941	3959.729412
865.0731707	3957.073171
1174.538462	3957.615385
1198.407407	3958.685185
907.8888889	3960.111111
1176.045455	3960.863636
920.5517241	3961.103448
1672.210526	3961.947368
1743.5	3962
883.525	3964.6625
913.8076923	3965.538462
917.875	3964.125
891.5	3969
915	3970.5
924	3968.36
918.375	3972.410714
909.3333333	3972.711111
915.6	3977.25
1625.09434	3973.415094
907	3977.166667
792.5	3979.5
909	3980.322581
913.9545455	3983.068182
729.6233766	3984.636364
914	3986
921.9333333	3982.04
926.3	3989
914.9166667	3988.75
725.125	3991.125
724.92	3995.44
1486.619048	3998.238095
1606.606061	3997.060606
839.3170732	4006.804878
1394.5	4008
1015.454545	4011.818182
1455.380952	4015.380952
1715.5	4015.727273
697.9473684	4020.526316
1210.809524	4020.047619
1216.462687	4020.268657
923.5757576	4022.666667
600.6	4025.36
1466.96	4025.84
1635.243243	4026.891892
1294.244898	4027.816327
1493.03125	4026.9375
1617.785714	4027.880952
1498.295455	4028.568182
1505.176471	4030.352941
604.8409091	4032
1297.583333	4033.270833
1207.373494	4035.108434
1362.222222	4034.5
603.5384615	4038.615385
1042.688889	4038.711111
1490.614035	4044.368421
1628.414634	4042.841463
1496.92	4047.92
1635.705882	4050.558824
1201.116279	4051.883721
1247.232558	4050.767442
1253.56	4053.04
1196.926829	4053.926829
1243.717391	4055.23913
1640.642857	4055.357143
1248.235294	4057.235294
1486	4059.2875
1432.5	4064.230769
1484.764706	4070.176471
1655.846154	4071.846154
1484.625	4077
1618.511628	4077.139535
1315.133333	4076.8
1316.545455	4082.757576
1464.807018	4084.192982
1415.478261	4085.73913
1123	4087.785714
1453.622642	4087.339623
1267.83871	4088.645161
1271.7	4090.5
1458.263158	4090.342105
771.8	4091.5
1317.373832	4091.925234
1275.242424	4097
1122.961538	4098.846154
1634.421687	4095.240964
723.3809524	4100.571429
1043.5	4103
1318.117647	4102.411765
1517.066667	4103.4
1467.74359	4105.384615
1274.4	4110.5
1340.842105	4114.157895
1317.095238	4114.952381
1520.741379	4112.982759
721	4117.037037
1278.895522	4118.61194
830.2	4118.5
979.3076923	4119.884615
1285.350877	4121.087719
1271.457143	4123.864286
1019.566667	4120.633333
1139.83871	4122.193548
1467.347826	4121.456522
1278.75	4127.125
1520.606061	4124.363636
1283.295455	4131.556818
1461.151515	4127.272727
1274.333333	4132.875
1278	4131.2
771.1111111	4136.333333
842.56	4135.92
841.1764706	4144.352941
1477.575	4144.25
1475.494737	4150.284211
1364.148148	4150.611111
1493.111111	4153.333333
1476.666667	4156.333333
1232.608696	4156.847826
1486.417722	4159.303797
1289.636364	4160.181818
1263.396694	4164.438017
1367.125	4162.078125
1257.372549	4161.294118
1220.297297	4165.594595
1225.7625	4167.7375
1232.039474	4164.789474
1216.272727	4166.272727
1268.654545	4167.436364
1288.641509	4166.698113
1370	4169.066667
1480.340426	4167.234043
1211.37037	4169.037037
1285.666667	4168.555556
1203.5	4171.5
1372.322581	4173.693548
1419.310345	4170.344828
1277.880597	4172.477612
1285.333333	4172.666667
1220.378788	4174.424242
1288.138889	4177.666667
1269.504505	4177.801802
1283.685714	4177.971429
1376.451613	4180.709677
1289.444444	4183.222222
1371.588235	4182.058824
1270.647059	4184.470588
1276.441176	4182.029412
1279.6875	4182.25
1282.019231	4184.653846
1293.228571	4186.057143
1370.047619	4190.52381
1463.8	4191.633333
1098.636364	4192.727273
1093.071429	4195.5
954.5882353	4196.294118
1459.75	4196.625
1102.634146	4198.829268
1454.782609	4200.043478
1460.722222	4202.805556
1453.882353	4205.039216
1220.038462	4212.115385
1366.111111	4229.777778
1378.928571	4229.571429
1385.923077	4229.615385
1102.147059	4240.294118
1101.954545	4244.318182
1086.264706	4249
