X	Y
0	0
0	4714
4714	0
4714	4714
890.12	163.44
920.9	374.1
709.2857143	600.5
725.5625	605.625
736.8681319	606.5824176
743.2153846	614.0153846
738.8666667	612.6666667
747.8888889	609.7407407
734.5	611.75
725.8	611.28
750.0508475	614.1525424
722.5531915	616.8510638
729.5576923	614.8461538
735.9285714	617.2142857
753.4	620.6
743.0930233	622.6976744
733.3835616	623.3972603
748.4666667	622.8444444
740.1176471	624.6470588
711.0782609	629.3652174
740	629.72
751.75	627.45
743.4202899	633.0869565
715.8	633.2666667
748.7294118	637.0352941
717.6470588	636.2941176
721.04	638.2
756.2597403	637.6363636
725.8	637.2666667
701.9375	642.8125
748.8125	646.2291667
754.25	645.5357143
757.2285714	648.8571429
746.9210526	652.3684211
752.5454545	655.6477273
775.537037	654.2592593
767.25	654.8888889
757.4385965	662.3157895
762.296875	657.5
771.9710145	660.1449275
780.15	662.275
747.826087	662.4782609
741.54	664.9
775.9090909	665.1212121
747.8333333	667.1666667
763.9824561	667.2280702
735.1	667.0666667
756.2777778	669.037037
773.8709677	668.4516129
741.1904762	669.047619
768.125	671.53125
776.7878788	671.7878788
780.4545455	675.4545455
731.4146341	676.2926829
728.59375	678.90625
795.8235294	678.4705882
723.3026316	681.5921053
779.5	682.0833333
798.9302326	684.1627907
790.8823529	683.2058824
794.4444444	683.3888889
778.775	692.4625
773.8427673	704.5283019
806.7222222	696.0555556
752.8444444	698.9111111
807.2580645	700.2419355
747.2033898	700.2033898
782.03125	700.6041667
768.3846154	704.6923077
795.5	705.5
744.1162791	705.7674419
784.5263158	706.7894737
811	708
743.962963	711.4074074
754.3561644	710.0136986
787.8241758	714.956044
768.2222222	711.7037037
779.5	712.5
811.6571429	713.0857143
773.1538462	714.4615385
793	713.85
759.3953488	718.2651163
769.3684211	716.8947368
775.0517241	719.5172414
782.5636364	717.5090909
745.2424242	717.2121212
749.9666667	719.5666667
796	720.1090909
740.8888889	722
745.5121951	725.5365854
770.0625	724.53125
791.828125	724.984375
754.2888889	726.2222222
749.9090909	730.2545455
738.3548387	728.2258065
754.7857143	730.7857143
759	732.1111111
543.4117647	734.1176471
764.7340426	737.5106383
732.5128205	740.1025641
740.4666667	740.25
773.0545455	741.8363636
757.2424242	744.4848485
764.0625	743.75
768.7619048	745.9047619
729.1746032	749.6984127
740.7837838	746.0540541
777.5128205	745.5897436
734.8709677	747.4516129
746.3030303	746.969697
740.2037037	751.8518519
737.75	754
732.3181818	756.6363636
741.3333333	757.6904762
788	763.5
784.8431373	768.5490196
644.3658537	771.097561
673.5555556	774.3333333
690.2592593	778.9259259
419.442623	785.4918033
706.1	789.05
690.4814815	789.4444444
498.5	790.5
707.5555556	796.8611111
702.3571429	797.2857143
713.53125	798.625
716.4285714	802.3571429
704.3125	802.53125
714.9538462	808.5230769
709.9692308	807.8923077
704.6363636	809.1818182
746.7922078	807.7142857
699.6363636	817.5
706.6931818	818.4204545
739.8461538	820.5384615
748.5454545	820.5454545
656.0344828	821.4827586
661.2857143	820.2857143
724.7446809	822.1914894
694.3538462	822.2615385
703.0526316	823.8421053
664.8	824.2222222
694.4545455	826.8181818
756.5859873	821.5477707
690.4761905	826.3333333
700.5	827.1
733.5633803	827.3873239
660.1320755	828.4339623
725.1578947	828.9824561
745.3831776	826.588785
763.0689655	829.6551724
692.3793103	830.4827586
742.2325581	830.9767442
699.0909091	831.5681818
723.5432099	834.9876543
844.6075949	834.5316456
451.609375	834.765625
708.6911765	834.4117647
663.647619	835.8857143
693.0714286	836.3571429
701.6296296	835.7777778
756.3650794	835.2619048
835.5	833.35
744.483871	836.3548387
750.2666667	836.8
718.5925926	837.6296296
746.9411765	839.8235294
841.8888889	836.6666667
695.047619	842
699.3636364	840.4090909
707.25	839.9285714
833.0185185	839.2962963
837.8571429	839.4285714
713.8181818	841
750.4716981	843.6792453
682.48	841.96
691.4861111	845.0694444
842.2702703	841.5945946
719.6521739	843
713.8372093	848.7209302
828.2567568	844.1891892
709.3333333	847.0714286
775.1686747	846.8313253
823.5384615	848.3076923
845.8863636	845.6590909
682.8034188	849.991453
814.6226415	847.0943396
726.2980769	846.8173077
763.2	848.6666667
719.1351351	849.027027
815.826087	851.3913043
844.1923077	850.5384615
676.5	849.6666667
733.3428571	850.1142857
768.28	848.18
831.978972	859.1728972
665.3829787	850.106383
764.5897436	852.6410256
715.5925926	854.6666667
819.7	853.0666667
736.0377358	854.2264151
773.2758621	854.6206897
803.9534884	854.6511628
822.7058824	854.7058824
658.9714286	855.6857143
742.9565217	854.9782609
665.5	857.2857143
769.7391304	857.5652174
808.195122	856.8780488
735.7692308	858.6923077
822.3076923	858
881.4285714	858.8571429
741.0707071	864.3838384
816.4137931	861.0689655
820.3673469	862.9795918
884.0952381	862.952381
720.1538462	864.1794872
880.3088235	865.8088235
732.5555556	866.1111111
888.5438596	864.2280702
796.3378378	868.0945946
882.2	869.8
811.2222222	867.962963
818.0540541	869.027027
740.9574468	870.8085106
735.7419355	872.0322581
811.2068966	873.0344828
739.3	874.9
812.6923077	876.3846154
795.5	874.25
756.125	874.1666667
817.1666667	874.5
822.9268293	875.195122
764.9375	875.609375
823.6	879.24
834.4179104	876.6119403
758.1463415	878.8292683
845.7	877.8
739.4347826	879.6086957
828.1111111	879.7777778
877.75	880.25
817.025974	881.9220779
829.0833333	885.8333333
833.627907	884.0465116
839.6428571	881.2380952
870.5	883.6315789
861.0714286	884.6428571
840.3142857	887.0571429
876.21875	885.1875
821.375	886.75
830.8421053	886.5263158
865.75	886.15
798.9285714	886.1428571
870.3076923	888.0769231
790.5441176	888.0147059
866.25	890.3
882	889
800.5862069	889.137931
811.05	889.1166667
827.925	889.7625
861.6	890.6
683.8588235	892.6588235
820.8235294	891
837.0192308	892.4230769
873.0377358	892.0754717
801.8970588	895.3088235
788.6666667	894.4444444
814.9322034	894.9830508
795.625	894.5535714
820.9230769	895.3076923
811.6875	898.5625
829.2307692	896.6153846
682.6923077	897.0384615
804.9666667	897.0666667
862.875	894.7916667
787.16	898.52
860.2830189	899.0566038
805.44	901.8
866.1176471	899.9411765
895.8717949	899.3461538
900.7027027	900.2972973
808.75	900.6875
829.3968254	900.968254
681.8636364	902
870.2542373	902.2711864
829	906.4444444
892.7857143	906.1428571
863.0655738	906.7868852
870.3965517	909.9655172
876.9111111	908.5111111
857.6216216	912.027027
825.6857143	911.9142857
859.8181818	914.7727273
874.44	916.04
879.4464286	915.9642857
744.5961538	915.7307692
868.7727273	916.3863636
821.6857143	916.8285714
740.2941176	919.1176471
864.0392157	918.7058824
870.5	921.2857143
701.6666667	925.6363636
860.5897436	926.3333333
637.2592593	927.4814815
642.2	927.45
640	932.0740741
668.4166667	933.4166667
713.1052632	933.2894737
636.0243902	934.5365854
645.0243902	933.902439
691.7857143	936.2857143
644.8536585	939.5853659
638.0769231	940.3076923
668.3947368	940.3947368
686.2207792	938.5584416
709.8333333	938.7333333
677.1136364	941
663.6153846	942.3076923
681.7647059	942.1764706
712.4090909	942.5227273
718.25	944.15
677.7241379	947.2068966
685.8382353	946.1470588
671.6	947.5111111
690.8181818	949
715.3939394	948.8484848
656.9565217	950.2173913
672.5925926	952.3333333
680.5813953	954.4186047
723.0784314	950.4509804
677.0952381	953.6190476
685.9444444	952.8055556
717.6779661	954.6779661
666.8205128	954.5128205
691.4782609	961.6195652
660.5857143	959.7285714
667.5571429	960.2142857
701.6470588	957.4509804
656.8421053	958.1052632
652.1034483	959.6896552
682.3125	960.09375
695.9166667	957.0833333
657.1818182	961.3636364
670.6923077	962.5769231
686.8888889	962.7777778
676.56	962.12
661.1428571	970.2040816
670.6904762	967.0238095
678.0666667	968
699.7692308	968.8461538
674.1176471	971.4411765
667	971.6666667
687.3030303	971.1818182
663.3333333	972.5555556
671.75	975.3
695.0842105	975.0736842
666.53125	977.53125
662	977.1923077
683.5480769	973.5
672.6923077	979.1923077
654.952381	981.047619
668.7971014	984.884058
659.3571429	984
685.03125	982.9375
649.8636364	984.1818182
683.7666667	988.0333333
675.6190476	988.0952381
672	988.5
662.5789474	988.4736842
670.3125	991.8125
666.35	993.075
673.5217391	993.826087
678.0454545	992.6818182
714	1006.741935
713.6896552	1010.965517
715.9583333	1014.333333
544.7758621	1016.137931
713.3	1018.05
819	1040.584906
813.6666667	1043.454545
809.6610169	1047.118644
822.1688312	1046.922078
779.3508772	1049.54386
802.0537634	1047.215054
822.075	1054.375
827.4375	1051.40625
815.0833333	1053.383333
799.06	1054.9
805	1055.826087
677.1111111	1059.296296
803.6031746	1061.460317
796.9166667	1060.875
807.5128205	1065.564103
795.5294118	1066.45098
802.1333333	1068.533333
803	1079.32
817.4107143	1079.410714
798.6285714	1082.885714
787.6666667	1086.111111
798.1714286	1111.057143
723.5	1112.714286
803.5	1115.041667
798.2666667	1119.377778
803.6	1121.6
733.2545455	1121.309091
795.6585366	1126.536585
725.88	1124.9
730.1904762	1126.730159
722	1130
720.7142857	1133.333333
656.2068966	1141.172414
838.625	1143.708333
651.3673469	1144.44898
785.3653846	1146.346154
639.3333333	1148.151515
644.7083333	1147.979167
780.5	1150.125
641.5853659	1154.902439
648.5	1153.978261
775.4777778	1155.9
767.0588235	1156.638655
781.5185185	1159.432099
764.5384615	1162.884615
769.5	1166
759.7916667	1169.916667
771.030303	1171.030303
776.4222222	1168.644444
764.4615385	1173.179487
773.4626866	1176.104478
681.8958333	1175.020833
685.5384615	1177.846154
775	1179
780.7540984	1180.704918
772.8888889	1182
685.0952381	1182.190476
697.25	1190.962121
772.2156863	1186.254902
683.3023256	1188.44186
687.754386	1191.263158
769.2	1189.033333
689.25	1195.25
770.0222222	1193.311111
694	1194.5
689.56	1199.2
771.8	1196.64
696.8604651	1202.55814
692.32	1200.96
685.2413793	1200.551724
686.6923077	1204.846154
697.1153846	1205.346154
683.78	1207.36
770.6333333	1208.2
908.4615385	1209.846154
691.3953488	1212.244186
769.8	1212.15
764.5609756	1213.512195
682.5764706	1218.670588
767.8196721	1217.459016
688.3333333	1222.125
764.9047619	1221.380952
684.6818182	1226.681818
712.6470588	1225.941176
707.4193548	1230.419355
780.7857143	1246.973214
608.7733333	1248.613333
691.0365854	1247.256098
682.2894737	1250.710526
689.0285714	1251.771429
687.275	1256.375
641.3888889	1254.333333
775.804878	1253.853659
682.8076923	1259.192308
678.8	1256.05
633.9090909	1258.090909
642.1818182	1260.545455
638.0909091	1259.272727
637.2028986	1266.826087
741.6	1271.96
773.9827586	1270.456897
736.7	1275.3
634.4635417	1277.958333
620.7692308	1281.435897
636.046875	1286.296875
624.5909091	1282.454545
618.625	1286.25
657.2592593	1285.703704
630.3555556	1286.755556
652.3913043	1289.173913
659.0566038	1295.066038
542.3278689	1294.245902
535.6470588	1298.176471
547.4285714	1297.571429
663.6857143	1300.542857
533.3061224	1302.204082
543.649635	1306.613139
532.5797101	1307.014493
551.3478261	1307.195652
665.1818182	1306.454545
522.4285714	1305.190476
522.8301887	1311.226415
800.4941176	1306.8
537.7692308	1313
549.0645161	1312.935484
668.9032258	1311.193548
791.7826087	1313.086957
530.3333333	1313.766667
534.3	1313.3
668.6142857	1317.157143
802.2459016	1315.196721
521.6875	1316.375
662.7727273	1317.954545
535.0701754	1322.026316
516.0943396	1316.358491
524.8333333	1318.916667
529.4	1318.8
663.3333333	1324.45098
515.7	1323
520.7297297	1323.297297
669.030303	1323.939394
570.8421053	1322.842105
526.4583333	1323.916667
681.95	1325.225
553.48	1326.28
672.8181818	1326.636364
523.5	1328.5
534	1331.341463
529.0943396	1331.264151
549.45	1329.875
664.4210526	1332.157895
545.8636364	1333.340909
659.326087	1335.065217
652.2692308	1333.038462
657.25	1329.291667
525.08	1334.96
541.826087	1336.173913
547.1923077	1339.115385
543.4516129	1341.709677
650.7307692	1340.307692
527.7954545	1339.840909
534.5	1341.2
563.4545455	1340.772727
660.8974359	1342.102564
528.6666667	1346.176471
679.028169	1345.676056
787.7741935	1343.516129
536.2380952	1344.904762
560.7333333	1346.666667
564.6285714	1348.2
658.3409091	1346.522727
787.1666667	1348.277778
534.28	1348.32
781.4375	1349.375
539.08	1351.88
687	1353.569231
528.3333333	1354.244444
536.7058824	1355.058824
533.5925926	1357.148148
529.9333333	1359.133333
526.4090909	1361.090909
534.4393939	1363.393939
549.1538462	1363.076923
521.8478261	1362.891304
529.5333333	1365.666667
515.8125	1365.1875
523.9090909	1366.818182
526.625	1367.25
560.8043478	1368
518.6140351	1370.192982
548.7321429	1370.803571
665.1272727	1370.618182
532.0909091	1371.181818
527.68	1372.08
524.2285714	1374.4
671.3636364	1374.909091
530.9090909	1376.977273
538.5833333	1376.916667
676.5925926	1376.962963
554.7083333	1377.916667
532.5714286	1379.357143
794.4375	1380.375
662.0588235	1380.235294
537.6890244	1385.146341
653.8392857	1381.625
680.0769231	1382.051282
549.6034483	1382.155172
568.3333333	1383.888889
664.6185567	1386.845361
555.7674419	1383.860465
573.6153846	1385.692308
788.8243243	1384.918919
545	1387.481481
558.4	1390.133333
565.625	1392.583333
683.55	1390.1
787.0862069	1392.103448
550.3870968	1392.11828
678.892562	1394.066116
548.9714286	1397.714286
557.8846154	1395.5
540.75	1394.325
574.0892857	1393.142857
671.5737705	1396.42623
555.7560976	1400.878049
655.4722222	1396.583333
675.3571429	1397.928571
567.40625	1401.03125
573.1034483	1401.068966
539.5789474	1399.868421
544.4848485	1402.090909
673.974359	1403.333333
548.9148936	1404.468085
819.9245283	1401.603774
537.2222222	1403.555556
818.1428571	1406.619048
807.9846154	1405.907692
703.8867925	1407.358491
824.1034483	1408.62069
814.9411765	1409.764706
806.125	1410.90625
823.7692308	1412.076923
830.0454545	1411.204545
705.5820896	1413.746269
800.2686567	1414.477612
824.8695652	1415.826087
831.7027027	1417.621622
804.4565217	1418.913043
813.5582822	1418.435583
821.1666667	1418.095238
827.6	1419.92
819.0952381	1424.190476
806.5111111	1424.511111
824.4878049	1424.682927
834.7560976	1424.341463
829.2727273	1424.636364
828.8055556	1428.194444
721.1935484	1430.758065
718.25	1436.0625
343.2666667	1436.566667
338.5789474	1438.263158
346.2352941	1438.470588
723.4571429	1439.6
719.1875	1440.5
720.6	1445.257143
344.6796875	1443.335938
655.2638889	1445.138889
649.7068966	1461.827586
726.2758621	1464.413793
658.9387755	1469.102041
662.9090909	1474.018182
582.2	1478.842857
654.2962963	1485.925926
650.047619	1488.5
647.4705882	1493.5
654.4285714	1492.380952
845.7659574	1500.212766
647.6842105	1501
700.6666667	1502.190476
641.5	1505.833333
732.6031746	1506.984127
640.8947368	1511.789474
722.0384615	1511.307692
729.1612903	1511.709677
735.1851852	1513.814815
625.7777778	1511.166667
633.2727273	1512.854545
625.8518519	1517.333333
630.7857143	1517.214286
731.6451613	1517.096774
723.8064516	1520.129032
658.5066667	1524.146667
688.8421053	1526.789474
634.9411765	1525.235294
685.1484375	1526.65625
867.4594595	1529.297297
871.6666667	1533.166667
710.54	1539.1
875.1376147	1537.633028
674.3793103	1541.189655
709.3333333	1544.444444
713.875	1542.3125
878.6451613	1541.870968
872.3043478	1544.782609
717.4705882	1543.176471
871.6875	1547.3125
714.3888889	1547.111111
710.8823529	1548.529412
702.4754098	1547.377049
678.3636364	1548.863636
707.7297297	1550.513514
714.2058824	1552.323529
872.1219512	1551.195122
719.96875	1553
867.65	1554.7
682.2873563	1555.689655
871.952381	1556.095238
744.2121212	1555.848485
889.3166667	1557.183333
689.5909091	1559.363636
884.8	1558.9
682.1935484	1561.806452
722.8	1560.7
688.4571429	1564.971429
626.3555556	1566.666667
662.4857143	1565.742857
683.475	1567.45
882.8586957	1567.782609
898.15	1570.175
902.4375	1571.0625
888.9047619	1569.666667
701.6612903	1570.83871
885.4615385	1571.615385
893.5	1568.47619
909	1570.5
666	1572.040816
905.1785714	1567.964286
707.4659091	1573.113636
890	1573.625
662.5925926	1576.333333
897.65	1576.2
906.5357143	1575.607143
912.5	1575.181818
883.72	1577.12
672.0888889	1576.977778
677.5348837	1579.930233
889.4107143	1581.196429
666.375	1580.3
905.8648649	1580.702703
900.3809524	1581.047619
912.326087	1582.391304
896.1785714	1582.035714
898.7916667	1586.083333
670.2142857	1584.964286
674.55	1585.55
905.1666667	1586.604167
549.675	1587
910.7	1588.05
685.6607143	1587.857143
666.4473684	1588.894737
671.1818182	1592.727273
891.7	1601.5
510.7586207	1624.413793
640.8	1646.5
767.3833333	1651.966667
640.972973	1654.216216
751.6	1653.95
774.3265306	1654.959184
742.6101695	1661.355932
748.6818182	1658.969697
776.0434783	1662.347826
753.2592593	1663.851852
747.5	1667.2
782.6774194	1666.612903
774.2941176	1667.705882
781.3214286	1671.857143
775.2083333	1673.375
788.1025641	1672.923077
778.2051282	1678.025641
782.6551724	1677.448276
791.0491803	1677.42623
829.8297872	1693.361702
721.7777778	1699.5
977.0392157	1709.313725
721.3529412	1736.803922
849.7428571	1742.014286
734.3214286	1743.321429
835	1748.5
734.7789474	1749.936842
843.025641	1748.358974
849.4117647	1749.294118
733.2631579	1753.842105
760.015625	1752.90625
862.1052632	1772.052632
743.3650794	1773.142857
866.1372549	1776.235294
737.2272727	1777.704545
872.2857143	1777.071429
742.0357143	1780.964286
504.7272727	1781.227273
747.3378378	1780.851351
870.173913	1784
568.1052632	1790.710526
383.0454545	1791.068182
843.7323944	1791.112676
842.76	1799.52
643.4573171	1816.810976
631.1272727	1813.327273
636.625	1813.875
645.5333333	1819.066667
634.72	1817.96
683.559322	1817.661017
650.5	1822.653846
637.325	1822.95
665.875	1824.34375
670.2777778	1825
834.4210526	1824.894737
670.7017544	1829.298246
417.3076923	1829
678.9578947	1834.789474
878.8157895	1835.263158
685.755102	1836.163265
860.2121212	1836.939394
512.6315789	1841.921053
692.1162791	1841.976744
698.5	1843.75
673.0754717	1846.056604
705.2040816	1848.040816
692.2941176	1850.294118
700.2	1851.2
673.9222222	1852.633333
693.9459459	1854.324324
705.2083333	1853.958333
700.0263158	1856.315789
713.6111111	1855.222222
679.8166667	1857.816667
675.1818182	1859
195.3478261	1862.478261
675.32	1864.34
681.7407407	1865.037037
465.0769231	1867.179487
735.4117647	1867.558824
664.3636364	1870.886364
732.9090909	1871.977273
670.3888889	1872.361111
621.2545455	1872.727273
738.7631579	1873.394737
469.3666667	1874.233333
610.1076923	1875.230769
618.6857143	1876
616.4	1879.15
609.212766	1883.191489
615.3235294	1883.764706
612.2173913	1887.608696
493.8148148	1900.592593
640.7142857	1902.892857
632.6086957	1909.217391
690.6981132	1909.188679
701.3333333	1912.111111
687.8235294	1914.529412
357.1111111	1915.333333
704.1111111	1915
713.8	1914.771429
360.527027	1918.905405
696.9752066	1922.545455
702.55	1919.1
709.1818182	1916.909091
735.4636364	1916.790909
711.9189189	1921.486486
720.3880597	1919.41791
685.7727273	1921.181818
353.3518519	1920.592593
558.2820513	1923.589744
633.4509804	1923.823529
704.0666667	1924.266667
707.3333333	1923.555556
359.9565217	1926.173913
364.8292683	1924.219512
393.6888889	1925.888889
685.0961538	1927.942308
604.52	1927.74
613.8765432	1929.987654
691.3076923	1927.923077
738.16	1928.4
356.5	1930.66
636.975	1927.75
619.7391304	1929.304348
641.1481481	1930.37037
690.8461538	1931.974359
396.3333333	1931.22807
636.6363636	1932.772727
362.8	1931.86
607.4117647	1931.764706
598.3814433	1933.989691
607.4166667	1934.666667
714.8431373	1932.176471
617.6538462	1935.807692
326.5625	1937.583333
361.7	1939.3
710.6735751	1938.264249
796.6304348	1937.326087
389.8658537	1941.207317
614.6896552	1940.793103
698	1940
368.8055556	1941.222222
583.9	1940.1
703.3043478	1942.173913
800.7291667	1941.0625
721.3714286	1942.771429
717	1942.583333
295.3130435	1944.408696
577.8	1944
768.5208333	1943.770833
302.3818182	1946.763636
285.9864865	1944.27027
366.4736842	1945.894737
552.6024096	1944.915663
602.9772727	1945.045455
608.8769231	1945.523077
695.9318182	1946.454545
709.6888889	1947.311111
801.2352941	1945.911765
808.952381	1945.238095
309.9425287	1948.172414
545.7241379	1947.517241
386.9761905	1947.75
361.0769231	1948.115385
399.3768116	1948.681159
575.745	1954.255
603.85	1949.75
805.875	1950.125
356.8148148	1949
552.4333333	1952.116667
581.4615385	1950.538462
586.5263158	1951.263158
804.4444444	1951.644444
371.7	1950.557143
381.8	1951.7
424.75	1951.25
721.0638298	1951.425532
769.2666667	1950.888889
320.4054054	1952.648649
353.5	1952.607143
385.7692308	1953.769231
391.3636364	1953.886364
624.75	1953.272727
716.35	1955.35
357	1954
360.9166667	1953.416667
414.3333333	1952.238095
707.6206897	1955.5
757.225	1953.6125
765.9259259	1953.888889
807.8823529	1955.705882
813.75	1954.977273
819.5625	1953.34375
367.4872727	1961.458182
387.5333333	1956.533333
409.7857143	1954.607143
474.7959184	1953.836735
684.9069767	1954.976744
382.8636364	1956.5
538.8333333	1955.288889
571.9166667	1956.833333
583.1176471	1955.941176
310.1875	1956.640625
415	1958.869565
421.3	1956.233333
427.3214286	1957
568.1842105	1959.578947
802.5	1957.75
318.372093	1959.209302
378.9375	1957.25
471.08	1956.68
586.8235294	1958.235294
681.2564103	1958.410256
757.85	1958.825
357.3409091	1960.068182
471.984375	1960.890625
533.2933333	1959.653333
619.8085106	1958.93617
713.25	1958.027778
771.972973	1958.054054
456.9183673	1961.489796
574.7804878	1961.780488
708.2424242	1962.757576
761.3928571	1961.464286
767.5238095	1960.666667
774.5714286	1961.857143
821.5882353	1960.666667
347.4318182	1962.5
320.6190476	1963.47619
677.7659574	1964.617021
709.8666667	1966.4
758.4210526	1965.894737
762.5357143	1966.857143
376.1428571	1967.371429
603.6486486	1966.662162
697.3823529	1965.754902
713.5945946	1967.540541
716.8125	1964.71875
429.4571429	1965.8
458.3529412	1967.235294
767.4642857	1967.892857
311.3	1967.5
329.8166667	1966.233333
369.7777778	1969.055556
462.125	1968.083333
692.1333333	1967
323.3043478	1968.391304
431.0384615	1969.961538
436.4444444	1970.166667
688.7222222	1971.958333
689.3	1969.05
775.3614458	1972.108434
322.8411215	1973.579439
390.8888889	1970.888889
328.5	1971.416667
354.2258065	1971.354839
744.68	1972.12
377.88	1973.16
320.55	1976.9
392.8289474	1975.210526
748	1977.8
769.88	1975
774	1977
370.825	1975.675
383.8571429	1976.714286
710.0508475	1975.898305
723.5	1977
441.8947368	1978.421053
689.9375	1978.109375
743.0967742	1978.709677
314.9047619	1978.5
376.588785	1981.663551
391.3461538	1980
716.4571429	1979.742857
770.8857143	1980.142857
387.6065574	1982.344262
651.8780488	1980.02439
780.9333333	1979.1
318.6666667	1981.266667
774.7142857	1982.142857
322.9459459	1981.864865
710.65	1982.25
314.6666667	1983.904762
722.3513514	1983.108108
777.6222222	1985.044444
813.9038462	1982.423077
482.8690476	1981.511905
716.9677419	1984.870968
298.2	1985.533333
605.6964286	1989.526786
366.2233503	1990.517767
376.1578947	1989.263158
713.5862069	1988.62069
289.6031746	1989.126984
447.0625	1987.5
479.4	1989.733333
441.2	1989.254545
447.3636364	1992
549.1489362	1992.106383
300.3571429	1993
599.8738739	1989.63964
294.7222222	1995
473.5217391	1995.608696
287.4193548	1995.193548
307.2823529	1995.282353
332.7413793	1995.655172
444.6588235	1996.682353
742.953125	1993.6875
313.3214286	1995.785714
374.7	1996.483333
612.74	1995.88
280.3	1998.888889
318.6764706	1997.147059
325.875	2000.6125
285.5172414	1999.862069
367.8846154	1999.076923
480.4516129	2002.795699
753.7222222	1997.444444
290.6428571	2000
508.537037	1999.796296
309.6523297	2005.430108
332.6785714	2002.464286
616.6538462	2003.057692
743.9574468	2001.595745
749.3333333	2001.083333
289	2003.5
295.125	2002
753.8958333	2004.229167
500.0634921	2005.269841
504.9615385	2003.615385
509.2222222	2004.851852
283.9444444	2006.277778
330.6666667	2006.222222
288.6206897	2007.586207
324.4634146	2008.609756
612.1219512	2006.95122
742.8947368	2007.877193
295.4193548	2007.387097
567.7735849	2009.566038
329.3333333	2010.8
333.5217391	2009.869565
298.3125	2010.0625
566.3	2012.8
265.6820513	2019.179487
291.4363636	2012.672727
301.9803922	2015.647059
325.1851852	2013.592593
561.5217391	2013.108696
315.6966292	2015.089888
453.1290323	2014.032258
331.5	2015.272727
690.4545455	2014.227273
694.9090909	2014.393939
700.6086957	2016.478261
696.1764706	2021.666667
262.4375	2022.6875
319.0666667	2019.8
475.26	2020.38
612.2535211	2020.746479
478.5675676	2022.540541
687.7046632	2025.321244
324.7252747	2022.846154
370.3529412	2023.705882
364.7826087	2025.391304
276.3387097	2027.370968
284.0967742	2026.83871
700.6428571	2027.392857
372.4646465	2030.252525
374.5	2027.333333
410.2459016	2027.229508
696	2028.952381
705.7692308	2027.538462
417.8372093	2029.860465
283.3846154	2031.692308
409.5454545	2032.272727
620.5961538	2030.673077
701.5	2032.757576
281.0411765	2037.288235
335.5	2033.103448
414.2857143	2033.238095
328.6944444	2032.361111
371.3125	2034.96875
302.8666667	2036.877778
389.4814815	2034.333333
617.1875	2036.6875
307.1458333	2036.083333
325.8679245	2036.716981
392	2038.357143
395.68	2037.04
411.4090909	2037.068182
623.2173913	2035.73913
266.0967742	2035.693548
271	2037.307692
273.4285714	2038.214286
612.0674157	2041.494382
262.4615385	2038.461538
331.2692308	2039.653846
339.6923077	2039
259.125	2038.416667
616.5	2040.785714
311.68	2041
651.8032787	2040.180328
262.3055556	2043.222222
271.2272727	2042.704545
257.3846154	2042.076923
335.1724138	2042.448276
274.3	2045.9
343.7678571	2044.767857
279.4878049	2046.414634
330.3170732	2046
343.9090909	2049.69697
462.9444444	2045.574074
309.0612245	2048.081633
336.125	2046.9375
391.90625	2046.90625
337.78	2051.56
418.625	2049.785714
394.0952381	2051.666667
461.7407407	2052
330.5833333	2052.1875
401.0888889	2051.466667
409.1935484	2051.677419
282.6	2056.15
403.7619048	2054.904762
365	2053.454545
409.421875	2059.09375
422.1851852	2055.148148
398.03125	2057.59375
416.6470588	2055.970588
391.3333333	2055.916667
368.7761194	2058.716418
388.0363636	2061.254545
394	2061.148148
402.2340426	2061.106383
415.8695652	2060.782609
456.4719101	2060.168539
316.3225806	2059.806452
238.3333333	2062.875
314.7058824	2063.058824
579	2061.222222
307	2063.596154
484.4615385	2063.769231
398.5348837	2066.232558
501.9285714	2064.261905
513.6216216	2065.081081
518.90625	2064.5625
523.8235294	2065.235294
574.5454545	2065.681818
578.8064516	2067.483871
497.125	2068.828125
389.3488372	2067.116279
502.375	2069.5625
507.25	2068.4
524.92	2069.6
380.9518072	2069.036145
384.4285714	2069.714286
388.3448276	2072.206897
395	2070
510.7647059	2068.823529
376.2307692	2071.923077
403.9032258	2071.137097
513.0625	2075.425
518.961039	2077.077922
505.4897959	2075.020408
395.6153846	2073.846154
379.5416667	2076.25
424.9038462	2075.884615
510.3043478	2079.956522
431.3125	2079.75
504.5	2081.777778
535.1578947	2078.508772
436.6808511	2079.319149
434.0454545	2085.181818
533.625	2084.75
529.8181818	2084.2
440.7307692	2087.230769
538.45	2085
288.56	2089.24
534.4507042	2090.605634
504.7407407	2090.740741
510.1578947	2090.184211
454.9857143	2093.085714
283.8787879	2092.424242
363.0930233	2093.860465
293.7555556	2093.933333
357.9583333	2094.541667
502.3863636	2096.727273
250.1917808	2095.917808
257.8510638	2095.574468
508.0217391	2096.413043
284.9361702	2097.574468
415.1111111	2096.722222
296.9	2100.325
530.6190476	2100.571429
265.4615385	2101
258.4186047	2102.348837
290.0444444	2102.444444
474.1428571	2102.119048
263.3076923	2104.923077
390.547619	2102.52381
369.1728395	2103.666667
252.5098039	2111.568627
269.245283	2106.226415
374.3170732	2106.682927
386.2903226	2107
260.4333333	2109.133333
271.2702703	2111.027027
366.0106383	2113.319149
380.5098039	2108.784314
392.1772152	2110.35443
386.4545455	2112.727273
257.8181818	2112.545455
262.675	2115.9
392.2105263	2116.578947
382.0560748	2118.242991
372.673913	2117.141304
257.4772727	2120.636364
473.95	2116.675
530.8611111	2118.916667
253.4666667	2122.866667
391.5	2120.222222
249.6315789	2122.684211
244.4117647	2123.078431
265.9454545	2123.854545
271.7142857	2122.809524
390.2424242	2124.545455
385.75	2125.25
469.9090909	2124.340909
528.8625	2126.875
532.6	2124.6
464.3137255	2126.54902
257.8610169	2133.671186
271.1025641	2129.102564
534.375	2128.25
540.2868852	2127
376.5204082	2127.663265
384.4318182	2129.295455
433.3333333	2128.75
470.7692308	2130.461538
476.3714286	2127.571429
391.0714286	2129.892857
454.2307692	2129.615385
259.3157895	2129.315789
321.2857143	2131.5
306.1147541	2132.713115
465.5362319	2133.869565
473.9375	2134
478.875	2130.875
316.4107143	2129.080357
481.6818182	2132.227273
250.7142857	2138.071429
455.84	2133.7
530.3555556	2136.377778
478.7	2137.3
305.125	2135.375
284.0263158	2136.605263
296.2	2135.15
244.2826087	2138.130435
275.2	2138.5
311.9268293	2139
269.0454545	2140.272727
291.5	2138.181818
327.4583333	2139.333333
259.5789474	2141.526316
318.4651163	2139.511628
244	2142.857143
283.4354839	2145.806452
299.8979592	2139.877551
452.8	2140.8
278.125	2141.875
291.0222222	2145.633333
304.1304348	2144.217391
503.9152542	2143.389831
525.2195122	2144.02439
314.3166667	2146.433333
388.4901961	2143.529412
477.2741935	2143.516129
244.7	2146.666667
250.3214286	2144.535714
262	2145.481481
266.8205128	2144.641026
297.0625	2145.6875
307.2121212	2147.454545
469.6481481	2145.5
452.3809524	2145.714286
462.6538462	2146
272.7826087	2146.217391
251.5714286	2149.204082
262.58125	2152.75
284.9090909	2149.363636
300.362069	2149.741379
310.4642857	2150.892857
519.9107143	2152.017857
259.1333333	2153.6
290.516129	2152.645161
296.8461538	2155.128205
280.125	2154.916667
290.2758621	2156.965517
470.1886792	2155.283019
464.744186	2157.255814
270.1296296	2159.833333
384.4895833	2160.770833
534.4705882	2160.176471
383.625	2162.25
388.7333333	2162.8
276.4615385	2161
280.2121212	2164.090909
386.96875	2165.875
377	2166
365.4193548	2166.870968
371	2167.823529
360.6833333	2170.566667
379.5714286	2169.285714
372.7435897	2172.794872
367.1904762	2172.666667
384.9387755	2172.795918
378.1388889	2173.75
365.1428571	2177.057143
358.5	2177.928571
372.9245283	2179.773585
381.3409091	2179
361.0526316	2183.494737
395.0322581	2184.4
351.9555556	2182.711111
381.5555556	2184.361111
376.125	2183.875
385.7857143	2185
354.4761905	2189.571429
361.3333333	2187.555556
389.0754717	2189.735849
438.7912088	2188.571429
485.1846154	2193.607692
497	2187.5
406.5	2189.305556
365.421875	2191.671875
402	2191
306.9259259	2192.592593
358.5	2192.821429
396.6842105	2192.052632
412.6341463	2191.04878
390.4285714	2196.489796
408.0625	2194.125
461.7647059	2193.941176
492.2857143	2194.122449
543.185567	2193.237113
364.6875	2198.28125
396.3636364	2197.545455
416.7073171	2196.268293
421.3181818	2195.818182
315.6338028	2196.098592
359	2197.794118
382.2790698	2196.651163
353.8823529	2197.294118
402.425	2197.7
411.15	2198.875
426.9444444	2196.166667
456.8064516	2196.596774
537.4782609	2198.043478
513.6753247	2199.948052
534.1162791	2200.372093
318.2244898	2202.102041
390.3	2203
490.5333333	2202.666667
356.3571429	2202.321429
385.1186441	2201.813559
403.9444444	2202.833333
407.9444444	2203.333333
457.5238095	2203.119048
499.515625	2204.265625
489.4705882	2206.647059
394.8387097	2204.645161
401.4594595	2206.891892
482.3529412	2205.647059
327.1869159	2208.906542
336.4153846	2207.138462
393.2608696	2208.913043
397.9	2208
476.5081967	2207.147541
343.7708333	2211.416667
395.7222222	2212.111111
400.5384615	2212.153846
481.4545455	2211.136364
502.5333333	2209
369.9411765	2212.235294
383.5247525	2211.039604
406.6530612	2209.673469
338.5945946	2214.594595
331.5714286	2214.821429
334.4166667	2213.583333
502.72	2215.04
507.380531	2217.442478
406.4583333	2215.833333
472.4545455	2216
477.1904762	2215.095238
382.875	2216.375
398.5416667	2217.020833
366.5813953	2217.534884
481.4736842	2217.368421
381.55	2220.275
486.4814815	2215.123457
498.7777778	2219.222222
476.5428571	2221.428571
480.9354839	2222.709677
500.4444444	2222.777778
485.025	2226.1
468.5882353	2225.294118
474.5454545	2226.522727
635.140625	2226.78125
467.9433962	2230.830189
470.4888889	2236.4
634.4848485	2234.30303
460.2352941	2235.205882
464.75	2236.0625
465.2222222	2239.5
482.2734375	2242.210938
539.5588235	2238.838235
669.2	2237.533333
475.9811321	2238.566038
527.7777778	2241.8
537.9545455	2242.636364
548.6976744	2240.534884
462.3181818	2243.590909
599.8333333	2242.888889
667.862069	2241.862069
472.7884615	2245.019231
672.9555556	2243.866667
543.5111111	2245.244444
551.5789474	2244.526316
555.25	2244.6875
535.3823529	2246.647059
549.952381	2248.809524
669.0857143	2248.342857
477.975	2251.1
545.7	2250.15
536.7959184	2252.367347
669.6206897	2252.448276
526.6923077	2254.538462
495	2255.5
521.4545455	2254.363636
540.3913043	2257.434783
594.8545455	2258.690909
512.3289474	2257.868421
520.7555556	2259.888889
515.9333333	2261.2
587.2258065	2262.741935
592.6153846	2265.205128
516.2688172	2266.537634
588.3636364	2267.272727
581	2268.071429
594.55	2269.85
584.0597015	2271.492537
680.3421053	2273.605263
684.9069767	2278.302326
678.8043478	2280.021739
634.8333333	2287.883333
684.4	2300.066667
690.3846154	2301.615385
668.8571429	2303.392857
674.8974359	2302.538462
353.7352941	2311
461	2314
669.2051282	2318.74359
673.8	2317
698.5625	2317.4375
677.1923077	2319.692308
527.6666667	2317.75
694.6153846	2318.346154
698	2322
520	2321.25
528.1408451	2323.126761
673.72	2323.2
688.9130435	2322.927536
695.4782609	2324.478261
702.59375	2322.8125
711.2857143	2325.642857
384.1166667	2327.166667
670.8823529	2327.529412
695.4615385	2327.923077
519.9032258	2328.5
689.1698113	2329.735849
525.1041667	2331.1875
698.5789474	2329.921053
519.6956522	2334.434783
703.7435897	2333.230769
698.1666667	2335
711	2335.333333
700	2339.034483
236.6911765	2337.558824
645.9090909	2337.181818
651.969697	2337.712121
694.8333333	2340.125
540.4193548	2342.467742
647.3376623	2343.961039
240	2348.241379
619.7142857	2354.214286
612.4752475	2354.128713
668.3695652	2360.217391
620.761194	2370.791045
593.862069	2371.465517
201.9558824	2374.941176
595.2142857	2375.857143
220.1	2377.8
261.8421053	2376.842105
269.4883721	2376.465116
595.4074074	2380.592593
226.0630631	2383.828829
574.3902439	2385.707317
578.6585366	2383.268293
578.4444444	2389.740741
194.8636364	2390.181818
221.5454545	2391.340909
585.45	2391.55
197.1333333	2393.666667
209.3863636	2394.931818
215.9306931	2399.623762
257.2105263	2394.596491
191.5714286	2395.948052
217.7777778	2392.888889
198.8125	2396.9375
203.35	2397.25
187.4444444	2399.111111
209.6285714	2401.028571
252.1607143	2399.535714
222.1	2400.3
227.9333333	2399.433333
192.5555556	2402.111111
203.4347826	2405.021739
224.5185185	2402.592593
259.3658537	2404.707317
193.4262295	2406.065574
199.4107143	2404.892857
229.8684211	2406.078947
253.1794872	2406.179487
208.15625	2407.78125
219.25	2405
226.0555556	2408.277778
265.1351351	2406.810811
187.4901961	2408.313725
192.125	2411
216.9183673	2408.326531
583.2	2409.79
198.0555556	2411.555556
218.7878788	2413.30303
263.125	2411.1875
223.6724138	2415.206897
229	2413.527778
194	2413.222222
206.16	2423.276364
213.0985915	2415.802817
191.2307692	2415.153846
265.6071429	2414.964286
198.4727273	2417.981818
189.0416667	2417.791667
576.3666667	2415.733333
193.7727273	2417.954545
219	2419.36
582.2758621	2419.103448
228.2962963	2419.444444
234.7692308	2419.923077
575.4807692	2421.807692
185.0283019	2425.358491
570.8461538	2424.192308
228.5263158	2424.789474
193.06	2425.84
223.5	2424.5
233.6206897	2426.827586
263.9393939	2427.878788
276.7407407	2426.148148
179.0232558	2427.395349
220.9705882	2429.745098
269.6451613	2428.258065
205.1136364	2431.045455
246.1111111	2429.666667
573.1616162	2430.777778
180.4	2435.05
172.6666667	2431.111111
235.3793103	2432.5
224.2916667	2435.458333
230.1071429	2434.178571
242.16	2431.906667
252.5842697	2437.393258
276.5	2434.177419
175.9384615	2440.753846
195.4615385	2436.487179
199.4210526	2435.421053
203.1363636	2435.772727
239.2702703	2438.621622
172.24	2436.88
209.6086957	2435.73913
259.0833333	2435.983333
275	2438.125
227.3157895	2438.684211
283.2666667	2438.466667
216.4948454	2437.793814
269.7162162	2442.290541
169.6173913	2446.321739
205.8636364	2439.613636
279.4117647	2441.764706
179.0909091	2441.636364
198.2647059	2442.088235
236.3666667	2442.933333
187.752	2442.664
243.375	2441.791667
246.6774194	2444.354839
194.3	2444.3
216.0571429	2444.114286
225.5479452	2444.616438
260.4545455	2445.863636
287.2727273	2444.545455
203.0714286	2446.5
213.3103448	2449.034483
240.2647059	2447.647059
280.5	2445.71875
196.5925926	2447.481481
217.4375	2447.375
232.5227273	2441.5
250.875	2448
232.9423077	2449.884615
244.4666667	2449.533333
180.4230769	2447.576923
186.7777778	2449.555556
208.1276596	2447.765957
227.3333333	2449.75
273.516129	2450.096774
180.173913	2452.695652
204.7333333	2453.433333
257.1363636	2450.522727
221.7659574	2451.446809
173.975	2454.1
191.7857143	2452.614286
200.3684211	2452.473684
236.8888889	2455.888889
241.8510638	2453.595745
263.5	2453.625
228.5932203	2456.372881
183.6341463	2455.585366
259.0652174	2456.369565
198.2631579	2456.657895
214	2457
219.974359	2457.128205
208.1439394	2462.80303
252.9734513	2460.19469
190.8085106	2465.506383
200.8833333	2463.833333
204.9090909	2461.636364
231.75	2461.5
217.5047619	2464.32381
212.4545455	2469.090909
227.6521739	2465.826087
444.3103448	2468.241379
186.8	2470.666667
223.5084746	2472.338983
199.4102564	2474.692308
206.78	2474.34
186.2857143	2474.75
219.2058824	2474.558824
192.106383	2477.702128
214.6071429	2476.910714
201.6470588	2480
197.2040816	2483.755102
239.5882353	2485.117647
246.5810811	2487.067568
191.5555556	2485.055556
190.9642857	2489.5
197.1473684	2492.936842
233.7260274	2489.164384
713.1515152	2489.212121
241.7924528	2492.45283
371.2222222	2492.083333
413.6	2493.430769
627.5555556	2492.259259
380.5081967	2493.901639
408.027027	2495.432432
709.7	2492.15
418.8965517	2493.137931
210.4313725	2494.764706
623.5757576	2495.666667
710.6	2496.4
716.0434783	2495.130435
373.0434783	2497.217391
706.0263158	2496.710526
139.3970588	2498.191176
201.1666667	2498.259259
197.6153846	2501.461538
629	2501.333333
665.893617	2502.446809
201.4666667	2502.133333
204.7586207	2502.965517
376.9076923	2502.569231
196.2162162	2504.567568
388.9195402	2507.678161
669.375	2505.375
376.6206897	2507.931034
383.7307692	2506.5
380.53125	2510.78125
361.8	2509.2
385.6666667	2511.266667
612.7916667	2513.833333
362.6666667	2516.242424
372.0105263	2518.494737
613.2037037	2521.925926
380.9583333	2520.708333
384.1612903	2524.225806
377.8064516	2525.064516
391.8571429	2524.77551
409.7777778	2525.027778
426.8448276	2524.189655
367.5166667	2525.35
387.7272727	2528.090909
382	2528
112.25	2528.7
384.8888889	2530.148148
373.8615385	2530.569231
396.3793103	2529.827586
407.3777778	2531.8
389.2121212	2533.060606
418.0178571	2529.017857
426.5555556	2531.655556
449.1	2531.066667
379.3	2534.716667
384.4285714	2534.357143
398.9	2533.2
457.6935484	2531.548387
420.0833333	2535.291667
405.6415094	2537.886792
395	2536
452.7567568	2536.648649
459.8656716	2538.716418
656.9189189	2536.135135
658.2105263	2540
450.2857143	2541.020408
649.2608696	2541.043478
359.4516129	2541.983871
655.0833333	2542.666667
353.1428571	2542.821429
461.8484848	2545.151515
658.5	2545.1
645.4642857	2545.928571
356.9354839	2547.709677
453.4038462	2546.326923
424.0833333	2547.9375
655.4761905	2547.761905
351.5932203	2549.627119
433.0793651	2549.015873
639.0862069	2550.844828
655.3793103	2551.206897
352	2554.642857
439.1578947	2552.526316
644.8125	2552.208333
647.7857143	2555.47619
358.9784946	2555.473118
424.5416667	2556.152778
433.5769231	2555.807692
679.6774194	2558.064516
437.4210526	2558.105263
369.2978723	2559.340426
433.2307692	2559.846154
378.0833333	2561.916667
427.5217391	2563
395.5217391	2563.617391
432.6	2563.35
438.030303	2562.909091
457.3529412	2562.509804
673.5277778	2562.75
368.8958333	2564.395833
680.0105263	2566.547368
707.2363636	2563.127273
384.6695652	2565.278261
378.88	2567.64
654.537037	2567.481481
708.3835616	2569.369863
376.7952756	2573.401575
437.1290323	2569.306452
386.65625	2574.40625
668.8253968	2573.603175
675.9210526	2574.421053
429.4285714	2574.428571
441.8604651	2574.790698
434.05	2577.55
436.6363636	2576.045455
392.0555556	2576.833333
697.53125	2576.25
693.3214286	2577.607143
433.7608696	2583.282609
697.7142857	2581.47619
679.7222222	2582.277778
691.9069767	2582.697674
378.15	2582.95
657.86	2580.76
375.5227273	2586.272727
447.3888889	2584.611111
658.7941176	2588.235294
372.5512821	2591.551282
663.6666667	2593.416667
390.8	2593.666667
398.9857143	2594.871429
425.3580247	2594.296296
434.0206897	2593.255172
443.1363636	2594.136364
368	2595.333333
694.2051282	2593.705128
377	2597.68
385.0714286	2595.97619
419.7428571	2595.542857
439.9821429	2598.75
394.3823529	2597.794118
417	2598.461538
447.125	2598.833333
691.8095238	2598.47619
380.9047619	2601.595238
667	2601.5
686.6721311	2600.737705
361.9069767	2600.406977
370.2173913	2600.434783
409.6666667	2603
419.1470588	2601.823529
693.8611111	2602.916667
353.0357143	2604.619048
425.2467532	2605.285714
431.7692308	2604.384615
436.3392857	2606.232143
443.7037037	2603.888889
359.98	2608.04
376.5714286	2605.285714
448.375	2604.1875
372.4375	2605.15625
415.6122449	2606.877551
366	2608.16129
382.1967213	2609.491803
392.3272727	2604.563636
444.1304348	2608.413043
689.9784946	2607.064516
407.1428571	2608.809524
668.0769231	2608.974359
686.5555556	2611.25
345.5454545	2608.872727
371.4137931	2610.62069
392.1276596	2612.297872
696.7142857	2611.571429
702.6808511	2610.361702
692.4615385	2611.846154
356.1481481	2612.518519
374.3506494	2617.025974
339.3030303	2613.333333
361.28	2614.48
659.5	2613.464286
696.8	2614.6
691.8444444	2616.533333
700.5652174	2615.652174
345.7761194	2618.343284
661.4310345	2611.706897
350.3137255	2613.901961
665.173913	2617.478261
732.1136364	2616.272727
338.9117647	2619.558824
367.6423841	2620.682119
356.59375	2621.385417
661.0909091	2620.181818
717.28125	2617.65625
695.92	2620.36
710	2619.547619
387.8372093	2621.511628
667.6056338	2619.211268
700	2621.5
707.296875	2622.671875
660.4666667	2624.111111
674.1	2624.966667
704.875	2625.125
716.173913	2624.26087
726.3043478	2623.811594
337.25	2627.05
696.5514019	2627.411215
346.4852071	2629.337278
389.5471698	2626.54717
421.7560976	2627.268293
702.375	2627.25
718.8857143	2627.585714
333.5294118	2628.117647
394.25	2629.1875
356.2291667	2629.229167
382.7804878	2629.317073
668.0540541	2628.513514
705.4489796	2630.816327
710.46875	2630.5
362.5428571	2629.285714
676.1428571	2629.821429
330.1	2630.8
670.7777778	2631.222222
364.1428571	2633.404762
390.4901961	2634.803922
778.8571429	2632.071429
384.9428571	2635.257143
667.3461538	2634.153846
676.3076923	2634.282051
749.3066667	2636.32
770.8857143	2634.838095
396.9032258	2635.354839
790	2636.8
393	2639.818182
400.6521739	2638.086957
411.4090909	2637.840909
782.6774194	2637.677419
397.05	2640.35
670.1123596	2640.404494
770.7906977	2640.418605
777	2639.5
450.7433628	2641.920354
663.516129	2639.935484
754.8846154	2639.730769
803.4230769	2639.692308
388.4444444	2641.555556
442.6470588	2642.529412
682.1944444	2641.777778
787.9411765	2642.254902
660.7419355	2644.16129
677.5714286	2643.809524
746.2238806	2647.373134
753.34375	2644.34375
801.5061728	2644.666667
751.5454545	2646.545455
772.7297297	2645.108108
778.6	2644.24
783.15625	2644.84375
376	2646.181818
786.7142857	2648.857143
441.1818182	2651.763636
696.76	2651.6
781	2651
363.2727273	2652.484848
371.037037	2651.444444
447.8958333	2652.25
743.8	2653.1
746.3636364	2654.454545
367.0833333	2652
714.7857143	2651.357143
726.5555556	2651.555556
755.7307692	2652.211538
368.7222222	2655.611111
443.7241379	2656.37931
400.5257732	2656.628866
664.0714286	2654.928571
714.5	2655.142857
740.7042254	2656.042254
652.3269231	2654.75
723.8888889	2656.555556
730.7674419	2655.790698
432.097561	2656.097561
668.6071429	2655.5
695.9473684	2657.947368
752.4545455	2659.25
758.4074074	2657.148148
396.28125	2660
426.0909091	2658.363636
686.71875	2655.145833
692.1481481	2658.185185
727.46875	2660.0625
407.8275862	2659.310345
450.03125	2659.125
668.8823529	2660.588235
388.7580645	2659.564516
653.734375	2661.375
434.3548387	2660.806452
739.0769231	2659.846154
758.0769231	2662.923077
394.5	2663.333333
390.1612903	2665.709677
741.7714286	2665.057143
428.2439024	2665.658537
440.95	2664.75
675.379562	2668.890511
689.4444444	2664.711111
398.9333333	2667.4
771.5	2666.588235
398.25	2670
691.8235294	2670.352941
419.8461538	2669.653846
730.65	2669.225
766.3611111	2669.388889
347.375	2671.15625
773.3220339	2672.305085
387.6428571	2671.142857
687.5090909	2671.272727
781.8636364	2672.454545
682.4705882	2677.247059
715.8688525	2671.754098
787.1666667	2674.916667
792.2857143	2673.371429
632.5862069	2674.275862
720.28	2674.44
727.7721519	2674.810127
386.1875	2675.25
346.55	2676.25
715.1612903	2677.193548
771.375	2677.5625
435.2435897	2678.692308
378.4782609	2679.73913
667.962963	2679.592593
773.9722222	2678.722222
780.7358491	2678.886792
675.3428571	2681.285714
719.6	2680.4
723.8888889	2680.138889
342.9761905	2680.333333
349.4444444	2680.111111
638.4814815	2681.055556
715.2857143	2681.190476
349.7777778	2684.333333
785.25	2683.9375
438.84	2685.8
717	2685.071429
727	2684.8
775.1538462	2684.666667
353.6571429	2684.228571
753.5	2684.8
779.2	2686
345.8684211	2686.473684
358.2307692	2687.282051
781.952381	2689.357143
354	2688.5
712.7525773	2688.546392
721.779661	2688.305085
728.2903226	2689.548387
675.4	2694.4
715.7	2696.4
723.1735537	2699.066116
731.0357143	2694.392857
414.275	2694.175
726.9230769	2694.307692
835.9259259	2694.592593
680.4464286	2697.767857
798.5121951	2697.268293
411.9	2700
439.7368421	2699.877193
433.6176471	2701.441176
351.5517241	2701.862069
765.875	2704.732143
348.6818182	2704.909091
357.4242424	2703.909091
731.54	2704.88
462	2706
727.3333333	2707.571429
756.4534884	2704.662791
673.4545455	2704.818182
679.4827586	2709.724138
359.1162791	2708.930233
437.4487179	2707.666667
724.3125	2707.0625
381.6491228	2708.684211
427.852459	2708.459016
757.5833333	2711.444444
407.1935484	2711.048387
672.8823529	2711.411765
730.5744681	2713.893617
347.5494505	2712.593407
459.36	2712.24
669.4931507	2714.69863
762.9054054	2712.148649
769.9285714	2712.857143
675.2083333	2714.625
725.7115385	2715.192308
831.1346154	2712.269231
377.0351171	2728.56689
357.2	2719.236
426.5777778	2716.333333
432.24	2715.14
747.2835821	2717.268657
407.1860465	2716.953488
833.6818182	2717.954545
370.9333333	2716.033333
443.7663551	2715.691589
827.7931034	2716.413793
370.6842105	2719.315789
752.96	2716.92
344.275	2718.35
666.4509804	2719.647059
821.7454545	2717.654545
830.0357143	2720.928571
399.2888889	2718.688889
447.4	2719.428571
801.9285714	2718.257143
364.2	2721.7
749.7714286	2722.342857
756.3829787	2721.042553
796.5	2721
814.7777778	2720.444444
342.4871795	2723.641026
405.9285714	2723.7
430.7903226	2722.967742
487.5223881	2722.41791
449.6727273	2723.072727
686.1698113	2721.886792
807.6976744	2722.093023
811.8	2724
820.8695652	2724.855072
396.9876543	2725.382716
411.6888889	2725.777778
799.7943262	2730.021277
416.5135135	2726.27027
782.6666667	2726.1
791.0810811	2725.513514
432.0555556	2728.361111
670.2916667	2726.916667
675.4285714	2728.071429
684.4347826	2729.804348
699.7567568	2725.837838
795.3333333	2725.541667
691.4210526	2727.105263
814.7142857	2726.428571
390.3508772	2731.087719
700.9285714	2729.678571
396.3333333	2730.296296
693.0434783	2730.826087
705.2391304	2731.73913
788.925	2731.225
361.5789474	2731.315789
404.2025316	2733.202532
810.3291139	2731.43038
673.7142857	2731.964286
818.0925926	2731.851852
412.6206897	2732.724138
419.2903226	2733.951613
664.9142857	2734.428571
668.7111111	2732.444444
699.1428571	2733.928571
409.1904762	2737
689.6206897	2736.741379
812.7222222	2736.444444
362.0408163	2739.693878
397.1470588	2738.705882
801.6276596	2738.744681
387.6875	2737.6875
489.3235294	2738.382353
785.7985612	2737.71223
390.047619	2739.52381
392.875	2740.5
415.1724138	2740.12069
698.9166667	2739.541667
777.4	2739.45
385.75	2740.25
471.8285714	2738.542857
477.5365854	2738.95122
773.8823529	2740.705882
811.754386	2741.491228
754.5607477	2741.17757
802.05	2741.75
395.3157895	2744.631579
465.5350877	2743.912281
480.4594595	2743.810811
703.490566	2742.792453
639.0540541	2743.432432
365.3333333	2744.925926
379.92	2745.56
626.5652174	2743.913043
263.4117647	2744.882353
368.9019608	2752.220588
697.3636364	2746.030303
384.9428571	2746.771429
617.9230769	2745.115385
389.84	2746.72
394.7037037	2748.962963
478.7	2748.68
612.7575758	2748.242424
753.8536585	2749.170732
760.4583333	2746.5
402.2916667	2747.791667
472.2083333	2749.569444
691.8	2749
781.8461538	2748.461538
465.1666667	2752
606.1785714	2749.821429
333.1	2751.1
378.3076923	2750.461538
385.2121212	2752.727273
389.8928571	2752.392857
398	2750.5
763.0952381	2753.619048
765.2121212	2750.030303
772.1153846	2752.557692
405.4545455	2753.517483
466.7666667	2754.766667
758.09375	2754.0625
481.0163934	2754.442623
394.4736842	2755.078947
735	2754.62963
378	2757.078947
613.1428571	2754.928571
714.5405405	2755.378378
780.1326531	2757.877551
395.7297297	2759.27027
413.1290323	2758
470.0615385	2759.692308
782.5	2757
383.5121951	2757.658537
479.5757576	2761.575758
615.5	2759
728.2083333	2757.333333
765.95	2758.5
367.7674419	2761.581395
410.04	2760.88
740.2867647	2762.014706
388.627907	2761.465116
393.8333333	2763.666667
474.6	2762
618.4576271	2763.813559
728.0217391	2765.23913
400.2941176	2765.964706
750.8	2763.5
772.6142857	2764.921429
338.1692308	2763.723077
382.9583333	2764.291667
407.4146341	2764.560976
722.893617	2762.617021
474.7804878	2766.170732
764	2765.227273
612.4117647	2765.882353
634.88	2765.04
389.1071429	2767.321429
810.9090909	2767.236364
775.4615385	2768.384615
630.8125	2769.208333
740.5882353	2769.117647
625.0638298	2770.085106
736.4444444	2769.638889
767.6896552	2772.310345
744.4411765	2770.441176
761.6521739	2772.26087
472.5365854	2773.073171
619.2678571	2772
739.2439024	2775.268293
776.025641	2772.923077
748.2631579	2774.447368
778.7	2773.3
632.9166667	2775.416667
761.8076923	2777.923077
785.2110092	2776.724771
803.1666667	2776.574074
403.03125	2778.0625
468.9724771	2780.770642
736.125	2779.6875
774.2564103	2779.076923
391.4482759	2779.758621
741.5625	2780.59375
769.3684211	2780.491228
780.76	2782.32
386.4193548	2782.548387
791.8181818	2782.772727
776.5833333	2784.583333
787.2962963	2785.444444
763.3947368	2783.842105
772.5454545	2787.090909
762.56	2789.16
468.0277778	2788.305556
757.5625	2789.666667
767.3103448	2788.448276
777.6086957	2788.434783
781.9411765	2788.117647
462.2419355	2790.306452
761.5454545	2794.454545
773.2040816	2792.795918
779.173913	2793.391304
784.7567568	2792.405405
768.6666667	2795.644444
782.877551	2798.612245
457.1363636	2798.045455
463.6341463	2798.756098
789.8125	2799.2
460	2801
453.25	2802.666667
771.5	2803.2
383.3142857	2804.428571
458.6346154	2805.423077
422.425	2806.1
777.8723404	2805.93617
408.7179487	2808.692308
396.5762712	2818.067797
708.5813953	2826.418605
389.5	2827.5
736.6164384	2831.178082
750.8169014	2852.084507
744.625	2855.0625
749.3	2858.866667
716.7530864	2863.160494
715.5555556	2867.37037
743.2222222	2887.518519
764.0365854	2893.841463
691.7435897	2901.25641
686.1818182	2904.787879
749.1304348	2903.913043
690.8518519	2907.981481
787.7826087	2905.608696
784.7741935	2910.483871
743.0535714	2909.928571
792.2380952	2911.904762
738.3333333	2917.888889
786.5284553	2918.585366
775.8913043	2922.043478
751.490566	2925.90566
715.0576923	2926.288462
687.3880597	2929.537313
684.9285714	2930.142857
776.5375	2928.4375
691.7391304	2932.391304
741.3723404	2938.170213
687.8888889	2939.083333
683.7692308	2939.346154
692.6	2938.628571
795.5	2940.5
679.9166667	2942.833333
690.3409091	2945.477273
795.0833333	2944.833333
690.6111111	2948.944444
721.28125	2948.4375
718.2380952	2950.904762
779.7777778	2949.777778
785.5882353	2955.985294
725.28	2951.52
777.4339623	2954.377358
716.7777778	2955.166667
726.3333333	2957.196078
721.0357143	2957.75
735.0833333	2957.333333
772.1785714	2955.642857
780.95	2957.35
776.6052632	2961.631579
782.0526316	2962.315789
761.6206897	2961.137931
769.5	2961.022727
739.8148148	2963.407407
767.25	2963.5
746.7777778	2966.037037
753.4081633	2966.163265
764.7727273	2966.863636
770.8928571	2967.785714
733.344086	2967.827957
727.6	2969.4
739.3529412	2968.029412
776.1836735	2968.734694
336	2971.5
740.7714286	2972.428571
747.1304348	2970.913043
771.95	2973.05
744.85	2978.4
737.6818182	2983.045455
743.6	2982.9
771.5584416	2980.558442
340.84	2982.4
713.1147541	2981.557377
767.3611111	2984.666667
334.1621622	2984.081081
708.4444444	2985.222222
742.2307692	2985.153846
713.3461538	2989.326923
342.787234	2988.510638
371.5	2987.777778
739.36	2989.52
352.9375	2993.322917
342	2993.8
347.2903226	2992.935484
345.9166667	2998.666667
339.8235294	2997.882353
349.3333333	3003.121212
746.5555556	3000.333333
336.3492063	3003.015873
331.5	3002.555556
342.6333333	3005.866667
332.55	3009
338.6923077	3010.346154
363.3636364	3015.787879
328.962963	3020.333333
400.525	3022.875
330.2222222	3025.444444
403.4	3025.9
405.1764706	3027.705882
324.2083333	3028.166667
358.5483871	3028.290323
381.6944444	3027.513889
400.5454545	3030.113636
385.85	3033.15
401.8666667	3034.133333
353.98	3031.36
408.8208955	3033.253731
360.7183099	3036.225352
351.3043478	3036.826087
403.8148148	3037.518519
372.375	3037.125
322	3037.5
317.6521739	3038.456522
378.0192308	3036
323.9482759	3041.396552
353.5365854	3042.463415
408.297619	3043.916667
375.3461538	3045.307692
315.3174603	3045.174603
358.1428571	3045.714286
363.8	3045.822222
319.5744681	3049.957447
356.212766	3051.765957
364.5882353	3052.044118
393.1724138	3051.396552
356.4666667	3058.833333
386.275	3058.225
410.0789474	3060.236842
391.4090909	3060.424242
351.3333333	3065.02381
345.7285714	3066.914286
390.2580645	3066.258065
395.8666667	3065.444444
401.25	3066.416667
338.6129032	3067.516129
404.1	3067.8
391.3333333	3071
395.4509804	3071.921569
403.9032258	3071.322581
336.2307692	3076.141026
344.06	3072.64
353.0227273	3073.295455
398.7272727	3074
357.6	3074.5
405.2028986	3076.536232
341.4615385	3076.384615
372.2666667	3079.377778
410.75	3079.5
344.6714286	3080.457143
371.36	3083.4
390.3443526	3085.826446
413.9583333	3083.291667
362.0666667	3085.583333
313.125	3084.75
375	3086.3
404.9736842	3084.552632
409.7647059	3084.529412
355.4022989	3084.827586
368.7818182	3088.272727
348.7	3086.866667
348.25	3089.6
382.3636364	3092
344	3091.5
372.0526316	3094.157895
397.2333333	3091.066667
340.7538462	3091.369231
356.9090909	3092.090909
364.68	3092.32
347.037037	3093.851852
353.5	3094.833333
405.7619048	3093.531746
417.7692308	3094.241758
395.6666667	3094.777778
360.4594595	3094.972973
378.6530612	3096.591837
349.8	3098.216667
357.7058824	3097.882353
392.9047619	3098.142857
344	3099.32
388.4666667	3099
397.2857143	3100.910714
362.8888889	3100.555556
400.7777778	3101.518519
380.34	3102.72
338.1363636	3102.727273
355.6666667	3103.705882
349.0652174	3107
364.7608696	3105.456522
387.0606061	3108.084848
394.5333333	3107.5
343.8125	3109.75
360.1818182	3109.954545
377	3110.2
404.7380952	3111.107143
351.173913	3113.782609
355.5185185	3112.462963
388.72	3115.76
362.7058824	3114.294118
370.2	3116.266667
365.3513514	3115.810811
693.5555556	3115.972222
169.75	3119.666667
360.2857143	3119.25
375.0909091	3118.242424
713.3380282	3118.295775
352.4897959	3119.959184
360.7592593	3125.166667
379.38	3122.36
689.625	3121.4375
697.1375	3120.85
684.5882353	3120.897059
348.5	3124.5
373.7727273	3123.636364
373.2978723	3126.829787
689.2941176	3126.382353
367.0428571	3126.114286
700.5131579	3130.934211
691.673913	3129.434783
697.4	3131.866667
1134	3131.5
747.9555556	3132.577778
374.1090909	3133.218182
729.6333333	3132.45
684.7906977	3134.581395
695.5135135	3135.891892
735.8837209	3136.209302
689.9473684	3136.131579
747.55	3137.9
694.68	3139.96
713.7307692	3138.884615
721.2121212	3140.181818
725.1	3140.833333
749.6363636	3141.318182
714.5	3142.28125
711.0833333	3144.166667
772.46875	3145.296875
700.1868132	3147.571429
707.8823529	3147.088235
720.961039	3147.87013
695.6	3150.6
735.3478261	3150.826087
700.5625	3153.1875
740.3090909	3151.763636
592.6393443	3153.262295
696.1818182	3158.987013
733.2105263	3155.368421
690.112069	3156.853448
725.1538462	3159.012821
743.2413793	3157.034483
702.4285714	3158.964286
735.7714286	3161
709.0175439	3159.649123
741.1363636	3161.272727
715.8571429	3160.55102
700.8421053	3163.631579
686.4117647	3164.294118
619.8947368	3165.578947
694.6842105	3167.473684
698.9583333	3168.583333
720.9090909	3167.204545
716.1388889	3170.472222
725.4716981	3173.54717
120.7118644	3180.084746
550.0263158	3180.815789
567.9302326	3183.255814
586.1	3183.2
694.3513514	3183.783784
701.0882353	3184.5
700.7777778	3188.5
583.875	3187.875
588.875	3188.375
906.0526316	3188.385965
594.1075269	3184.268817
694.3928571	3189.732143
899.6666667	3190.916667
912.375	3191.041667
906.35	3193
684.9298246	3193.298246
909.7142857	3194.904762
596.4941176	3193.8
604.3157895	3195
719.6875	3195.90625
724.6451613	3199.741935
581.6666667	3199.602151
592.0434783	3200.847826
589.7222222	3198.277778
715.5	3199
709.5357143	3200.178571
585.6521739	3203.26087
726.3939394	3208.121212
714.1204819	3207.53012
841.6333333	3206.633333
548.3684211	3208.789474
741.5319149	3208.957447
729.9230769	3210.076923
724.45	3212.4
743.9130435	3213.347826
620.5	3213.208333
730.6923077	3212.692308
726.4	3214.4
630.9473684	3214.947368
731.8	3215.4
698.0740741	3215.592593
738.1590909	3215.568182
728.5	3217.388889
743.8333333	3219.083333
692.4	3218.95
734.76	3221.413333
725.2045455	3220.5
793.3	3220.2
781	3221.7
782.8736842	3219.2
797.7906977	3224.116279
692.5	3223.5
697.7428571	3222.942857
803.0909091	3222.818182
790.0714286	3225
785.6666667	3225.583333
793.5789474	3225.736842
754.9333333	3225.633333
726.4	3225.25
750.0227273	3225.75
733.6393443	3228.639344
787.3589744	3229.358974
726.8333333	3230.277778
781.7391304	3226.695652
692.4035088	3230.175439
753.047619	3231.380952
779.1132075	3231.660377
773.4545455	3231.121212
748.1428571	3232.457143
725.78125	3236.15625
784.0888889	3235.777778
742.425	3234.875
694.4583333	3236.6875
698.1724138	3237.172414
750.4074074	3237.703704
746.3333333	3237.444444
788.1521739	3239.73913
738.125	3240.946429
800.0909091	3239.909091
700.125	3242.125
745.5	3241.791667
774.4631579	3242.105263
782.1111111	3242.333333
751.4761905	3244.785714
764.5714286	3247.678571
773.2040816	3248.979592
784.7666667	3247.216667
768.6190476	3250.095238
779.3478261	3250.217391
798.1333333	3248.447619
763.5	3252
754.7142857	3251.130952
758.9285714	3255.410714
792.3924051	3256.101266
774.5	3253.909091
770.0694444	3262.166667
799.4	3257.9
761.2788462	3262.326923
787.6875	3261.5625
748.5714286	3261.571429
754.7567568	3261.567568
745.125	3262.583333
776.3692308	3263.476923
695.8529412	3263.411765
794.8510638	3264.638298
700.3888889	3266.888889
748.65625	3266.6875
693.4210526	3268.105263
787.8961039	3268.909091
756.7954545	3270.022727
749.097561	3271.731707
780.8888889	3271.333333
756.0166667	3275.333333
894.2833333	3278.383333
759.4166667	3279.333333
480.975	3290.725
510.25	3290.15
533.4358974	3291.564103
792.8571429	3292.071429
443.9333333	3294.583333
505.5254237	3294.762712
508.8	3294.4
776.3333333	3294.368421
515.1293103	3297.775862
484.75	3298.694444
502.8	3297.6
497.5636364	3298.454545
443.8095238	3300.714286
504.5	3302.59375
468.88	3303.8
510.2	3306.676923
514.8846154	3306
556.106383	3310.787234
562.5098039	3313.411765
479.3098592	3312.788732
712.7121212	3314.727273
485.8421053	3318.947368
494.3181818	3317.19697
475.5714286	3317.44898
467.8	3321.2
472.0526316	3322.263158
481.6129032	3323.064516
637.4318182	3322.363636
832.275	3321.7
717.9245283	3320.754717
705.8319328	3326.016807
711.5689655	3323.396552
826.06	3326.15
835.8571429	3330.255102
719.7241379	3327.362069
818.3428571	3325.6
836.4444444	3325.277778
469.6296296	3326.740741
615.0833333	3327.805556
730.0638298	3328.276596
812.1071429	3328.464286
868.5789474	3330.894737
468.3205128	3332.448718
474.3461538	3331.230769
721.8484848	3333.060606
754.7777778	3330.388889
818.6266667	3331.866667
831.25	3333.625
849.7065217	3330.51087
771.2222222	3333.4
843.496063	3338.417323
753.8	3335.3
807.72	3334.94
828.1428571	3336.885714
475.9090909	3335.090909
850.5217391	3337.434783
860.7157895	3336.421053
467.3571429	3338.357143
473.9459459	3339.72973
754.25	3339.15
781.175	3336.425
813.4666667	3335.733333
813.7948718	3341.75641
819.9565217	3340.391304
705.2222222	3341.696296
780.28	3340.86
697.2528736	3343.241379
771.9166667	3344.027778
743.1298701	3343.74026
852.6333333	3347.1
716.95	3346.3
775.1666667	3347.87037
540.5789474	3347.473684
713.2264151	3349.603774
653.675	3348.2
543.8541667	3352.645833
649.8	3350.692308
644.1470588	3351.676471
704.7	3351.2
699.5789474	3353.105263
524.7241379	3353.344828
629.4074074	3354.074074
714.7368421	3354.526316
518.6666667	3355.583333
637.7647059	3356.803922
641.56	3359.8
732.2916667	3355.833333
705.2083333	3357.208333
735.875	3359.458333
739.76	3355.62
579.734375	3359.296875
725.7176471	3357.105882
731.8888889	3362.25
632.3076923	3361.115385
808.9487179	3361.692308
627.5138889	3364.305556
709.626506	3362.096386
721.6774194	3364.177419
741.1111111	3364.166667
497.1388889	3364.5
556.969697	3365.272727
708.1333333	3367.666667
813.0392157	3363.960784
736.04	3365.56
540.1071429	3366.857143
545.2179487	3365.448718
574.3571429	3367.342857
712.8148148	3367.407407
718.1142857	3366
504.4313725	3367.764706
517.6037736	3371.339623
520.8602151	3367.430108
554.35	3370.8
560.1538462	3369.871795
729.8953488	3369.395349
739	3369
805.9054054	3366.027027
541	3372
633.0909091	3371.439394
624.4883721	3372.116279
720.7346939	3373.714286
503.5357143	3374.142857
712.9272727	3373.527273
732.0638298	3374.021277
556.65625	3376.65625
715.53125	3378.375
475.625	3378.625
506.8823529	3378.588235
624.9836066	3378.983607
475.9090909	3382.818182
481.1707317	3382
621.5116279	3383.302326
477.15	3386.25
482.0243902	3388.243902
626.9444444	3392.166667
631.7647059	3391.72549
673.255814	3401.44186
526.8421053	3407.8
512.4571429	3410.771429
526.125	3411.25
515.9428571	3416.471429
530.5769231	3417.346154
534.7647059	3414.941176
512.8333333	3419.166667
523.2258065	3415.354839
674.8787879	3416.484848
527.5714286	3415.571429
490.4821429	3418.660714
522.6363636	3423.159091
538.6774194	3417.677419
627.55	3418.85
686.3121019	3422.528662
678.3636364	3420.909091
693.0491803	3421.606557
704.6363636	3421.454545
525.64	3420.12
535.1428571	3422.892857
623.6862745	3418.803922
670.9361702	3422.957447
490.9607843	3426.470588
603.8571429	3422.928571
700.3333333	3422.875
497.9032258	3423.354839
617.1785714	3424.25
512.1153846	3425.115385
540.0491803	3426.081967
517.0833333	3428.194444
704.8709677	3426.258065
498.0769231	3427.923077
544.15	3431.55
623.1292135	3429.904494
635	3427.5
700.6	3427.4
506.3870968	3428.096774
524.6923077	3429.384615
675.1052632	3428.421053
696.1162791	3428.767442
694	3433
551.8863636	3434.420455
509.84375	3435.4375
501.1428571	3435.339286
608.1666667	3435
603.4754098	3440.52459
558.0483871	3446.645161
598.3333333	3445
603	3445.714286
608.28125	3444.25
544.2592593	3446.851852
606.9625	3449.1875
523.5	3448.913043
621.4047619	3449.261905
644.8783784	3450.851351
652.313253	3452.180723
603.0952381	3454.095238
646.9	3458.7
190.625	3457.138889
616.1733333	3462.653333
623.6956522	3462.217391
613.2926829	3468.560976
656.2	3473.6
648.6794872	3478.192308
654.4230769	3479.884615
648.5625	3483.625
654.85	3484.4
659.0526316	3486
647.575	3487.425
653.6808511	3491.234043
648.125	3493.041667
657.6153846	3493.538462
698.7352941	3496.911765
815.3125	3516.833333
704	3518
818	3520.5
801.9846154	3524.676923
813.0909091	3524.295455
818.5357143	3524.25
840.9384615	3527.153846
802.4772727	3530.613636
806.16	3533
788.71875	3533.03125
864.6521739	3533.086957
855.7857143	3534.428571
870.6111111	3537.597222
851.4333333	3539.933333
859.5657895	3541.144737
841.2884615	3537.826923
845.4444444	3541.37037
866.8064516	3542.258065
849.8064516	3546.225806
843.1666667	3547.777778
845.9333333	3547.333333
863.5675676	3547.351351
837.6623377	3548.181818
855.0434783	3547.695652
848.5789474	3551.157895
859	3549.928571
853.5454545	3551.272727
843.952381	3553.47619
865	3553.857143
803.3703704	3553.62963
851.4705882	3555.941176
845.625	3556.3125
847.6666667	3558.611111
794.3076923	3556.211538
801.9052632	3564.663158
845.6111111	3561.555556
798	3561.8125
808.2181818	3563.2
840.1756757	3561.567568
793.3461538	3564.115385
845.3428571	3567.914286
850	3567.333333
795.9473684	3569.368421
787.5531915	3568.404255
812.1058824	3568.070588
861.2678571	3569.678571
816.21875	3572.3125
788.1538462	3573.846154
792.0357143	3573.607143
799.3888889	3574.481481
810.1190476	3579.333333
851.8	3577.5
816.5	3578.5
868	3579.5
798.25	3581.9
803.5	3579.642857
855.1081081	3582
804.7368421	3584.894737
868.5882353	3584.352941
853.1578947	3585.526316
771.6086957	3587.434783
858.2962963	3587.37037
807.4285714	3589.607143
854.2982456	3591.175439
865.6753247	3590.155844
878.3134328	3589.656716
846.8928571	3589.25
773.2424242	3592.666667
874.7391304	3592.434783
847.7142857	3593.380952
810.2780488	3598.321951
848.9375	3597.0625
878.9230769	3600.012821
846.7045455	3601.863636
897.2857143	3600.5
743.4772727	3600.795455
855.2211538	3601.451923
883.8529412	3601.941176
887.3666667	3603.2
819.826087	3601.152174
833.3018868	3604.509434
862.5306122	3604.918367
807.5581395	3606.976744
815.8571429	3603.357143
755.4583333	3603.9375
868.5652174	3607.847826
870.92	3604.36
728.3787879	3605.742424
743.5714286	3606.535714
839.25	3608
749.8194444	3608.236111
816.2	3611.784615
885.7906977	3609
830.2045455	3610
810.4482759	3611
819.85	3610.15
800.4897959	3613.326531
868.0169492	3616.016949
874.952381	3612.238095
811.4230769	3617.192308
835.6315789	3614.684211
820.8387097	3617.387097
734.7788462	3618.317308
805.8181818	3615.090909
827.8958333	3616.65625
872.7368421	3617.684211
878.4242424	3617.69697
808.6764706	3620.058824
814.7307692	3620.846154
804.4352941	3625.176471
820.5952381	3623.190476
795.8157895	3623.092105
807	3625.25
870.125	3623.5625
873.6756757	3622.945946
738.625	3625.25
810.8030303	3629.484848
876.7261905	3628.071429
798.7333333	3628
733.4893617	3626.042553
823.2105263	3629.263158
867.8030303	3629.621212
898.0934579	3626.53271
738.0686275	3630.22549
844.125	3631.895833
890.4137931	3632.137931
817.8275862	3635.586207
873.5714286	3636.204082
883	3634.365854
896.3636364	3638.045455
813.1323529	3637.661765
826.0754717	3636.09434
903.6666667	3635.121212
823.8076923	3640.153846
890.68	3636.92
765.3673469	3638.469388
865.15625	3638.5625
885.4912281	3640.824561
819.6428571	3642.642857
902.3414634	3644.170732
719.7575758	3643
906.2531646	3647.544304
872.0253165	3644.063291
897.6666667	3645.033333
719.2564103	3647.512821
890.1470588	3646.382353
893.9285714	3646.142857
893.6818182	3650.818182
834.3636364	3651.636364
897.3529412	3652.960784
871.75	3652.5
826.547619	3652.595238
767.3333333	3654.111111
790.5	3653.84
908.5	3653.75
914	3653.444444
815.3513514	3656.013514
830.8139535	3657.116279
921.0625	3656.3125
807.0434783	3657.391304
913.9565217	3658.478261
909.1428571	3659.971429
917.4210526	3659.052632
799.7647059	3658.607843
923.6363636	3660.484848
799.5	3663.888889
804.1388889	3664.472222
905.2857143	3662.642857
915.1904762	3664.142857
811.5526316	3664.342105
906.6774194	3666.709677
918.954955	3670.612613
976.2857143	3667.928571
805.1875	3668.75
904.275	3670.125
762.3461538	3669.846154
808.5652174	3670.173913
811.0833333	3671.583333
906.5625	3672.875
925.3870968	3670.806452
884.7096774	3674
880.5	3674.5
1013.315789	3673.596491
923.6956522	3677.26087
980.1777778	3676.748148
1009.080645	3677.064516
772.5	3676.727273
887.4545455	3677.727273
895.3619048	3678.12381
928.8571429	3676.742857
767.0597015	3680.283582
774.95	3678.4
879.2876712	3679.945205
931.5294118	3681.411765
795.05	3681.15
988.6315789	3679.982456
1006	3680.65
939.5	3682
957.4565217	3681.173913
882.0769231	3682.846154
951.0166667	3682.3
888.2222222	3683.111111
900.6304348	3682.043478
908.4385965	3683.982456
995.5	3683.555556
774.64	3685
780.2150538	3678.935484
884.76	3685.44
987.2121212	3685.272727
892.9722222	3687.083333
878.0322581	3687.741935
776.7037037	3688.62963
990.7833333	3688.666667
782.1052632	3689.947368
882.1818182	3690
910.1976744	3690.883721
1012.6	3688.5
887.2857143	3694.047619
900.7705882	3695.417647
778.5454545	3693.606061
787.5	3692.5
891.3181818	3691.136364
894.9	3693.35
1033.608696	3692.73913
1022.833333	3695
1028.106383	3693.489362
782.8095238	3696.452381
795.3076923	3696
892.5454545	3697
1033.227273	3697.636364
912.7758621	3697.396552
1028.4	3700.028571
978.2647059	3699.294118
786.25	3700.4375
906.7	3704.74
919.4285714	3699.696429
973.7560976	3696.121951
1017.067797	3700.40678
804.8636364	3702.727273
893.2424242	3703.090909
902.2666667	3704.333333
975.8571429	3703.97619
917.7857143	3705
961.8541667	3704.4375
1021.025	3704.075
973.7619048	3706.761905
786.5416667	3706.958333
808.4358974	3706.564103
865.8846154	3707.346154
971.1071429	3709.035714
787.1034483	3711.310345
800.3846154	3709.846154
1271.735294	3711
804.6231884	3714.289855
779.0526316	3713.236842
785.244898	3715.367347
961.9521277	3711.56383
1280.675	3714.975
960.03125	3716.375
758.7142857	3716.5
791.0555556	3717.111111
1273.040816	3719
787.7037037	3720.481481
814.625	3718.833333
760.9726027	3721.315068
793.0689655	3720.896552
1268.105263	3722.210526
1277	3722.307692
812.0526316	3724.789474
797.2803738	3727.373832
1247.415094	3727.490566
793.4193548	3729.387097
802.1428571	3728.142857
1253.1875	3727.15625
1019.961538	3729.115385
1023.271605	3732.444444
1253.34375	3732.4375
831.0208333	3733.208333
1319.020833	3733.041667
1325.90625	3735.3125
800.047619	3735.904762
833.8571429	3738.460317
1234.073171	3736.817073
1253.820513	3738.641026
1322.05	3738.6
1242.789474	3740.852632
1317.333333	3740.025641
1237.941176	3742.058824
1258.914286	3742.514286
1030.666667	3744.266667
1231.819672	3746.147541
1250.611111	3744.277778
1254.875	3745.666667
1245.116505	3750.592233
1161.051282	3747.820513
1166.210526	3747.894737
1187.965517	3747.413793
1319.90625	3746.1875
1195.306122	3749.938776
1222.229508	3751.065574
1185.444444	3751.222222
1317.488889	3750.144444
1184.8	3754.2
1244.666667	3754.555556
1312.044444	3751.8
1228.5	3755.5
1185.037037	3757.888889
1239.043478	3756.347826
1316.205882	3757.235294
1201.451613	3758.72043
1323.636364	3757.409091
1248.02	3757.62
1326.666667	3759.888889
1236.607843	3761.705882
1244.3	3762.933333
1307.897436	3760.461538
1316.083333	3761.583333
1197.714286	3763.5
1237.133333	3765.733333
1312.931818	3764.772727
1319.333333	3764.333333
1305.238095	3766.47619
1327.073529	3765.764706
1241.973684	3768.263158
1250.643478	3768.817391
1316.5	3770
1235.837209	3771.255814
1256.333333	3771.3
1164.294118	3771.176471
1168.574074	3771.925926
1175.206349	3769.460317
1287.678571	3773.267857
1243.9	3775.957143
1174.914894	3777.340426
1238.571429	3775.571429
1293.666667	3776.666667
1286.872727	3779.254545
1173.327586	3782.758621
1290.021739	3784.108696
1287.772727	3789.318182
1460.081081	3789.054054
1285	3792.086957
1471.931818	3791.454545
1456.25	3792.875
1212.638298	3790.510638
1286.513761	3797.155963
1462.306452	3795.387097
1208.669231	3796.261538
1190.512821	3799.282051
1199.828571	3798.142857
1469.683333	3798.366667
1156.903226	3799.193548
1453.787879	3797.757576
1204.9	3803.45
1450.65	3801.7
1455.833333	3802.066667
1464.568627	3802.431373
1456.115385	3805.692308
1461.333333	3806.3
1270.169014	3805.302817
1466.2	3807
1199.571429	3810.228571
1264.352941	3808.970588
1454.875	3811.28125
1461.085106	3814.021277
1112.267606	3817.71831
1275.421875	3817.984375
1126.242424	3819.575758
1047.357143	3821.607143
1116.4	3822.4
1150.75	3822.886364
1129.864865	3824.594595
1124.025	3824.2
1119.564516	3827.112903
1249.432432	3824.810811
1126.658537	3831.02439
1252.481481	3830.037037
987.7435897	3831.564103
1138.5	3833.5
986.4285714	3836.857143
991.0714286	3836.464286
966.6111111	3841.888889
984.4705882	3841.352941
988.6086957	3842.173913
992.8214286	3842.714286
973.2666667	3843.8
984.4642857	3845.821429
963.5652174	3846.347826
992.4074074	3847.555556
961.1764706	3849.666667
1133.876923	3849.461538
1171.342857	3849.942857
968.4333333	3851.983333
1110.75	3849.65625
1177.559524	3853.52381
1103.928571	3854.232143
1118.377358	3851.981132
1182.478261	3853.478261
1099.833333	3855
1111.431373	3854.921569
1123.659574	3853.021277
1137.235294	3855.705882
1130.967742	3854.774194
1340.758621	3856.965517
1430.097222	3856.583333
1183.861538	3860.923077
1113.987342	3861.78481
1137.77193	3863.877193
1175.111111	3861.666667
1258.967742	3860.193548
1255.932515	3867.533742
1129.278481	3861.189873
1132.791667	3865.291667
1253.6	3868.3
1260.893617	3868.148936
1250.037736	3870.698113
1244.795455	3866.5
1238.076923	3871.769231
1242.25	3872.388889
1186.044776	3873.686567
1437.907407	3877.324074
1192.272727	3875.681818
1247.428571	3876.942857
1271.736842	3875.368421
1243.333333	3877.75
1203.59322	3879.59322
1253.850746	3885.738806
1266.7	3879.8
1248.076923	3882.307692
1243.578947	3883.105263
1259.727273	3883.545455
1266.839286	3886.160714
1272.823529	3883.073529
1202.3125	3885.125
1247.625	3886.5625
1257.636364	3887.045455
1215.473684	3886.421053
1218.84	3889.2
1213.268293	3891.04878
1263.693333	3891.346667
1274.952381	3890.190476
1202.463918	3900.948454
1206.73913	3894.086957
1212.822222	3897.288889
1218.685714	3895.342857
1225.465116	3896.093023
1250.245902	3896.901639
1233.982143	3899.071429
1255.174603	3901.777778
1206.4	3899.1
1211.253968	3904.095238
1222.904762	3902.821429
1240.875	3903.5625
1226.714286	3906.714286
1230	3905.315789
1232.55	3907.95
1247.375	3905.65
1236.340426	3906.255319
1242.529412	3908.352941
1229.5	3910
1251.1875	3910.40625
1236.822222	3914.6
1226.533333	3911.6
1231.684211	3913.894737
1243.93617	3913.234043
1239.333333	3913.444444
1222.56	3914.56
1228.25	3915.125
1245.5	3915.5
1243.875	3917.75
1248.771429	3918.671429
1227.565217	3918.826087
1233.530303	3921.121212
1242.918033	3924
1210.391304	3920.73913
1222.184211	3921.342105
1226.121212	3923.606061
1251.424242	3923.424242
1226.551724	3928.344828
1210.2	3927.3
1234.964286	3928.142857
1230	3930.9375
1208.472727	3934.418182
665.6842105	3979.368421
662.3333333	3982.833333
659.5833333	3985.958333
654.28	3988.16
664.2272727	3988.818182
659.4	3992.622222
982.5	4185.5
