X	Y
0	0
0	5143
5143	0
5143	5143
1114.171429	26.14285714
1158.3125	40.6875
1109.615385	44.38461538
1131.857143	48.92857143
1146.558824	51.02941176
1071.6	69.04
1058.618182	73.74545455
1029.352941	79.47058824
1056.885714	83.4
1066.25	84.4
1152	94.15384615
1162.375	124.1875
1083.592593	144.4444444
1000.754717	159.0943396
1007.777778	161.5
1026.8	162.5
1177.615385	170.3846154
1064.827586	173.137931
914.2777778	181.8888889
1228.384615	187.5384615
1234	191.1764706
1018.830189	202.3962264
1223.95	205.9
963.24	206.96
1246.307692	216.5384615
1270.450704	216.4788732
1027.875	218.3333333
1256.444444	220.6666667
884.2941176	222.2058824
873.3684211	229.7894737
1277.714286	234.1071429
873.9	235.05
1235.5	236.8
875.1923077	242.3461538
1234.037037	241.8888889
979.8333333	244.4
1189.886364	249.6590909
1243	252.0217391
857.8823529	257.4117647
1124.875	257.25
858.483871	262.483871
912.0526316	263.0526316
864.3428571	267.2571429
1052.09375	273.75
1249.111111	279.8888889
1185.454545	287.0909091
1192.884615	291.3076923
1114.267857	291.8571429
899.7647059	293.7352941
1010.46875	298.65625
1251.5	299.8
1232.75	301.6666667
1129.578947	308.5526316
830.4761905	311.2857143
902.3846154	311.2307692
884.6551724	314.137931
888.8421053	314.4736842
1234.833333	324.0416667
853.2608696	329.3913043
1023.4	335.4
809.673913	339.0434783
1019.909091	338.8181818
1191.316667	338.3
811.3333333	349.25
1202.333333	354.6111111
998.8378378	360.3783784
939.1428571	366.6571429
894	369.8181818
1099.5	371.35
843.8823529	373.4117647
761.9444444	374.6111111
1117.270833	381.1666667
1179.16092	380.8275862
1225.042857	383.6571429
1234.894737	384.9473684
1239.071429	387.4285714
1246.243902	387.9268293
865.4833333	393.6333333
1209.391304	393.4782609
947.6666667	394.0666667
1136.195122	395.2195122
871.8636364	398
1161.357143	398.2857143
1066.517241	400.5517241
1105.864865	406.4324324
817.8235294	408.5588235
1062.228571	408.6
1066.181818	409.5454545
898.1578947	410.1578947
1106.805556	411.5277778
1008.1	412.8
1064.132075	416.1132075
1264.24	418.04
1197.470588	418.8529412
742.7142857	421.5
1060.75	421.6666667
996.9166667	421.4166667
1015.763158	421.6052632
1272.478261	423.3478261
1010.666667	424.8333333
1159.545455	424.5227273
841	427.0208333
1019	428.1428571
800.8125	429.3125
1086.526316	432.4473684
1015.533333	434.8666667
1022.66	436.1
1085.84	440
1235.909091	439.0909091
1015.809524	440.1428571
1053.538462	441.1538462
1026.921569	446.0196078
1035.636364	445.9772727
752.7096774	446.4516129
1051.196429	447.5714286
1020.8125	450.1041667
980.6	454.175
1049.725	453.625
729.8181818	455.2727273
783.7272727	455.1818182
999.7058824	459.5
1195.107143	463.8214286
1005.545455	471.6363636
1101.459459	477.1081081
990.1973684	478.0789474
1167.387097	477.9032258
1211.2	480.24
1100.125	481
1224.685714	481.5142857
943.3269231	481.6730769
937.7380952	486.1904762
992.7333333	486.5666667
980.2222222	487.2777778
987.5789474	486.2105263
760.1333333	489.7333333
703.2727273	490.4848485
1111.9	496.85
1095.222222	499.1481481
1005.789474	502
716.0769231	502.7307692
694.05	509.9
1233	512
961.7391304	514.0434783
1128.551724	515.8275862
1236.631579	515.4736842
851.5	516.5
982.2222222	517.5
1190.2	517.5
1021.655738	517.3770492
1080.96	520
990.1891892	522.8648649
1019.561404	524.0350877
951.2542373	524.7627119
1072.384615	523.6153846
716.1515152	527.2727273
1093.918919	533.1216216
1087.023256	531.4186047
1169.705882	538.5882353
726.6333333	540.7333333
1098.888889	541.7222222
1025.444444	543.0740741
1061.843137	544.4509804
1029.534884	546.8837209
1065	547.173913
792.7727273	549.4090909
1210.482759	548.5862069
925.8275862	553.1034483
850	562.9230769
951.8666667	566.5333333
942.7777778	569.5185185
723.5	569.5
1188.852941	571.9117647
1195.5	571.75
1264.96875	575.3125
1207.422222	577.7888889
1097.533333	581.1333333
909.5	583.0909091
1083.3125	585.0625
1285.695652	584.2173913
886.1153846	585.8461538
1063	588
859.1071429	588.8214286
1070.25	588.5227273
1059.142857	591.8571429
1066	595.1481481
1294.153846	595.4615385
1058.590909	598.2272727
1062.827586	599.137931
735.3913043	601.7826087
815.421875	608.21875
690.3333333	613
828.1515152	614.2424242
1102.222222	616.5
831.7666667	617.5
841.5652174	619.1304348
1096.130435	618.173913
1101.733333	619.8
836.4347826	619.8478261
1167.769231	620.1282051
1188.727273	619.1818182
795.3555556	625.5111111
803.0789474	625.6578947
925.7407407	626.2222222
870.9152542	629.3728814
977.5238095	629.2857143
975.8	633.45
1065.846154	637.7307692
1130.75	638.375
669.8666667	642.8666667
1005	642.9615385
664.4473684	645.5
675	644.6551724
728.5833333	644.4444444
747.5	645.7777778
1067.954545	645.9090909
641.8076923	648.6923077
1067.454545	650.8181818
961.1481481	650.6666667
1070.846154	652.6153846
914.4230769	653.9230769
1299.327273	657.1090909
1088.5	657.2857143
1184.636364	656.9090909
911.3103448	658.4482759
1103.888889	660.2777778
836.125	660.6666667
755.4193548	661.9354839
907.3	662.2
902.0333333	663.9
920.75	666.275
1155.5	668.5
1282.7	670.7
1035.5	672.5
1000.785714	675.8214286
788.5517241	679.3103448
642.2105263	679.6315789
706.4137931	679.7586207
999.6666667	681.3
1174.6	680.9333333
863.2068966	684.0344828
1229.789474	691.9298246
817.8571429	699.6571429
1223.814815	702.6296296
907.8604651	702.8372093
1111.119048	702.8333333
1256.069767	704.0697674
900.7291667	705.9375
1307.5	706.2222222
972.9090909	710.0909091
717.4	710.6857143
753.8421053	710.8421053
990.76	710.8
1218.863636	709.0909091
898.5	711.5
1206.695652	712.7826087
1213.690476	712.9047619
894.8529412	715.3823529
596.8360656	716.8852459
757.6	717.525
867.2051282	716.8205128
1327.5625	721.375
872.625	724.875
684.8809524	729.0714286
1143.125	730
1202.583333	731.2916667
1029.636364	734.0909091
832.3666667	735.5
752.3333333	736.5333333
795.1578947	735.8421053
1087.771429	739.0285714
752.6666667	740
950.6333333	740.6333333
876.8571429	740.8095238
592.884058	741.6811594
833.5333333	743.5777778
613.516129	744.2580645
694.826087	749.5652174
1043.25	754.3
1213.333333	754.2666667
1340.3	758.1
966.4107143	759.4642857
1019.611111	761.2777778
1141.5	761.6071429
1042	762.21875
590	763
1324.486486	764.7027027
746.4736842	769.1578947
1097.6	769.96
1065.238095	771.3809524
1305.473684	772.3684211
971.4	774.5714286
1253.076923	775.8461538
963.4193548	776.2580645
967.5	779.5416667
884	787.137931
974.3870968	787.3709677
1179.269231	790.7692308
768.64	791.08
980.6206897	792.0689655
1286.7	793.75
688.1904762	794.952381
844.8	795.2666667
974.1904762	799.8571429
983.5483871	798
777.3571429	804.6428571
649.75	805.475
1181.5	806.2222222
909.6666667	806.75
1309.851852	807.7777778
862.4117647	808.8823529
1089.5	809.2666667
910.5652174	812.9130435
652.9411765	813.7058824
1020.125	815.3333333
732.5084746	819.8813559
846.9	822.7
840.4893617	825.6595745
1188.5	827.5
1281.333333	829.5
1330.944444	829.0555556
832.3	830.325
1304.1	830.15
1307.647059	831.7647059
1326.411765	833.1176471
709.2758621	834.4482759
1303.909091	835.3116883
1315.326923	835.0576923
1288.566667	835.6
1295	836.6818182
704.5625	839.75
752.9090909	840.0909091
867.9722222	839.5277778
1283.875	840
686.2068966	840.1724138
1238.586207	841.5862069
697.3114754	843.0655738
689.8148148	845.0740741
894.0909091	846.6363636
1144.875	848.75
1181.5	849
778.2857143	851.5
586.9428571	852.5714286
950.8709677	852.6129032
1144.852941	852.4117647
696.3271028	852.4299065
770.5666667	855.8
832.5	857
939.7261905	855.7380952
1041.9	857.15
1143.785714	856.5
1136.253731	859.0597015
587.6666667	859.5555556
1130.1875	863.875
1117.611111	864.8611111
1124.822581	863.2580645
589.5333333	864.6666667
758.5555556	864.7777778
1410.0625	866.1875
742.5333333	866.4666667
901.7586207	865.9655172
897.0392157	867.2156863
747.72	869.08
1218.2	872
972.2916667	871.5833333
1304.191489	872.0212766
1410.125	872.875
957.702381	873.4166667
1224.4375	873.5
747.5	874.7692308
1216.866667	875.9333333
927.7826087	878.9130435
967.6842105	879.1578947
1002.117647	881.8823529
745.1935484	883.9032258
962.1165049	883.8737864
1003.675676	886.4594595
597.4411765	887.7647059
1089.111111	889.2222222
1406.666667	889.7948718
1331.92	890.68
1414.361702	889.5957447
809.2068966	892.7931034
1246	893.0967742
1410.866667	894.6
765.7142857	895.5
822.4	896.6
1103	897.5
629.7777778	897.5
1099.117647	897.7647059
954.2884615	897.7692308
1094.631579	899.3157895
867.2083333	906
1213	906
977.4705882	908.1176471
1420.5	913.5
568.8	916.4
868.8571429	917
1341.409091	916.6818182
1346.846154	917.2307692
662.826087	917.826087
994.462963	916.3518519
1167.259259	919.8518519
1419	921.1538462
667.1538462	922.025641
1366.888889	921.3333333
873.1875	923.8125
1025	925.5
1346.375	925.375
1138.433333	925.6666667
1331	926
1380.333333	925.75
1338.785714	926.2857143
1352.214286	927.3928571
874	930.3043478
1369.481481	930.4074074
1176.727273	939.7272727
565.6842105	941.8421053
1367.52381	942.7619048
1106.789474	943.5789474
598.1764706	944.9411765
876.1818182	942.2045455
1363.461538	945.1538462
1106.428571	946.5357143
874.7368421	948.1578947
955.0645161	951.1129032
873.9459459	952.6486486
926.7142857	951.2285714
923.122449	955.6530612
957.3030303	956.6969697
801.7837838	958.4324324
870.96	958.24
827.1219512	958.7073171
950.5833333	958.5833333
925.9642857	960.5714286
953.5789474	960.5789474
921.12	963.48
954.5333333	964.2666667
727.3823529	964.9411765
981.6818182	966.2272727
723.5454545	968.6666667
954.8461538	969.1282051
1113.984615	968.1538462
977.4666667	969.3
728.8181818	971.4545455
918.6285714	971.1714286
973	971.6842105
914.3846154	972.5384615
717.2	973.5454545
693.2121212	974.7575758
974.3043478	976.2173913
968.6	976.8666667
958.52	975.84
594.6363636	977.2727273
686.1702128	977.8723404
572	978.9230769
957.3571429	980.8571429
566.1333333	981.6666667
597.5588235	982.5
747.7272727	983.1363636
951.2105263	983
1271.409091	982.8181818
1362.368421	983.2105263
573.7179487	983.8461538
603.3529412	983.9411765
608	987.1481481
600.5576923	989.5192308
1363.083333	987.7083333
615.2093023	988.9069767
959.6904762	989.5952381
969.5769231	990.3653846
638.04	991.24
642.4210526	992.8947368
838.8148148	994.7407407
910.5333333	994.7333333
1030.823529	997.3647059
1036.590909	996.1818182
1020.25	997.25
1040.391304	997.0869565
1378.5	997.1176471
911.6666667	1000.272727
641.6216216	1001.837838
814.6363636	1002.5
1029.115385	1003.038462
1036.526316	1003.210526
1120.96875	1003.90625
1024.631579	1004.973684
591.7407407	1008.537037
645	1008.451613
697.48	1008.76
793.6086957	1009.26087
597.9615385	1009.423077
745.1304348	1012.956522
1331.608696	1014.434783
1336.4	1014.4
885.125	1014.46875
969.0625	1014.6875
1078.181818	1014.181818
1089.650794	1015.47619
1079.073171	1017.341463
1344.621622	1016.094595
1088.68	1019.6
1084	1020.69697
1172.916667	1021.083333
844.375	1023
1069.676471	1023.323529
1078	1023
1350.263158	1022.921053
990.7142857	1025.357143
1073.387755	1027.612245
1082.9375	1027.53125
736.4285714	1029.035714
1078.961538	1031.884615
1189.8	1034
1237.093023	1037.27907
1295.291667	1038.791667
1183.701493	1043.208955
1191.811321	1041.735849
1047.083333	1043.458333
1043.15	1044.7
1299.4	1045.083333
684.64	1046.48
1189.090909	1045.590909
719.6341463	1046.341463
917.6101695	1045.491525
914.75	1049.375
1293.333333	1048.333333
650.9677419	1050.129032
690.1176471	1049.588235
1289.857143	1050.333333
911.8292683	1052.195122
1084.44	1053.12
680.8536585	1053.780488
818.5	1054
970.3333333	1053.358974
1125.738095	1052.738095
687.8	1055.272727
938.5	1055.5
994.5142857	1056.828571
915.7	1056.45
709.9090909	1058.181818
909.4375	1058.03125
619	1061.5
915.2682927	1063.756098
938.1785714	1061.535714
909	1062.5
1253.096774	1062.806452
623.5483871	1064.064516
1284.833333	1064.928571
586.3043478	1065.304348
1033.28	1067.08
911.6875	1066.90625
543.3676471	1069.264706
712.875	1068.708333
1332.642857	1069.071429
866.3333333	1073.233333
908.8	1069.911111
537.5	1074.26
732.75	1073.333333
913.195122	1075.268293
546.1714286	1076.057143
573.0939597	1078.939597
583.90625	1076.203125
589.8478261	1072.826087
552	1076.235294
541.4634146	1079.707317
1109.5	1078.2
505	1078.8
563.902439	1078.268293
909.3846154	1079.897436
588.0625	1081.1875
509.3898305	1082.118644
518.2	1082
606.64	1081.84
1186.125	1083.5
1205.412698	1084.15873
1252.285714	1082.904762
498.5	1082.875
483.8064516	1085.16129
552.5789474	1084.368421
515.5909091	1085.636364
577.7	1084.766667
495.1111111	1087.444444
908.5882353	1086.705882
912.9393939	1087.363636
505.2	1088
551	1088.631579
671.9166667	1089.25
480.5652174	1089.956522
779.1904762	1088.785714
1112.765957	1090.191489
519.5652174	1092.478261
580.7058824	1091.455882
1133.243243	1091.837838
910.2592593	1092.851852
1108.333333	1094.911111
1271.578947	1092.947368
1280.047619	1093.047619
513.4723926	1094.460123
602.9433962	1094.132075
1234.366667	1094.666667
1290.214286	1093.642857
395.7945205	1097.849315
495.9322034	1095.152542
776.9710145	1095.15942
1184.333333	1095.2
527.397351	1097.728477
582.5833333	1095.208333
1180.142857	1096.52381
908.1428571	1097.821429
613.7333333	1099.333333
388.6290323	1100.854839
401.4761905	1100.238095
902.7419355	1101.032258
679.6176471	1101.558824
995.5555556	1102.344444
385.5263158	1106
408.3333333	1104.520833
537.375	1106.541667
686.1875	1106.5625
733.0405405	1105.864865
891.0212766	1105.595745
1002.261538	1104.476923
378.4893617	1106.93617
993.826087	1108.73913
998.2	1110.56
382.925	1110.65
738.0740741	1110.444444
374.2962963	1113.37037
378.7916667	1114.666667
387.0952381	1115.619048
740.2333333	1115.266667
691.5	1115.5
1250.565217	1115.608696
369.2692308	1117.846154
448.4444444	1117.777778
743.6071429	1117.964286
1400.666667	1117.888889
1343.193548	1118.645161
443.1780822	1118.561644
365.0238095	1122.571429
769.96	1122.4
1053.727273	1122.181818
742.3333333	1123.511111
447.8888889	1124.722222
397	1125
365.4285714	1127.071429
356.7307692	1128.525641
484.2682927	1127.853659
1261.4	1129.6
1307.95	1129.75
717.7818182	1129.145455
1179.821429	1129.392857
672.96	1130.36
773.24	1129.62
1190.384615	1131.384615
373.1428571	1132.071429
748.9160305	1132.900763
894.6153846	1133.051282
1151.833333	1132.791667
352.8333333	1135.277778
674.9210526	1135.131579
889.2	1136.2
1038.727273	1136.022727
1329.806452	1136.451613
1416.32	1136.92
377.0357143	1139.107143
454.7777778	1138.777778
573.6	1138.5
987.625	1140
992.943662	1140.492958
349.7096774	1139.741935
463.4	1140.35
457.6842105	1142.552632
1140.071429	1144.238095
371.5789474	1143.578947
971	1144.352941
1107.5	1145
451.0277778	1146.333333
878.0285714	1147.8
579.3333333	1148.875
1102.852941	1148.205882
1175.588235	1148.882353
678.25	1149.5625
1262.190476	1148.428571
671.7826087	1150.26087
1097.266667	1152.933333
628.75	1152.916667
1259.0625	1153.09375
1264.644444	1154
406.9032258	1155.677419
654.7352941	1156.058824
941.627907	1156.139535
946.9259259	1157.444444
1153.419355	1158.548387
343.6	1159.133333
1095.823529	1160.205882
1263.666667	1159.433333
1158.65	1160.775
506.1851852	1161.481481
700.6603774	1160.188679
995.65	1162
1130.551724	1163.62069
1139.5	1163.5
633.5925926	1164.481481
997.9393939	1166.090909
1003.848485	1164.757576
1010.782609	1164.826087
407.7	1166.533333
459.875	1166.875
1003	1169.818182
359.3272727	1169.127273
405.5294118	1170.235294
1197.714286	1171.5
1343.5	1171.5
505.1546392	1173.71134
1339.526316	1173.842105
691.1688312	1175.74026
1336.384615	1176.769231
356.7857143	1177.821429
344.9230769	1179.153846
918.3	1179.5
1398	1179.5
505.5862069	1181.206897
502.6956522	1185.695652
1006.142857	1186.738095
1367.44	1186.96
341.4615385	1188.923077
466	1189.5
936.375	1189.458333
459.125	1192.125
462.75	1189.4375
366.8974359	1193
871.3958333	1194.854167
462.5714286	1197.836735
1189.875	1196.708333
1236.521739	1197.26087
1118.886364	1198.590909
438.6216216	1201.486486
1071	1200.8
346.969697	1201.969697
873.2727273	1202.5
1096.5	1203.5
534.1578947	1203.684211
425.85	1206
337.6969697	1205.909091
349.2380952	1206.333333
1070.866667	1206.666667
1317.961538	1207.346154
416	1208.666667
1094.333333	1208.888889
1408.363636	1208.909091
537.1590909	1209.340909
1038.5	1210
419.5833333	1211.75
569.9642857	1217.321429
946.5	1217
441.8235294	1218.264706
431.75	1219.25
982.1666667	1219.611111
355.5555556	1220.518519
435.7916667	1221.125
829.6190476	1219.809524
428.7741935	1223.322581
1377.481481	1222.703704
402.6388889	1224.805556
983.3928571	1224.785714
1412.829268	1225.292683
340.3235294	1224.941176
532.3333333	1225.916667
833.1066667	1226.493333
1209.388889	1225.194444
527.09375	1226.9375
979.6190476	1228.714286
1038.75	1227.75
1215.184211	1227.657895
1379.631579	1227.526316
838.1578947	1229.973684
873.6428571	1228.785714
974.1923077	1228.807692
419.5	1232.2
689.5483871	1233.580645
695.275	1234.325
979.6451613	1234.967742
524.56	1235.8
1148.12	1235.96
532.9393939	1238.666667
978	1239.8
997.3214286	1240.964286
339.1818182	1243.181818
837.490566	1242.509434
351.9333333	1244.633333
980.0697674	1244.511628
876.3283582	1244.970149
547.5	1249.777778
732.21875	1250.21875
1329.454545	1250.363636
348.7142857	1251.5
576.8571429	1252.314286
1093.5	1251.5
1277.157895	1251.157895
806.8378378	1252.783784
829.4285714	1253.107143
1103.28125	1253.875
1172.896552	1255.310345
879.75	1255.666667
714.3278689	1256.508197
720.037037	1257.074074
426.4117647	1260.882353
1359.08	1260.88
1216.833333	1262.809524
810.3285714	1263.7
1119.025	1265.175
857.1846154	1263.953846
1046.297872	1265.255319
1222.461538	1266.038462
881.3793103	1266.310345
638.4647887	1267.338028
815.8205128	1266.512821
989.8076923	1267.634615
1150.8125	1267.53125
1331.029412	1270.529412
764.6779661	1269.661017
821.7951807	1270.566265
966.7407407	1272.37037
1227.210526	1271.631579
806.5	1273.714286
984.5945946	1272.756757
992.1904762	1272.857143
815.5238095	1275.738095
819.8723404	1278.808511
987.3958333	1277.520833
825.8	1278.3
571.0454545	1280.727273
822.3	1283.35
1087.157895	1283.157895
1062.25	1285
1371.6	1288.36
1056.676923	1289.923077
1367.723404	1291.510638
1316.5	1293.666667
654.1428571	1296.928571
672.1111111	1297.288889
1214.684211	1296.789474
1363.04	1297.4
794.859375	1301.171875
364.6	1300.6
1283.71875	1301
616.5	1302.272727
647.1666667	1302.566667
824.95	1302.25
1089.157895	1304.342105
830.84375	1305.28125
617.6	1306.133333
537.5294118	1306.647059
934.4047619	1308.309524
766.4117647	1308.411765
776.3846154	1308.384615
853.5263158	1309.473684
857.3333333	1311.75
742.7307692	1313.019231
764.1363636	1313.454545
944.3333333	1312.75
684.6	1313.6
876.2083333	1314.583333
773.2916667	1315.625
860.2777778	1315.333333
1181.655172	1314.103448
933.5	1317
954.5	1315.611111
949.3424658	1319.027397
1350.1875	1318.541667
478.862069	1319.862069
777.3333333	1320.111111
957.1612903	1321
1140.222222	1324.388889
1144.2	1327.35
364.3809524	1327.428571
1091.782609	1327.869565
719.025	1329.5
1148.5	1330.25
1186	1329.5
1347.5	1328.5
595.8965517	1329.965517
1192.214286	1330.357143
686.2741935	1331.048387
1000.870968	1331.387097
464.6666667	1333.125
1012.862069	1332.965517
550.5	1334
668.0909091	1334.363636
367.9148936	1336.617021
614.75	1336.022727
982.9117647	1335.411765
1273.612903	1336.16129
641.8947368	1336.552632
598.6410256	1337.666667
980.65	1339
609	1340
1085.454545	1339.590909
1110.893617	1339.978723
1201.6	1341.333333
620.6363636	1341.909091
643.2105263	1342
963.5535714	1342.285714
1092	1342.875
404.1363636	1343.545455
572.9375	1342.78125
565.5641026	1346.615385
643.76	1346.24
457.5769231	1347.423077
931	1348.37931
1153.74359	1354.333333
654	1355.5
1004.75	1355.95
1182.617647	1358.985294
1234.5	1357.5
1241.689655	1358.793103
575.862069	1360.896552
1190.702703	1360.162162
553.9387755	1361.877551
892	1362.153846
539	1363
1233.034483	1364.344828
743.173913	1365.565217
1023.857143	1366
1242.458333	1368.854167
1093.5	1367.916667
371.5172414	1370.586207
954.4318182	1371.75
966.1764706	1372.558824
652.3333333	1374.066667
1150.23913	1376.413043
858.6551724	1377.655172
940.5	1378.5
952.3333333	1378
679.5	1378.714286
1228.222222	1379.5
1161.25	1380.333333
496.5666667	1383.3
689.8928571	1384.178571
938.4333333	1384.2
1169.266667	1387.044444
455.6521739	1388.695652
963.4285714	1388.619048
451.0833333	1392.083333
645.5333333	1392.133333
801.5625	1391.625
1213.4	1391.96
392.6530612	1391.020408
1077.026316	1393.052632
1082.75	1392.5
955.7857143	1394.357143
445.4375	1395.625
548.5	1395
931.5454545	1398.181818
440.95	1399.3
572.8222222	1399.311111
578.027027	1399.216216
737.5	1400.272727
503.0384615	1403.076923
935.15625	1403.65625
576.5384615	1404.961538
616.7111111	1404.6
938.1612903	1408.387097
830.1111111	1411.333333
943.8387097	1411
383.4054054	1412.675676
855.6428571	1412.142857
542.5	1416.5
833	1418.116883
1203.5	1419.5
484.44	1423.64
1048.568627	1423.705882
997.4230769	1427.307692
375.96	1428.84
999.5925926	1432.074074
1188.217391	1433.695652
1224.214286	1434.833333
1181.964286	1435.464286
501.0357143	1436.107143
1009.619048	1437.761905
487.5	1439.678571
720.8780488	1439.682927
1030.9	1441.68
509.5925926	1444.962963
677.8571429	1444.5
774.6111111	1444.666667
1128.938776	1446.367347
776.5294118	1448.352941
1027.980392	1451.019608
1128.233333	1452.533333
723.1176471	1453.411765
947.5925926	1452.925926
539.5757576	1455.515152
1125.375	1456.4375
1121.285714	1456.857143
515	1458
744.826087	1458
732.9333333	1458.933333
724.3275862	1461.189655
296.6578947	1462.289474
739.3181818	1460.727273
965.4814815	1461.888889
1112.125	1461.666667
461.6956522	1463.086957
1264.263158	1464.263158
745.4487179	1465.25641
588.4375	1464.75
719.5	1465.5
278.3793103	1466.034483
555.5	1468.5
473.2291667	1470.791667
823.1081081	1471.594595
1170.611111	1472.861111
828.3478261	1473.652174
817.3939394	1474.181818
471.8979592	1477.102041
486.2666667	1476.033333
806.5757576	1476.575758
831.2307692	1478.307692
491.92	1478.8
711.9210526	1481.868421
460.1578947	1481.947368
830.969697	1484.242424
803.5614035	1484.035088
814.6190476	1485.571429
548.2857143	1485.5
775	1486.840426
1262.736842	1486.122807
822	1491.4
227.46	1491.26
1250.695652	1492.543478
449.8181818	1494.242424
1261.227273	1494.590909
1195.608696	1494.695652
823.4615385	1496.230769
830.8214286	1496.071429
1191.076923	1496.730769
1228.8	1496.24
1257.709677	1496.225806
746.1304348	1500.782609
828.6	1502.742857
743.52	1504.96
888.6956522	1501.826087
519.0909091	1505.363636
887	1508.340426
393.7142857	1506.678571
361.5	1508.230769
443.1956522	1509.304348
494.0967742	1508.645161
386	1511.640625
961.3	1512.5
905.4339623	1515.698113
472.5454545	1515.363636
468.3333333	1517.037037
910.8	1517.2
1025.95	1519.95
1255.26	1519.06
244.025641	1520.923077
472.6481481	1524.259259
476.75	1524.25
604.8095238	1529.666667
694.5294118	1530.352941
477.4705882	1529.441176
373.7419355	1531.903226
215.8235294	1534.5
599.2758621	1533.655172
614.2727273	1534.077922
419	1535.68
480.5675676	1536.527027
475.6	1538.066667
598.877551	1540.836735
605.3863636	1539.5
909.1666667	1539.958333
1104.5	1540.076923
1045.944444	1542.916667
486.2666667	1545.333333
491.9666667	1545.7
595.90625	1545.15625
495.7619048	1547.809524
592.6363636	1548.75
587.6666667	1549.444444
870.515625	1549.984375
492.3333333	1551.818182
498.7142857	1552.257143
509.8888889	1551.185185
384.6190476	1552.52381
625	1553.352941
331.48	1554.64
503.52	1553.48
587.9565217	1553.913043
228.3529412	1554.970588
506.962963	1555.37037
516.9285714	1554.285714
891.5	1555.285714
487.2857143	1557.328571
581.4117647	1555.784314
510.9459459	1558.27027
576.88	1559.12
385.9130435	1560.217391
548.1176471	1559.588235
227.6956522	1560.652174
333.0377358	1561.075472
518.2241379	1561.068966
527.7323944	1561.732394
572.72	1560.78
493.3833333	1562.666667
567.2083333	1562.520833
225.9545455	1564.727273
509.3043478	1563.565217
558.2738095	1564.178571
517.5833333	1565.583333
536.1309524	1565.72619
548.3684211	1566.473684
727.7142857	1565.5
1037.916667	1565.888889
785.7058824	1568.235294
1078.115385	1567.153846
409	1570.875
970.8611111	1570.694444
910.2	1574.133333
1270.782609	1574.065217
410.4545455	1575.772727
1071.37931	1577.931034
1075.875	1579.5
1023.371429	1580.714286
1068.787879	1582.151515
767.2075472	1584.056604
409.6129032	1586.096774
1208.652174	1586.695652
1000	1587.321429
195.5882353	1588.882353
260.3636364	1590.272727
697.6222222	1591.866667
809	1591.355932
768.32	1592.22
403.7317073	1592.560976
650.030303	1593.424242
1154.206349	1592.904762
190.4745763	1595.389831
387.7407407	1595.555556
395.8245614	1594.578947
679.6764706	1594.264706
602.9333333	1595.2
811.7391304	1596.608696
922.4444444	1597.333333
767.44	1598.88
400.3809524	1598.333333
602	1599
396.5454545	1600.636364
384.825	1601.5
1110.642857	1602.785714
400.9767442	1603.325581
873.5238095	1604.214286
713.1311475	1604.983607
1245.71875	1608.1875
392.1470588	1607.029412
1104.347826	1607.565217
400.02	1609.26
515	1610
1056.052632	1610.052632
1099.52381	1610
961.5333333	1611
230.95	1611.375
928.3421053	1612.394737
1259.862745	1611.215686
352.8461538	1612.769231
393.1081081	1613.594595
1177.615385	1612.615385
684.0857143	1613.828571
288.875	1614.666667
178.7272727	1616.363636
916.6545455	1615.127273
927.3846154	1618
313.8695652	1620.478261
604.4814815	1620.481481
1282.333333	1621
475.3809524	1623.571429
388.8913043	1627.065217
1022.971429	1626.457143
368.8421053	1628.684211
547.2592593	1630.407407
379.8275862	1631.275862
1250.945946	1631.135135
368.0714286	1631.642857
763.8536585	1631.878049
364.6111111	1632.722222
386.2653061	1634.714286
759.7777778	1635.5
371.6593407	1636.725275
1295.076923	1638.358974
603.5925926	1639.074074
210.2121212	1640.424242
437.0294118	1639.617647
443.2972973	1641.27027
938.0526316	1642.035088
361.6833333	1642.816667
388.6041667	1642.916667
1014.447368	1642.263158
1139.242424	1644.636364
206.1111111	1644.944444
368.2647059	1645
1068.209302	1648.790698
470.6111111	1649.759259
202.1428571	1649.642857
351.625	1650.8625
366.6666667	1651.277778
372.7307692	1650.076923
360.1967213	1650.032787
189.9	1653.15
195.15	1653.2
305.0909091	1653.272727
184.8	1654.16
376.5789474	1653.210526
199.5862069	1655.724138
1040.963636	1655.636364
1175.454545	1655.272727
300.5	1656.055556
1100.414634	1656.463415
1182.173913	1656.652174
195.1176471	1658.117647
1188.45	1657.675
294.893617	1660.87234
375.525	1659.4
550.875	1658.958333
354.7969925	1662.654135
1060.294118	1660.411765
915	1660.8
1064.615385	1661.807692
1096.833333	1661.466667
369.0615385	1663.661538
378.8461538	1665.076923
684.2	1665
964.0540541	1667.756757
510.7714286	1668.714286
367.625	1670
918.9259259	1669.407407
274.1428571	1671.52381
300.6956522	1673.086957
673.2352941	1674.705882
786.0571429	1674.685714
790.1428571	1676.285714
1065.987013	1678.337662
543.2962963	1679.777778
791.3461538	1681.038462
784.4117647	1682.294118
774.2580645	1682.548387
1098.090909	1682.954545
778.5555556	1683.944444
789.1578947	1685.157895
141.6666667	1687.75
769.6571429	1687.914286
1211.619048	1687.571429
774.9333333	1688.466667
721.3333333	1692.125
409.075	1692.375
1100.210526	1693.631579
1270.894737	1696.447368
365	1697.5
552.5416667	1698.041667
762.6071429	1695.5
1000.261905	1698.785714
758.2692308	1701.826923
135.3333333	1704.125
476.2666667	1705.555556
458.1632653	1705.530612
341.7647059	1708.941176
253.625	1710
455.9310345	1710.413793
637.359375	1709.390625
451.5	1711.691176
753.5	1711.166667
259.0357143	1711.571429
924.2	1710.914286
1013.976	1710.928
293.1666667	1713
1245.380952	1713.238095
235.0666667	1714.4
243.32	1714.44
145.6	1714.92
250.2857143	1714.6
279.2173913	1714.869565
285.8297872	1715.170213
638.2142857	1717.904762
923.3125	1716.3125
342.6885246	1716.459016
870.875	1717.666667
906.9032258	1718.677419
1077.1	1718.7
212.4705882	1720.235294
1012.888889	1719.555556
911.75	1721.6
872.8888889	1722.277778
338.0847458	1724.254237
633.9459459	1723.216216
997.6875	1722.875
631.6428571	1725.642857
1009.388889	1722.861111
1173.352941	1725.529412
1004	1725.320755
341.4444444	1728.638889
665.7037037	1727.444444
994.8684211	1727.684211
1013.444444	1727.361111
208.5454545	1729.954545
632.5151515	1730.090909
999.75	1729.166667
1308.34375	1728.84375
989.4	1729.5
1008.423077	1730.538462
628.125	1731.333333
142.5945946	1732.459459
1003.741935	1732.580645
373.4	1733.68
300	1734
810.88	1733.56
987.8409091	1735.045455
995.05	1733.2
376.6666667	1736.066667
1299.690476	1735.5
1306.416667	1734.708333
994.48	1738.853333
775.125	1738.46875
414.4	1740.96
981.525	1740.525
1280.894737	1740.578947
975.3488372	1742.930233
319.9545455	1742.909091
1235.016667	1744.116667
539.5	1745
841.2857143	1745.5
1116.9	1745.3
982.0263158	1747.078947
266.0909091	1748.909091
972.3142857	1748.657143
558.53125	1753.1875
671.7826087	1753.608696
1184.636364	1753.69697
1158.775862	1753.862069
186.0952381	1754.761905
195.6595745	1755.170213
238.7307692	1755.038462
978.6515152	1752.984848
1177.735294	1754.441176
675	1756.352941
971.0697674	1757.313953
1064.897436	1755.846154
233	1757
985.3181818	1757
989.6851852	1757.666667
205.5	1758.2
213.2222222	1758.444444
405	1759.913043
131.8717949	1764.769231
802.3636364	1771.5
845.7307692	1770.884615
932.7288136	1770.79661
1041.894737	1771.421053
403.9259259	1773.111111
842.5714286	1774.095238
1125.466667	1774.866667
398.0681818	1774.75
1319.967742	1776.258065
391.754717	1777.396226
1122.4	1777.066667
382.8157895	1778.815789
902.3508772	1777.859649
1172.6	1778.066667
267.5	1778.777778
367.5	1779.5
547.75	1780.204545
671	1780.088235
1007.4	1780.56
313.3043478	1781.826087
975.6	1783.525
666.1515152	1784.333333
414.7647059	1785.411765
1186.5	1783.722222
662	1786.65
1179.6	1784.483333
475.5	1787.333333
317.5166667	1787.483333
1197.767857	1786.196429
1186.5	1789.444444
1281	1789.076923
324.2608696	1790.413043
547.5833333	1789.833333
1191.384615	1790.346154
1196.969697	1790.333333
416.952381	1790.333333
1290.916667	1795.25
871.047619	1795.809524
1043.269231	1796.461538
1097.625	1797.5
416.9756098	1796.585366
1101.291667	1799.291667
1139.071429	1800.190476
418.7435897	1802.717949
947.2325581	1801.186047
871.2666667	1803.8
420.9	1807.366667
875.1428571	1807.142857
510.55	1808.5
514.5531915	1811.202128
993.2083333	1807.791667
115.76	1809.2
947.8727273	1808.2
402.1923077	1810.153846
504.7209302	1811.232558
870.76	1809.48
989.7727273	1810
1195.693878	1812.836735
986.6428571	1813.178571
1163.25	1812.55
400.24	1814
870.7272727	1814.045455
1157.166667	1814.333333
1168.454545	1814.984848
875.85	1815.416667
1150.428571	1816.214286
597.5	1818.5
1131.444444	1818.259259
1146.115385	1818.192308
1155.3	1818.35
983.3103448	1818.413793
1086.888889	1819.888889
494.4166667	1818.666667
1089.545455	1819.727273
1102	1820.5
1139.55	1819.875
314.68	1820.56
96.44827586	1823.310345
498.8181818	1822.590909
502.5454545	1823.863636
506.7941176	1823.823529
1097.75	1823.28125
1080.276316	1823.657895
490.38	1826.16
573	1826
1089.464789	1826.549296
235.4262295	1825.557377
904.1153846	1827.346154
498.6190476	1827.666667
802.4615385	1827.769231
245.7419355	1829.688172
135.4098361	1829.786885
1082.023256	1830.627907
149.137931	1831.206897
256.3103448	1833.034483
900.3125	1830.71875
1075.795918	1831.510204
1047.451613	1833.387097
142.3809524	1834
483.7333333	1834.066667
487.5	1833.3
1089.285714	1835.5
1151.3	1834.9
902.7710843	1837
1172.111111	1836
260.7333333	1836.333333
772.7272727	1837.5
135.8823529	1838.588235
1138.344828	1837.965517
1145.341463	1837.682927
1261.7	1839.4
375.0357143	1838.928571
1168.75	1839.5625
1212.651163	1838.197674
261.8	1842.08
179.9047619	1843.380952
379.1458333	1842.791667
948.7777778	1845.5
174.8	1847.5
376.2575758	1849.30303
937.5909091	1846.386364
1170.115942	1847.072464
389.5	1852
94.41791045	1853.522388
220.1176471	1853.676471
226.6976744	1855.674419
919.6571429	1856.028571
1062.875	1855.9375
235	1856.846154
482.4677419	1856.758065
97.95454545	1858.090909
537.8870968	1860.612903
483.6666667	1862.285714
1081.9375	1862.333333
428.5652174	1862.086957
604.3333333	1863.291667
102.7631579	1864.815789
891.56	1864.8
486	1866
818.78125	1867.25
949.5	1866.285714
980.7096774	1866.580645
986.4074074	1866.074074
894.6	1868.6
425.3214286	1868.642857
992	1867.9
142.5277778	1870.027778
986.7777778	1870.888889
999.0609756	1873.378049
1278.95	1871.55
136.0952381	1874.380952
131.2727273	1876.181818
673.09375	1876.0625
1077.636364	1877.090909
124.5555556	1878.944444
119.3333333	1881.619048
865	1882.25
1268.125	1882.125
115.5789474	1883.105263
111.5	1884.5
719.3181818	1884.863636
105.1875	1887.25
1110.792683	1885.987805
635	1886.647059
1169.653846	1887.153846
826.8490566	1888.528302
1271	1887.875
1051.8	1891.5
99.61111111	1892.888889
378.4358974	1893.974359
95.90909091	1894.363636
625.6363636	1893.409091
630.9215686	1893.784314
504.6785714	1895.964286
716.1612903	1897.225806
628.5714286	1898.571429
623.1666667	1899.277778
1087.840909	1901.068182
90.625	1902
169.4897959	1903.306122
86.27272727	1904.363636
877.1538462	1902.846154
793.7368421	1905.631579
1085.931034	1907.689655
1089.9	1905.95
115.9	1906.5
110	1908.076923
878.9433962	1909.943396
76.33333333	1909.266667
71.45833333	1913.208333
618.9726027	1912.013699
768.5533981	1914.019417
1299.868421	1915.210526
548.5409836	1919.081967
457.0833333	1921.416667
549.7692308	1922.307692
1029.755556	1919.822222
979.8965517	1921.310345
1039.066667	1923.6
1303.5	1923.5
459.5	1924.285714
744.9130435	1923.565217
1215	1924
727.2777778	1930.111111
1152.333333	1929.777778
1306.863636	1929.727273
899.34375	1930.53125
620.4358974	1933.358974
1157.36	1931.92
1164.181818	1934.363636
899	1935.826087
1171.368421	1936.684211
1015	1939.173913
1243.5	1939.5
623.1603774	1942.45283
1111.833333	1942.916667
1032.857143	1943.809524
664.5	1945.5
845.9166667	1946.333333
1245.571429	1947.321429
121.5833333	1948.083333
935.3846154	1952.230769
105	1955.5
454	1955.5
356.5	1955.5
816.1162791	1955.744186
970.5	1958
1211.04	1959.24
1048.916667	1961.166667
1206.125	1960.875
61.5	1960.907407
905.9090909	1962.909091
1149.913043	1962.391304
722.5789474	1963.578947
426.8275862	1965.103448
1073.2	1965.24
733.875	1965.875
829	1965.5
1281.454545	1966.636364
1310.92	1967.2
324.59375	1967.875
337.2857143	1969.984127
774.2105263	1969.368421
484.8857143	1971.742857
875.125	1974.333333
660.4705882	1976.352941
655.2653061	1976.897959
254.5671642	1978.970149
246.7857143	1981.119048
659.3030303	1981.242424
1032.05	1983.6
581.1864407	1985.372881
574.2272727	1986.272727
1266.105263	1986.947368
1258.75	1987.5625
1319.114286	1987.942857
939.4090909	1990.545455
1086.7	1990.566667
1262.304348	1989.782609
583.92	1990.84
213.5128205	1990.512821
481.8571429	1992.5
487.0689655	1991.62069
403.0833333	1993.041667
216.8684211	1994.526316
583.9142857	1995.8
222.9375	1995.3125
576.244898	1994.734694
273.8421053	1997.157895
218.9272727	2000.709091
621.0555556	1999.666667
645.5263158	2000.315789
834.6363636	2002.636364
1304	2002.230769
1309.289474	2006.526316
1316.214286	2007.071429
218.6111111	2007.597222
223.5135135	2010.135135
1031	2010
698.7254902	2012.27451
75.60869565	2015
287.9333333	2015.555556
1262.909091	2017.490909
71.08695652	2019.26087
695.3157895	2018.421053
705.1818182	2019.727273
809.4117647	2019.117647
1280	2018.875
879.4878049	2023.060976
1193.707317	2022.902439
1283.093023	2022.395349
712.047619	2024.333333
779.44	2023.84
697.6923077	2025.615385
172.7027027	2025.297297
1012.333333	2027.055556
1284.461538	2027.538462
1328.333333	2026.722222
169.1666667	2027.666667
163.5645161	2029.451613
353.673913	2028.565217
1091.208333	2030.291667
1289.714286	2030.071429
1333.941176	2030.235294
48.83333333	2030.958333
704.3666667	2030.9
346.1578947	2032.157895
447.8493151	2031.041096
715	2031.391304
158.1578947	2033.684211
1238.682927	2032.780488
1327.925926	2033.407407
342.7	2034.3
947.1176471	2034.588235
1338.5	2033.808824
1057.047619	2034.380952
856.3	2036.15
334.253012	2039.421687
619.2173913	2039.086957
1054.5	2039.375
713.6111111	2038.111111
948.9565217	2039.73913
705.8292683	2040.902439
844.8253968	2040.539683
859.96	2041.52
1178.615385	2042.384615
1325.384615	2042.615385
710.3823529	2045.176471
891.2413793	2045.689655
326.7857143	2047.035714
454.78125	2045.984375
468.3529412	2046.529412
844.5789474	2045.578947
782.962963	2046.962963
1052.027778	2047.194444
858.2	2047.4
1324.69697	2048
851.3448276	2048.603448
430.55	2050.25
322	2051.25
524.1724138	2052.413793
779.625	2051.75
1055.333333	2052.111111
1120.5	2051.5
1249.68	2052.08
1073.222222	2053.5
1232.842105	2052.684211
432.2857143	2054.619048
909.75	2053.75
1328.539474	2056.921053
774.75	2056.681818
1280.490909	2054.545455
1323.16129	2054.870968
519.8888889	2057.333333
92.17857143	2058
312.925	2059
318.7777778	2057.638889
492.34375	2058.53125
496.90625	2059.46875
1058.954545	2058.727273
327.2222222	2060.083333
500.8275862	2060.482759
1295.363636	2059.977273
453.8644068	2059.813559
473.6923077	2060.923077
569.16	2061.46
1323.217391	2060.608696
458.6785714	2063.321429
477.8888889	2063.074074
504.6363636	2062.545455
82.28205128	2064
314.3	2064.466667
448.8194444	2064.375
268.2666667	2064.833333
441.5	2065
1324.444444	2066.8
473.5	2066
512.64	2066.16
75.8	2066.88
479.5	2067.5
1336.76	2065.48
70.28	2068.68
654.527027	2068.635135
852.4375	2068.65625
1312.857143	2068.346939
506.0909091	2070.272727
924.0833333	2069.083333
59.88888889	2071.347222
856.2857143	2071.5
501.1111111	2072.277778
959.7222222	2072.388889
480.1388889	2072.333333
924.1052632	2073.421053
485.1428571	2073.952381
489.8095238	2075.142857
1333.346154	2075.884615
1001.153846	2077.461538
1187.857143	2077.214286
291.2272727	2079.621212
1193	2079
1320.46	2076.66
1001	2081
1316.956522	2081.391304
943.3809524	2081.571429
221.3428571	2083.228571
892.2272727	2082.681818
1075.5	2083.5
1326.309091	2082.563636
433.25	2085
1049.92	2084.8
243.0652174	2085.173913
240.4324324	2092.972973
402	2091
1321.02439	2092.463415
696.8	2094.65
700.8076923	2094.538462
425.3333333	2094.242424
1310.28	2096.76
238.0196078	2101.039216
422.3461538	2099.192308
958.5789474	2098.894737
1027.208333	2098.708333
1326.2	2099.5
1284.619048	2100.571429
1240.769231	2100.384615
909.8846154	2102.5
1179.105263	2103.263158
1312.666667	2103.555556
111.9545455	2105.136364
920.6451613	2105.83871
1290	2105.166667
140.3846154	2105.615385
1103.222222	2105.814815
345.1935484	2107.096774
1186.135135	2106.837838
1107.566667	2109.033333
126.5102041	2110.163265
833.0967742	2112.032258
265.9615385	2114.730769
261	2118.5
1247.909091	2120.909091
933.25	2124.25
1250.625	2124.875
885.4347826	2126.173913
1298.862069	2126.758621
1287.171429	2128.914286
908.48	2130.28
972.030303	2129.575758
697.2068966	2131.206897
1135.888889	2130.666667
435.9230769	2134.423077
780.1492537	2135.61194
1142.627451	2136.411765
441.0416667	2135.666667
1214	2135.5
667	2136.846154
444.4516129	2138.580645
300.1	2140.3
433.6875	2139.5
1234.875	2139.666667
441.6363636	2142.545455
776.3793103	2141
783.5517241	2141.896552
1037.428571	2141.809524
1101.5	2142.222222
1148.285714	2142.785714
65.96153846	2142.884615
1244.5	2143.5
435	2144.75
1104.290323	2146.387097
1122.086207	2145.603448
833	2147.5
1251.142857	2146.892857
780.6521739	2148.304348
1255.827586	2150.931034
588.5	2152.222222
780.2181818	2156.509091
950.5294118	2152.647059
498.1875	2154.1875
295	2156.179487
1073	2155.666667
256.2	2160.466667
336.203125	2160.890625
857.2	2161.15
1071.275	2160.8125
263.1891892	2161.72973
1177.433333	2162.666667
292.1621622	2165.675676
913.6	2165.4
1095.515152	2165.393939
68.05714286	2166.828571
1219.045455	2167
491.8653846	2168.153846
1100.117647	2170.382353
934.1176471	2172.588235
281.6315789	2174.684211
487.6129032	2174.548387
1001.307692	2174.961538
1061.157895	2174.368421
141.3461538	2175.884615
568.8823529	2177.411765
1062.875	2178.0625
504.875	2179.333333
1066.111111	2181.703704
1239.275862	2187.862069
613.173913	2189
731.85	2188.1
740.7424242	2189.590909
820.9565217	2191.26087
338.8095238	2192.142857
540.4	2193.56
620.75	2193.660714
1161.466667	2193.288889
1243.916667	2193.166667
406.559322	2192.169492
613.5	2193.5
823.7333333	2194.333333
815.1355932	2195.322034
830.3913043	2195.869565
612.7	2197.25
835.4864865	2197.837838
618.8965517	2198.137931
194.4615385	2198.807692
403.3043478	2199.782609
823	2198.733333
189.3478261	2200.130435
975.4	2201.4
829.7307692	2201.653846
167.5769231	2203.769231
835.7777778	2202.962963
841.5	2203
1176.384615	2202.384615
1148.09375	2203.96875
458.5	2205
95.30769231	2206.923077
161.8695652	2207.086957
1036.75	2207.75
250.3	2209.65
564.65	2209
936.7777778	2210.5
916.7777778	2211.814815
558.4507042	2210.971831
565.9444444	2212.333333
309	2213
561.4705882	2215
569.9583333	2213.625
698	2214.481481
876.5	2214.5
1197	2215.5
564.9464286	2218.75
966.0652174	2218.565217
1077	2219.5
877	2224
716.7222222	2227.148148
724.4776119	2227.253731
1022.3125	2228.9375
1174.727273	2229.318182
710.7142857	2229.214286
719.6470588	2230.470588
782.9130435	2229.956522
1228.896552	2229.310345
713	2233.695652
730.5625	2231.84375
478.1923077	2233.538462
721.972973	2235.540541
934	2234.45
726.969697	2235.818182
84.72222222	2237.888889
505.173913	2238
922.9090909	2237.909091
1047.45	2239.35
716.8983051	2238.915254
909.0869565	2239.434783
728.2839506	2241.506173
996.8928571	2242.035714
942.1639344	2246.803279
1137	2244
717.9166667	2245.4
910.2142857	2245.964286
427.5925926	2249.148148
728.3417722	2250.164557
721.8214286	2249.678571
419.8235294	2253.058824
720.8846154	2254.230769
717.402439	2258.97561
1174	2259.5
915.1914894	2260.021277
359.516129	2261.677419
419.2708333	2262.5625
838.1764706	2261.941176
1123.73913	2261.73913
980.2264151	2263.584906
716.7826087	2264.043478
359.0384615	2266.076923
372.0714286	2264.892857
715.5833333	2268.861111
772.3636364	2268.060606
361.902439	2270.268293
1176.387097	2269.967742
941.5652174	2270.913043
558.5982906	2271.418803
1181.882353	2272.411765
767.122449	2272
363.0833333	2274.916667
902.3529412	2276.529412
1009.145833	2277.0625
939.75	2278.3
606.7	2279.52
362.85	2279.35
886.7096774	2280.16129
603.0298507	2282.597015
1089.052632	2281.789474
365	2283.833333
904.1	2286.05
1015.615385	2286.615385
1091.117647	2286.588235
364.8333333	2289.233333
606.9545455	2290.090909
1153	2293
555.375	2295.375
1130.5	2296
1072.114286	2297
315.2592593	2298.481481
907.8484848	2300.848485
1036.111111	2303.277778
251.8222222	2304.777778
245.7	2307.2
444.4827586	2306.344828
885.5	2306.5
219.6060606	2307.969697
809.75	2308.35
908.5	2307.769231
326.8	2312.5
447	2312.404762
712.8888889	2311.185185
857.5	2312
506.2083333	2315.5
139	2316.692308
145.1052632	2317
327.9090909	2317.090909
509.6290323	2318.596774
302.9361702	2318
718.5769231	2319.230769
751.25	2320.25
871.3888889	2321.555556
1077.285714	2323.5
412.2424242	2327.727273
1139.416667	2326.5
1079.742857	2327.657143
976.75	2330.75
1085.464286	2330.607143
233.3214286	2331.75
479.92	2331.56
1137.882353	2331.588235
344	2332.8
1098.295455	2332.772727
1098.407407	2337.444444
1126.666667	2337.875
453.1111111	2339.851852
873.2173913	2343.478261
919.7692308	2343.692308
855.3181818	2345.954545
237.5454545	2358.363636
552.53125	2356.859375
190.4736842	2359.105263
1006.076923	2358.923077
153.8928571	2362.392857
1021	2361.424242
1149.545455	2362.363636
190.825	2362.95
184.46875	2365.71875
180.047619	2367.857143
308.4516129	2366.806452
1023.647059	2367.323529
1120.520548	2367.821918
170.2857143	2368.5
292.5	2368.894737
1149.761905	2369.714286
829.3888889	2370.722222
778.8	2371.76
851.7727273	2372.590909
230.5641026	2376.025641
1117.714286	2376.357143
1027.672414	2375.931034
1063.1875	2378.5
1033.68	2380.84
1055.25	2380.875
509.5294118	2382.735294
1047.25	2384.666667
515.2058824	2384.617647
1158.2	2384.5
446.1875	2387.3125
965	2387.352941
518.8709677	2388.645161
1093.62963	2389.62963
1086.545455	2389.409091
801.875	2393.666667
934.3636364	2397
1086.28169	2400.056338
361.1333333	2401.2
438.1578947	2400.842105
175.8333333	2402.366667
535.3636364	2402.666667
937	2405.081081
365.5	2405.5
1092.08	2405.44
192.3478261	2407.304348
875.5	2409
1084.028571	2409.8
1148.416667	2407.479167
907.5925926	2409.925926
979.96	2409.84
170.75	2410.95
1152.064516	2411.645161
1123.5	2413.5
166.8888889	2416.222222
955.3548387	2415.612903
352.625	2419.21875
1073.48	2420.48
1087.208333	2420.708333
678.2205882	2421.897059
844.3921569	2425.176471
947.5	2425.214286
682.1492537	2428.358209
1127.153846	2426.769231
847.7610619	2433.858407
1071.515152	2431.69697
1010.222222	2435.5
301.1818182	2442.393939
1021.352941	2441.058824
1031.534247	2440.219178
920.8421053	2444.157895
1063.5	2443.5
1115.666667	2444
280.9166667	2445.75
296.4782609	2446.304348
291.1470588	2448.382353
866.9166667	2449.166667
250.5	2451.8
1075.5	2455.5
240.75	2456.666667
247.1052632	2454.263158
909.2941176	2458.294118
1054.555556	2457.777778
178.4210526	2460.631579
234.7307692	2459.923077
247.2727273	2459.75
354.8	2459.9
350.0833333	2461.083333
281.3703704	2466.148148
662.5675676	2465.945946
870.4042553	2467.361702
189.9444444	2469.777778
1094.214286	2469.4
184.25	2477.035714
465.4736842	2479.631579
981.5	2479
972.1296296	2480.666667
962.5957447	2481.021277
326.90625	2482.4375
863.9583333	2482.416667
422.8909091	2483.327273
860.2903226	2486.129032
1003.95	2493.9
352.7	2497.066667
1087.139535	2499.046512
712.0847458	2499
742.3095238	2498.642857
346.6111111	2500.916667
352.125	2501.125
741.0952381	2503.166667
489.5238095	2503.071429
1119.947368	2504.763158
480.6122449	2506.877551
484.7142857	2507.357143
184.125	2509
740.4179104	2511.268657
249.4193548	2514.580645
320	2516.333333
743.9152542	2518.491525
309.1111111	2525.888889
729.6266667	2527.4
1009.473684	2526.368421
299.7826087	2533.086957
1092.571429	2536.114286
453.9473684	2543.552632
299.6097561	2555.97561
369.4	2558.346667
379.1764706	2557.794118
942.2682927	2558.585366
614.2807018	2560.140351
962.8709677	2560.967742
609.4	2564.12
648.0816327	2567.755102
1087.986486	2572.472973
1082.5	2572.5
896.673913	2575.413043
649	2576
1075.48	2574.9
1082.809524	2576.952381
351.8823529	2578.411765
344.8974359	2578.846154
978.7941176	2579.382353
649.4761905	2582.142857
1089.5	2584.5
595.3	2586.5
233.3846154	2586.615385
652.4358974	2585.692308
733	2590.5
924.0952381	2590.571429
1103.909091	2590.636364
654.3478261	2592.173913
1086.7	2592.2
934.6521739	2593.347826
885.3846154	2594.384615
927.1	2594.65
580.6666667	2594.583333
1095.47619	2595.047619
919.4166667	2595.708333
570.7368421	2598.105263
578.0714286	2597.785714
1089.408163	2598.367347
1028.363636	2603.030303
235.5	2604.5
938.6470588	2605.470588
909.826087	2606.652174
915.3846154	2608.269231
278.9591837	2610.836735
796.5	2611
969.2592593	2610.055556
935.5074627	2611.268657
944.9636364	2612.290909
671.9090909	2612.090909
263.21875	2616.0625
643	2616.5
672.3333333	2616.444444
270.4594595	2620.297297
669.0877193	2622.175439
491.2857143	2622.5
329.0434783	2623.695652
646.3888889	2623.722222
642.34375	2625.34375
716.5	2625
324.4	2626.2
402.7857143	2628.357143
493.2857143	2627.47619
529	2627.583333
268.3478261	2630.086957
399.0714286	2632.071429
997.5	2634
1060.105263	2633.578947
489.2898551	2633.478261
994.3636364	2635.545455
265.9047619	2636.761905
484.5238095	2636.095238
626.0769231	2636.884615
763.5	2639.555556
483.8333333	2641.208333
940.56	2641.2
934.125	2641.708333
693.8421053	2644.157895
1062.965517	2644.413793
317.8148148	2645.555556
774.1707317	2645.121951
853.5555556	2644.666667
277.9642857	2645.892857
303.5833333	2645.208333
930.5	2654.105263
1100.6	2654.066667
508.5	2655
778.8405797	2657.057971
344	2656.894737
734.5869565	2658.543478
844.7037037	2659.037037
920.4285714	2659.095238
513.3333333	2660.966667
775.6410256	2662.512821
1122.947368	2663.289474
1130.230769	2663.282051
306	2664
1006.733333	2665.666667
349.0588235	2665.823529
738	2669.6
571.5882353	2669.117647
875.8372093	2675.255814
930.6923077	2675.794872
735.1176471	2677
935.2978723	2682.255319
924.8787879	2680.424242
368.255814	2680.837209
603.5882353	2681.117647
703.25	2682.5
928.1428571	2681
764.0277778	2683.305556
911.2916667	2686.791667
927.0909091	2685.636364
602.4857143	2687.057143
338.6129032	2688.096774
931.3125	2688.9375
1139.678571	2688.821429
729.6470588	2696.029412
743.4912281	2699.77193
338.90625	2701.21875
353.4545455	2702.136364
936.2	2704.55
958.5454545	2707.818182
359.8181818	2707
953.7083333	2710.416667
1039.609375	2713.359375
393.6666667	2717.222222
312.6785714	2718.25
318.1153846	2718.692308
516.5	2723.5
301.4615385	2723.769231
542.5384615	2724.711538
1107.804348	2725.804348
336.4333333	2727
299.5862069	2727.724138
454.12	2727.76
1114.041667	2727.333333
780.8695652	2731.913043
637.5	2733.285714
1007.75	2733.125
945.2643678	2735.505747
940.2222222	2738.888889
954.0093458	2738.121495
1046.25	2738.833333
1099.716667	2740.05
297.8181818	2741.181818
304.5882353	2741.882353
941.6153846	2742.538462
1020.769231	2741.230769
1051.653846	2742.076923
292.2727273	2741.545455
1016.645161	2743.096774
1134.25	2745.75
581.4482759	2747.62069
1131.5	2749.107143
782.1904762	2750.142857
1090.307692	2750.128205
314.3023256	2750.883721
934.4210526	2752.973684
1129.571429	2753.771429
294.1666667	2754.142857
899.5	2755.5
951.04	2755.24
1118.705882	2754.264706
732.7692308	2756.692308
794.4117647	2758.117647
975.72	2757.48
1095.388889	2756.472222
1124.632653	2758.346939
1129.545455	2759.454545
373.4153846	2758.861538
865.6315789	2759.789474
1098.814815	2762.407407
623.9642857	2760.571429
374.1724138	2762.965517
730.5483871	2761.741935
899.5609756	2762.04878
977.6470588	2762.088235
930	2765.5
1131.914894	2765.468085
638.2692308	2765.576923
729.6086957	2767.26087
976.3461538	2768.461538
1117.152174	2767.847826
374.2666667	2771.033333
386.8709677	2770.709677
637.173913	2772.934783
609.2653061	2772.693878
1020.5	2774.363636
977	2775
1087.266667	2774.733333
303.6451613	2776.193548
462.1176471	2776.705882
931.5319149	2777.93617
1075.133333	2777.4
1081.52	2777.2
462.8	2781.04
629.625	2780.46875
458.05	2781.9
1074.263158	2781.842105
454.125	2784.125
643.25	2783.90625
532	2784.045455
326.05	2789.1
556.1	2788.7
1066.414286	2791.357143
323.4	2793.64
551.8571429	2793.342857
315.1666667	2794.452381
612.7777778	2795
630.2	2795.7
392.95	2795.75
605.76	2796.04
553.7407407	2797.851852
1100.444444	2798.361111
350.1904762	2799.571429
560.0869565	2799.391304
600.8333333	2801.194444
626.9512195	2801.902439
927.6842105	2803.894737
765.0392157	2808.882353
618.962963	2806.055556
923.4516129	2807.580645
1123.176471	2807.392157
629.2307692	2809.230769
592.4666667	2809.866667
740.826087	2809.217391
798.893617	2813.893617
735.5517241	2813.689655
777.2758621	2815.068966
553.4285714	2816.428571
884	2818
550.25	2820.403846
776.2307692	2820.538462
884.4615385	2821.153846
885.9166667	2823.916667
584.8	2824.5
719.8043478	2824.782609
887.9333333	2826.266667
617.8461538	2829
892.2903226	2828.354839
718.72	2830.76
959.9487179	2830.589744
752.4358974	2830.179487
1030.52	2832.16
953.6296296	2833.481481
500.2222222	2835.5
750.2222222	2835.944444
937.4680851	2835
1036.615385	2834.538462
947.5172414	2835.965517
287.1851852	2837.814815
733.0648148	2839.675926
744.265625	2839.921875
1109.642857	2840.535714
583.5625	2841.958333
735.4782609	2845.391304
417.5	2844
730.3235294	2845.264706
593.1882353	2847.988235
813.4285714	2846.095238
911.1363636	2847.818182
400.4871795	2848.641026
590.2631579	2852.789474
408.6551724	2853.252874
426.3454545	2855.018182
569.3030303	2854.333333
574.65625	2855.71875
570.0714286	2859.464286
416.1090909	2859.636364
1007.65	2859.2
586.5	2861.5
1011.461538	2862.769231
338.173913	2863.565217
421.1458333	2865.5625
548.2857143	2865.178571
543.9655172	2868.413793
793.1463415	2870.02439
539.21875	2871.1875
1053.25	2871.25
414.8636364	2872.590909
421.2328767	2872.09589
532.5581395	2871.232558
535.4666667	2875.033333
663.5822785	2869.696203
670	2872.771429
659.8085106	2875.914894
411.9347826	2876.369565
666.925	2878.275
1001.969697	2876.757576
422.7647059	2877.941176
778.175	2879.275
934.3823529	2878.794118
695.1142857	2882.228571
1068.5	2883.142857
420.825	2883.2
521.8571429	2886.035714
669.2222222	2885.666667
527.025	2886.925
848.88	2887.8
523.030303	2893.863636
517.1111111	2894.444444
431.03125	2896.65625
545.8095238	2896.619048
1043.5	2897.5
516.2432432	2898.648649
813.5555556	2898.333333
884.4347826	2898.217391
1002.578947	2897.684211
525.0833333	2900.166667
1075.894737	2898.421053
878.047619	2903.380952
520.8490566	2903.773585
955.5	2905.5
1005.612245	2907.795918
509.1	2907.866667
514.775	2908.375
528.5185185	2906.888889
904.125	2907.208333
524.4	2909.12
545.7016575	2908.895028
899.0307692	2909.769231
291.1891892	2912.216216
533.0470588	2913.6
300.5	2917.636364
539.4347826	2917.478261
320.0666667	2919.1
461.0588235	2919.411765
1073.3	2920.1
542.4742268	2923.597938
378.3461538	2922.923077
533.3333333	2922.242424
549.9230769	2922.923077
523.6216216	2923.027027
669.7647059	2924.823529
538.72	2926.76
520.9333333	2928.166667
531.016129	2928.943548
1049.454545	2927.590909
1054.535714	2927.928571
378.75	2930.25
798.7179487	2929.974359
566.7037037	2930.111111
578.1923077	2930.384615
888.5344828	2931.344828
529.5769231	2934.923077
541.9784946	2940.456989
791.4736842	2937.947368
672.7692308	2938.615385
763.6666667	2937.733333
905.9090909	2937.818182
572.375	2939.5
910.4	2937.625
552.0212766	2940.234043
559.0769231	2940.730769
783.1551724	2941.241379
910.6666667	2942.833333
548.25	2944.45
917.1276596	2944.468085
985.5862069	2943.931034
811.9285714	2946.142857
459.3625	2945.4875
533.3513514	2946.486486
555.3703704	2947.592593
880.097561	2946.512195
816.4	2947.057143
961.3333333	2947.916667
521.9166667	2950.25
540.4705882	2953.529412
965.875	2951.5
545.2105263	2952.815789
524.9193548	2955.322581
545.7777778	2958.055556
536.7804878	2959.195122
658.2666667	2959.533333
353.3428571	2961.6
406.2222222	2961.888889
532.483871	2962.903226
544.1538462	2962.923077
526.3846154	2965.923077
642.4583333	2966.25
1005.391304	2966.492754
1053.555556	2966.888889
532.3333333	2968
659.2051282	2966.692308
308.8333333	2968.111111
401.4074074	2970.925926
865.5675676	2972.945946
1051.666667	2973.125
307.125	2974.53125
530.9444444	2974.333333
658.962963	2975.074074
682.8611111	2975
525.2142857	2977.214286
582.7	2978.5
529.1428571	2978.809524
647.6666667	2978.711111
683.5	2981.02
506.5833333	2980.916667
658.5	2980.285714
1010.636364	2980.5
426.0909091	2983.045455
500.3225806	2983.225806
1015.555556	2982.666667
432	2985.863636
530.12	2986.64
1051.1	2986.3
1040.827586	2988.103448
800.3478261	2988.413043
899.3809524	2988.428571
805.6774194	2989.83871
1034.296296	2990.944444
482.8571429	2990.653061
579	2990.5
777.7142857	2990.5
641.0909091	2994.5
1001.680851	2992.893617
782.3521127	2995.929577
738	2994.686047
1066.744186	2996.104651
578.90625	2998.65625
791.0526316	2997.342105
798.38	2995.4
310.779661	2998.186441
639	2998.619048
574.84375	2998.09375
732.625	3001.458333
1073.521739	3003.130435
1063	3003.684211
745.0980392	3005.186275
723	3005.823529
636.5517241	3006.310345
829.46	3007.48
1078.75	3006.75
460.25	3007.5
391.8	3009.566667
657.1481481	3008.777778
870.7647059	3009.941176
1019.166667	3010.083333
1076.9	3010.85
529.2133333	3009.706667
634.3	3013.7
831.4285714	3013.228571
525.3214286	3015.178571
1078.515152	3015.969697
864.7352941	3017.676471
1021.170213	3020.234043
447.5609756	3022.341463
581.4666667	3023.366667
630.8793103	3021.913793
392.7209302	3024.883721
745.7	3025.6
903.3846154	3025.384615
964.4705882	3024.411765
319.0967742	3025.677419
545.1555556	3027.911111
388.6	3028.4
746.8333333	3031.277778
886	3030.692308
563.1714286	3032.485714
628.5882353	3031.382353
461.2727273	3033.5
626.7777778	3038.388889
923.7777778	3041.5
985.6285714	3044.285714
665.0985915	3044.774648
351.0731707	3046.170732
623.225	3047.375
711.6444444	3049.977778
514.4210526	3052.105263
864.6875	3057.125
1007.52	3058.76
301.7741935	3060.483871
564.3	3061.75
292.8478261	3061.23913
673.0833333	3062.458333
1007.666667	3063.515152
1003.37931	3066.241379
997.6410256	3065.948718
548.7142857	3067.5
463.3333333	3068.254902
561.6190476	3067.238095
469.3703704	3068.481481
587.030303	3067.242424
993.8	3070
676.6538462	3069.884615
468	3072.826087
566.0571429	3070.057143
461.1935484	3074.322581
541.0909091	3074.090909
678.4166667	3075.083333
980.6428571	3074.142857
974.8409091	3075.159091
582.4148472	3082.598253
424.516129	3076
561.5	3077
588.025641	3074.615385
456.0408163	3078.938776
682.4642857	3078.071429
836.71875	3079.09375
417.2131148	3080.131148
556.4411765	3079.794118
934.3050847	3080.135593
409.1111111	3082.777778
525.2424242	3083.287879
533.5757576	3083.454545
771.5365854	3084.878049
538.2	3086
764.8	3085.95
999.5	3087.272727
596.2	3089
915	3089.911765
760.74	3091.4
767.3461538	3092.115385
1034.730769	3091.615385
1029.666667	3092.6
578.5	3097.5
812.5	3098.5
858.5652174	3100.913043
550.4193548	3102.129032
336.9354839	3104.193548
582.2181818	3101.072727
532.16	3106.24
1069.2	3106.333333
326.8571429	3106.809524
548.862069	3107.344828
997.0909091	3106.909091
576.7258065	3108.193548
576.4090909	3115
1075.216216	3114.162162
571.75	3117.7
523.46	3118.28
531.3333333	3118.575758
307.9111111	3119.244444
797.0952381	3119.380952
529.5263158	3123.210526
1076.071429	3123.107143
503.4285714	3124.238095
524.1515152	3123.787879
500.2857143	3126.642857
516.5	3126.2
1076.071429	3129.535714
317.22	3133.52
601.4090909	3133.454545
1042.647059	3134.529412
546.5	3138.5
317.2608696	3140
1045	3140
319.9333333	3144.6
692.4857143	3141.257143
996.75	3143.25
764.45	3144.25
688.6341463	3146.097561
693.1	3145.85
878.3103448	3148.103448
451.8421053	3148.5
445.9230769	3150.410256
693.0454545	3151.909091
738.4615385	3150.846154
439.5789474	3152.684211
1073.388889	3152.055556
1068.296296	3155.888889
1063.380952	3157
358.8235294	3158.647059
426.9756098	3158
957.7894737	3159.631579
785.7058824	3160.588235
1036	3161.333333
421.2857143	3163
459	3163.5
653.125	3162.03125
557.8421053	3164.473684
648.016129	3162.887097
821.375	3164.15625
343.1724138	3164.896552
809.1590909	3165.409091
1038.5	3165.5
1047	3166
517.6	3167.16
736	3167.208333
786.6	3166.233333
560.4166667	3171.083333
736.1	3171.95
683.7647059	3172.941176
786.3518519	3175.851852
561.3846154	3176.384615
386.625	3176.5625
722.4444444	3178.388889
735.6666667	3177.190476
382.8928571	3179.892857
879.0769231	3179.5
1012.108108	3178.702703
782.8666667	3183.833333
736.9	3186.2
733	3188.05
481.2820513	3191.25641
841.04	3193.4
1032.875	3194.666667
452.0769231	3195.692308
959.3076923	3199.115385
350.8333333	3200.125
729.72	3197.82
1005.428571	3200.914286
1037.5	3201.5
395.2820513	3201.871795
522.4117647	3203.117647
722	3203.173913
725.9411765	3202.411765
1011.366667	3202.933333
664.0350877	3204.77193
721.9333333	3207.133333
931	3206.5
864.6111111	3206.583333
390.625	3207.791667
523.3939394	3208.121212
727.1509434	3208.509434
759.3	3212.5
1048.777778	3213.5
952.9875	3215.5125
811.2142857	3225.642857
548.4680851	3227.06383
536.975	3229.675
756.047619	3232
989	3233.5
962.0810811	3234.486486
473.8846154	3240.692308
896.3333333	3241.261905
469	3241.636364
465.7407407	3244.111111
1025.925926	3243.592593
460.5	3245.071429
466.5	3248.777778
600.09375	3248.96875
712.9230769	3250.307692
329.9047619	3251.904762
1027.041667	3252.041667
685.6222222	3251.622222
1045.727273	3252.5
825	3254.526316
350.9464286	3257.428571
713.1764706	3258.058824
636.4166667	3260.805556
631.1333333	3261.933333
783.5490196	3260.098039
827.4444444	3261.333333
717.9736842	3262.184211
399.5344828	3266.224138
676.7333333	3267.333333
785.547619	3266.857143
310.5454545	3270.060606
783.9130435	3272.347826
929.68	3274.28
971.56	3274.28
782.65	3276.25
751.3846154	3276.333333
821.9259259	3277.925926
778.25	3280.821429
783.2222222	3280.777778
485.575	3282.175
505.3684211	3285.526316
748.3728814	3283.610169
773.7878788	3283.454545
563.9152542	3289.847458
1043.26087	3289.608696
360.7777778	3293.5
1046.484848	3293.606061
896.6785714	3294.678571
891.3571429	3295.857143
1052.116279	3296.697674
305	3295.92
903.6923077	3296.871795
949.0487805	3297.536585
957.45	3297.65
965.9473684	3298.289474
887.0666667	3298.7
897.9090909	3298.727273
892.95	3299.65
865.5	3300.75
870.5882353	3303.058824
763.8888889	3303.027778
864.125	3305.5625
728.4489796	3310.326531
761.7407407	3311.388889
393.4285714	3316.678571
1007.032258	3316.870968
704.6923077	3317.692308
1040.217391	3318.391304
359.3442623	3322.131148
705.8421053	3322.789474
762.9565217	3321.73913
1034.584906	3322.301887
388	3323
956.14	3325.54
439.1	3327.2
755.8333333	3328
888.4545455	3326.969697
750.4166667	3329.75
384.2916667	3331.291667
466.5	3332.363636
717.5882353	3331.882353
758.9069767	3333.72093
541.28	3334.24
747.1538462	3334.384615
361.9375	3335.21875
691.6363636	3334.909091
753.8076923	3335.557692
1023.08	3336.56
714.7727273	3339.113636
760.893617	3339.382979
511.125	3341.333333
668.7058824	3342.411765
706.2635135	3343.702703
933.8139535	3344.255814
673.16	3345.76
929.9565217	3348.73913
667.875	3349.354167
460.6486486	3352.554054
795.1481481	3356.296296
909.125	3356.583333
915.3888889	3358.75
458.76	3358.52
360.7777778	3361.5
455.6071429	3362.714286
712.625	3360.458333
985.5555556	3361.611111
356.7142857	3365.5
495.2222222	3366.666667
964.5	3367.142857
601.3157895	3367.842105
539.4	3368.96
612.5	3369.777778
719.9104478	3369.61194
804.2033898	3370.610169
320.3157895	3372.052632
725.7894737	3373.868421
802.6111111	3376.444444
719.9354839	3377.354839
1028.5	3377.916667
1009.674419	3388.023256
345.8387097	3390.290323
452.8888889	3390.481481
752.4074074	3390.703704
871.9166667	3391.229167
1032.27027	3392.108108
380.2173913	3396.347826
859.1935484	3399.903226
578	3401.5
854.1428571	3404.357143
578.6	3405.4
821.76	3413.2
579.6923077	3417
721.8837209	3416.930233
965.5	3420
1025.666667	3420.142857
460.92	3421.8
576.0983607	3422.311475
983.54	3421.14
583.2	3423.475
1026.84	3426.56
527.7857143	3425.5
817.125	3427.791667
461.3934426	3430.081967
348.3333333	3436.875
425.8095238	3440.142857
808.8947368	3445.342105
615.6904762	3448.928571
636.9166667	3449.583333
808.6486486	3450.486486
466.5454545	3450.863636
609.7727273	3453.795455
617.2439024	3453.487805
407.5862069	3455.034483
640.0789474	3454.447368
998.9375	3457.78125
519.9130435	3458.73913
617.6111111	3459.222222
605.3030303	3459.681818
518.6129032	3462.451613
1016.894737	3461.421053
484.7083333	3463.708333
880.75	3465.25
618.7941176	3465.735294
462.0909091	3466.909091
526.8571429	3466.5
600.9459459	3466.648649
523.71875	3468.625
605.3333333	3469.533333
609.6923077	3468.923077
816.4418605	3470.046512
881.1363636	3470
613.5416667	3471.125
527.4210526	3473.473684
907.2580645	3475.322581
712.5333333	3478.866667
444	3480
378.2941176	3482.705882
383.04	3482.64
711.5151515	3483.121212
632.1714286	3484.971429
457.0967742	3489.967742
683.5	3491.777778
911.65	3492.775
682.4166667	3496.166667
457.9298246	3498.403509
1019.5	3499
639.4146341	3502.04878
682.2068966	3500.724138
585.0714286	3501.785714
682.75	3505.0625
688.2666667	3504.633333
915.5	3505.5
784.1111111	3505.711111
876.2222222	3506.972222
844.85	3507.8
683.7931034	3509.413793
837.4615385	3508.846154
903.1666667	3510.055556
470.8965517	3516.482759
681.4929577	3515.422535
606.6153846	3522.384615
743.4117647	3523.117647
620.5714286	3523.904762
748.037037	3523.62963
732.5588235	3527.294118
750.125	3530.333333
732.6666667	3532.875
741.6949153	3531.101695
742.4666667	3534.733333
594.2857143	3535.542857
426.92	3537.04
1007.956522	3537.26087
423.4444444	3537.111111
420.88	3540.6
549	3544.5
581.64	3550.44
997.2916667	3551
579.1818182	3554.181818
907.0454545	3555.227273
656.0972222	3554.777778
576.3181818	3557.909091
962.244898	3559.877551
572.4736842	3561.736842
442.5	3563.5
482.7916667	3563.125
566.0277778	3568.805556
558.5172414	3570.034483
789.2857143	3574.238095
596.0294118	3576.852941
935.65625	3583.4375
1003.84	3583.04
623.5	3584
915.64	3585.76
877.1818182	3586.818182
909	3587.78125
903.4347826	3589
690.7894737	3589.631579
772.5384615	3589.692308
893.1923077	3589.980769
899.3571429	3591.071429
626.8484848	3591.878788
879.2962963	3591.037037
889	3592.35
767.9090909	3592.636364
875.2195122	3594.170732
884.5952381	3593.47619
867	3594.510638
779.2666667	3595.933333
879.5625	3596.4375
766.7592593	3598.537037
1020.777778	3597.5
777.5777778	3606.044444
851.9268293	3608.439024
860.2954545	3607.840909
740.4117647	3609.882353
957.5555556	3610.333333
743.4583333	3612
559.1612903	3612.564516
648.9375	3611.3125
734.9014085	3610.704225
647.45	3615.25
528.5652174	3614.173913
612.6363636	3615.454545
738	3616
960.3333333	3615.907407
530.0833333	3619.333333
664.3529412	3618.147059
973.6333333	3635.633333
907.6119403	3638.19403
910.6470588	3641.911765
918.5	3643
556.4047619	3645.261905
654	3647.352941
755.8767123	3649.876712
912.875	3649.361111
931.1428571	3650.333333
820.3333333	3650
920.2790698	3650.976744
518.2608696	3651.869565
826.28125	3652.28125
821.5714286	3655.380952
515.4347826	3655.391304
925.4938272	3654.148148
754.0808081	3657.40404
917.8333333	3656.666667
932.5306122	3657.22449
644.9285714	3662.714286
552.5652174	3665.521739
742.68	3669.2
747.1111111	3672.444444
682.4347826	3673.913043
1012	3677.666667
899.0909091	3681.909091
917.5714286	3682.380952
874.0769231	3691.25641
569.5294118	3691.764706
758.9038462	3696.923077
555.3913043	3700.565217
1044.682927	3703.268293
715.0512821	3703.179487
713.0434783	3707.565217
664	3708
708	3710.52
879.5	3708.727273
1054.423077	3710.076923
1039.714286	3711.714286
950.5882353	3714.117647
981	3718.333333
600.6153846	3719.538462
766.4	3725.466667
597.9361702	3725.787234
919.8518519	3729.62963
691.3793103	3742.586207
732.4222222	3742.422222
686.90625	3745.1875
759.7096774	3744.564516
644	3747.5
891.1538462	3752.576923
834.3684211	3756.526316
794.24	3759.8
919.1818182	3761.969697
923.5769231	3764.923077
816.5	3767
639.4230769	3771.461538
1099.5	3774.285714
969.7916667	3774.708333
651.76	3775.96
818.5714286	3781.428571
823.2	3781.6
1023.214286	3782.964286
826.4117647	3785.470588
821.6666667	3786.666667
831.5	3790.222222
844.025641	3790.794872
859.4772727	3795.659091
832.1219512	3797.170732
683.6	3799.4
737.96	3801.24
828.4285714	3802.392857
828.2727273	3807.818182
835.0869565	3810.391304
1066.909091	3810.090909
958.7222222	3813.111111
819.90625	3814.46875
1056.619565	3815.391304
841.1724138	3814.172414
837.3913043	3816.130435
963.1904762	3815.666667
843.1818182	3819.136364
945.2105263	3822.473684
849.0810811	3822.945946
945	3826.818182
856.1315789	3826.842105
933.9333333	3831.266667
865.6315789	3833.473684
972.2105263	3835.052632
973.5675676	3841.054054
874.7435897	3844.871795
1111.59375	3847.5625
821.5	3855.4
825.047619	3857.714286
817.48	3858.52
979.4705882	3858.117647
1081.875	3859.666667
874.2666667	3861
1031.043478	3863.130435
876.9090909	3864.909091
811.0909091	3865.636364
1029.611111	3867.111111
906.8214286	3870.892857
794.8518519	3875
987.5	3883.5
1022.285714	3895.047619
946.2173913	3909.652174
904.8421053	3911.263158
1073.870968	3910.967742
947.4117647	3916.882353
1006.133333	3917.383333
932.7894737	3923
935.0909091	3926.636364
1032.103448	3926.344828
1040.102564	3925.487179
957.5	3948.5
968.9411765	3956.764706
974.1935484	3963.935484
988.1666667	3973.583333
992.9714286	3979.085714
997.6666667	3981.888889
1058.612903	3997.032258
