X	Y
0	0
0	5143
5143	0
5143	5143
1139.333333	61.96666667
1194.314286	69.54285714
1172.456522	70.58695652
1171.513514	75.78378378
1176.90625	80.3125
1180.5	84.25
1065.933333	139.6
1088.210526	147.4736842
1086.419355	149.0645161
1209	153.6666667
1097.333333	153.5666667
1101.318182	157.9545455
1209.424242	158.4242424
1043.285714	170.9285714
1278.6	181.0666667
1058.615385	185.8461538
1272.5	188
1061.384615	192.3846154
1278.375	191.6875
1188.916667	195.8333333
1192.216216	202.1621622
1110.882353	203.5882353
1264.103448	204.3448276
1294.736842	216.1578947
1113.074074	219.5925926
1110.886364	224.5227273
1295.642857	226.3571429
1159.741935	251.7096774
1239.931818	252.2045455
1089.038462	253.8846154
937	257
1273.423077	255.9230769
1086.897436	259.2307692
1083.470588	264.3529412
1158.5	265
1292.842105	272.4736842
1155.266667	273.2
1045.677419	276.0645161
935.1176471	276.4117647
1154.666667	278.1904762
910.744186	283.3488372
1029.833333	285.0833333
1035.5	298
1228	301.1052632
1287.27027	303.3513514
1229	305
1170.481481	310.0740741
1175.909091	311.7575758
956.1538462	313.0769231
887.2142857	313.9285714
1269.555556	314.3333333
1059.5	315.5
1188.833333	315.2916667
1181.631579	316.1578947
1185.625	318.375
1301.105263	316.5263158
1299.472222	322
1273	324.1
1211.5	331.5
1152.214286	333.6428571
1221.315789	339.8421053
968.6981132	338.4528302
969.56	344.08
974.3548387	345.7096774
1224.266667	348.9166667
1167.777778	349.5
1271.025641	351.4615385
1227.965517	355.3793103
1172.65	354.75
1136.071429	360.5714286
1067.5	361
790.25	362.05
1146.927711	364.5180723
1154.870968	363.7419355
1129.064516	364.9677419
1138.148936	364.6382979
1231.116279	364.1860465
1155.973684	367.6578947
1170.02439	366.8536585
1135.384615	369.1923077
1143	369
1120.5	370.2
1127.4	370.95
1161.425532	372.1914894
1168.75	372.7083333
1232.166667	373
1125	375.4545455
1118.6	375.9
1153.088235	376.4117647
1235.105263	375.5789474
1051.5	377.2
1158.365385	379
1166.388889	377.3055556
1171	377.5
907.125	379.875
1136.2	380.4666667
1153.5	383.4642857
1050	383.5
820.9285714	383.8928571
1083.333333	386.2666667
1126.333333	386.4242424
1141.902439	384.9268293
1147.775	386.25
1086.25	390.625
1015.5	401
1020.5	401.5
1108.3	403.8
1162.2	403.85
1113.947368	404.9473684
1201.863636	405.9545455
1110.25	407.4375
1070.641509	411.7358491
1011.772727	421.5909091
1107.5	422
1005	425.1111111
1058.333333	430.8888889
1020	431.3529412
939.5	433
1099.28125	434.5625
1105.918033	433.1311475
1112.075472	432.3773585
843.5	434.8
1118.235294	436.0588235
1058	437.2
882.9387755	438.3877551
1105.1	440.2
905.8	443.5
1049.153846	444.7692308
728.1538462	448.5384615
1044.909091	450.1818182
908.4285714	453.6190476
988.9130435	457.6521739
1008.5	459.5
1266.653061	463.0204082
987.5	465
1001.529412	468.3529412
1006.190476	469.4285714
998.32	470.68
1003.277778	473.1666667
1270.7	470.4
887.1666667	476.2777778
998.0740741	477.3703704
1276.28125	476.890625
865.3703704	479.4074074
1269.269231	478.7307692
1281.684211	480.7368421
1265.735294	482.7647059
1285.071429	481.8571429
1102.206897	483.7586207
1185.836364	485.6727273
955.1818182	487.0909091
735.5	491.5
1102.552632	491.1578947
1227.545455	493.3636364
1126.142857	497.2857143
1126	501.5
1233.492958	501.7464789
803.35	506.3
961.5294118	507.6666667
956.6444444	508.6666667
1285.333333	512.4444444
729.56	519.92
1008	520.5
904.8	521
1030.772152	521.8860759
1144.791667	522.5
1023.357143	525.6785714
856.5925926	528.0740741
1015	528.1666667
934.2876712	528.4109589
1024.12	529.92
1272.76	528.96
1216.5	530
860.75	530.6666667
1017.923077	529.7307692
1032.066667	529.52
938.3888889	532.2222222
995.8148148	531.1851852
991.8461538	533.8076923
1012.259259	532.9259259
1215.181818	534.7575758
1014.054054	537.0810811
1019.195652	537.2826087
1033.44	535.2
1242.594203	536.4637681
1031.060606	539.4545455
946.1136364	541.3863636
1006.84375	540.59375
1036.150943	541.4339623
920.3846154	541.6153846
1070.032258	544
1106.5	543
1062.352941	546
946.5	547.5
911.7142857	549.6428571
948.8823529	551.4117647
1173.533333	551.1333333
1067.09375	551.65625
681	553.8461538
735.6956522	554.2173913
684.3076923	555.5384615
957.6315789	557.0526316
689.3673469	559.4081633
1032.565217	559.7391304
1221.090909	566.0909091
1289	567.6785714
700	569.5
817.8125	571.5
820.4193548	576.1935484
824.4615385	581.8461538
1139.5	582.8
794	583.5
1044.666667	585.1111111
802.2608696	586.6521739
1139.5	586.7142857
836.5263158	587.8947368
832.0727273	592.3454545
669.7857143	589.5714286
660.1071429	593.0714286
638.4615385	595.2307692
650.1764706	597.8235294
727.8648649	598.1081081
863.6363636	597.7727273
739.5	599
832.2096774	601.7580645
1210.2	603.5
1271.258065	603.4193548
922.6666667	602.969697
973.5	604.5
829.5769231	612.0769231
987.5	611.5
966.8	615.5
746.0869565	617.4347826
993.3636364	616.9090909
828.2	618.65
969.7916667	621.6458333
631.7105263	623.4736842
829.7826087	623.1304348
1255.391304	623.2173913
652.9545455	623.9090909
645.9428571	625.4857143
783.4347826	626.6086957
830	628.173913
1001.55	628.55
696.95	629.9
1326.109756	629.6341463
954.6	632.7142857
1330.626667	635.24
846.125	635.875
849	637
904	636.5
852.3888889	637.7222222
891.2380952	637.5714286
1324.769231	640.5769231
774.1818182	641.4545455
873.1346154	643.5384615
892.4090909	646.6363636
974.1818182	646.7272727
1331.836735	645.3469388
906.5	653.25
875.5	654.5
1082.181818	657.8181818
702.9	663.5333333
1102.909091	665.3636364
805.0697674	668.6744186
739.6111111	671.7222222
842.85	678.3
883.5	683.5
672.625	684.2083333
1149.851852	686.3333333
773.0384615	687.1538462
1243.5	689.2857143
1295	687.5135135
915.5	690.2
1331.612903	690.1935484
733.7	693.7
1314.571429	694.8571429
774.9	697.95
958.25	698.3333333
873.4545455	699.1818182
675	700
1314.772727	699.4090909
1035.9	701.3
975.0909091	703.3181818
1314.292308	703.8
978.8	704.9333333
1321.943396	705.0377358
812.6530612	706.5510204
1097.764706	711.8235294
1094	713.173913
1062.9	713.9
1078.545455	715.2045455
1089.333333	714.7333333
1085.434783	716.5217391
1072.55	720.45
932.5416667	724.8333333
1162.75	742.375
1069.357143	744.2857143
1005.7	747.0333333
1072	747.7083333
1127.882353	747.5882353
1024.189189	753.8648649
999.6153846	756.3846154
859.5	760.4166667
616.974026	765.7727273
1022.714286	769.5
1130	770
1326.983871	769.9677419
913.5	777.2857143
1041.932203	777.1016949
1077.904762	778.0952381
822.7777778	779.5
1056.095238	780.047619
1060.352941	781.0588235
1125.416667	790.9166667
998.6444444	792.8666667
1004.703704	793.0740741
994.1142857	795.7428571
1001.145833	798.8333333
1006.25	798.875
735	801.8571429
837.0909091	809.2727273
998.875	808.875
1055.941176	813.7647059
1342.075	813.2
1228.625	815
1224.375	816
1263.75	815.8333333
1270.137931	816.8965517
1313.179104	816.8358209
969.0952381	818.0952381
1296.410256	818.7948718
733.0909091	820.0909091
860.6666667	821.5555556
1281.321429	823.7857143
1273.358974	827.9487179
1166	829.5
1270.131579	835.0263158
916.875	835.125
866.4423077	837.7307692
918	838.5
1266.117647	840.4117647
861	841
865.3076923	842.9615385
1257.148148	844.1851852
1244.208333	846.6666667
1250.352941	845.9411765
590	848.3076923
699.5	848
1231.888889	849.7222222
863.7745098	848.6372549
725	857.7272727
929.5294118	862.2352941
933.6363636	862.3636364
927.9736842	865.5
1159.5	865.2857143
934.875	867.53125
1059.5	871
622.125	872.125
1160.615385	873.6153846
1038	875.5
621.5454545	880.4
969.7096774	879.7096774
613.1923077	884.5
1029.785714	888.2857143
1001.083333	890.5
1027.181818	891.7272727
607.2222222	894.1111111
1007.305556	893.9722222
1016.142857	891.3809524
994.1	894.15
984	899.1
1057.733333	899.8
1075.714286	906.3571429
1057.285714	908.5
944.0465116	909.3953488
972	909.6363636
952.0769231	912.5576923
1001.24	912.2
1074.066667	911.5777778
962.6146789	913.6055046
976.6470588	914.8235294
994.3571429	915.2142857
970	916.75
1008.7	919.3
956.4	922.6
984.6666667	925.2666667
988.2131148	930.7213115
754.0943396	934.9245283
1188.157895	935.4736842
833.3333333	939.25
780	940.5
774.1851852	942.4074074
1106.75	946.5625
1039.058824	949.7647059
1045.044444	963.0444444
1151.941176	963.3529412
1040.703704	967.7037037
1393.75	969.5
1316.235294	970.6470588
788.1428571	971.5357143
647.09375	976.03125
928.8076923	976
765.25	979.25
1396.166667	978.6666667
1047.333333	980.3333333
602.7692308	980.7307692
1053.604651	981.3488372
742	981.3636364
928.5625	982.625
1396.078431	984.745098
874	987.5
601.2407407	986.8518519
1399.538462	988.7692308
1400.6	992.8
594.7857143	992.6428571
832.875	997.625
659.7727273	1008.409091
876.75	1010.875
986	1011.2
988.2727273	1014
875.8	1016.3
1014.3125	1016.875
1080.5	1017.868421
731.0588235	1020.764706
1247.142857	1020.761905
631.5833333	1021.833333
1242	1024.5
1016.909091	1025.363636
664.7777778	1026.888889
611.5	1028
650.8666667	1029.8
981.8888889	1030.333333
610.1304348	1034.521739
1106.333333	1034.555556
762.0909091	1034.545455
652.125	1035.8125
656.2857143	1038.642857
946.9677419	1042.16129
951	1039.4375
798.6153846	1041.615385
1134.5	1043.5
1338.6875	1046.1875
610.5538462	1047.615385
948.8333333	1047.111111
661.2	1050.7
435.4	1052.8
449.5675676	1052.918919
947.9230769	1054.769231
953.09375	1055.4375
376.1525424	1056.033898
608	1058.297297
916.9130435	1058.434783
1412.333333	1059.5
471.3793103	1061.517241
938.6315789	1061
451.5	1062.2
668	1061.055556
942.3684211	1063.263158
611.3684211	1065.263158
713.8333333	1065.333333
1151.083333	1066.166667
716.1212121	1069.030303
724	1069.5
1036.222222	1068.722222
1078.928571	1069.857143
1029.888889	1069.277778
715.4444444	1072.925926
1025.619048	1074.285714
1038.238095	1072.952381
1412.5	1072.5
1353.133333	1072.533333
1205.25	1074.25
585.0416667	1075.291667
626.1176471	1075.588235
630.5454545	1074.363636
409.7948718	1075.025641
404.56	1078.24
627.4074074	1079.222222
915.0789474	1081.026316
919.6333333	1079.2
588.2424242	1079.121212
585.7692308	1083.5
400.452381	1084.261905
590.75	1084.4
705	1083.692308
921.0454545	1084.454545
582.5769231	1089.961538
1263.588235	1088.882353
1400.909091	1089.090909
332.5	1090.5
591.3636364	1093.136364
594.9215686	1095.098039
996.1176471	1093.588235
1181.6875	1094.1875
603.5	1099.504132
675.6444444	1095.688889
434.05	1097.6
657.8461538	1097.769231
1048.375	1097.375
338.7777778	1097.5
511.0740741	1099.407407
612.0925926	1100.222222
608.4848485	1104
511.3846154	1104.384615
672.4571429	1104.6
946.2666667	1106.2
448.8	1109.5
608.6595745	1111.617021
391	1110.5
340.7346939	1111.530612
938.9615385	1112.884615
416.7	1116.133333
444.1219512	1117.317073
587.3513514	1115.675676
393.25	1117.28125
925.6363636	1116.909091
386.9615385	1118.115385
382.6	1120.45
400.1818182	1119.636364
409.3442623	1120.409836
587.05	1121.75
1201.5	1122.5
442	1124.259259
1143.428571	1123.02381
403.3823529	1124.970588
563.5	1126.714286
1298.25	1125.55
400.8823529	1129.470588
467.52	1131.24
1424.125	1132.125
437.7368421	1132.789474
816.6153846	1133.615385
434.9655172	1136.241379
821.25	1136.333333
1419.555556	1136.527778
430.3928571	1139.035714
395.5	1140.2
832.9	1141.333333
433.4285714	1143.321429
825.1666667	1141.875
837.875	1143.125
466.75	1145.916667
822.7857143	1146.357143
842.5217391	1145.086957
466	1150
501.125	1149.625
1027.692308	1149.230769
964.1176471	1150.411765
349.2173913	1156.521739
270.3636364	1159.909091
343.4571429	1159.657143
335.4545455	1159.818182
338.2857143	1167.057143
852.1578947	1172.157895
1100.107143	1171.821429
423.1086957	1174.913043
323	1176.5
1425.237288	1177.254237
341.3333333	1178.111111
337.1428571	1179.428571
420.6666667	1180.037037
485.8181818	1180.181818
326.5	1181.2
331.7857143	1181.285714
1106.055556	1180.666667
1103.266667	1182.466667
419.3846154	1184.384615
1037.1875	1183.6875
1404.266667	1186.966667
280.875	1187.875
1100.903226	1187.774194
1106.886364	1187.636364
453.4285714	1188.607143
1105.302326	1192.744186
1424.2	1190.5
413.4285714	1192.857143
456.25	1193.75
1309.642857	1194.357143
459.6666667	1195.222222
411.4736842	1197.842105
1098.5	1196.5
1306.0625	1197.875
447.48	1199
359.5555556	1201.555556
804.7222222	1200.833333
475	1202.5
1155.466667	1206.233333
608.25	1207.225
474.6875	1207.125
404	1209
502.3333333	1210.8
471.5217391	1210.869565
756.8965517	1211.310345
501.1538462	1214.615385
620.6666667	1213.888889
634.8	1214
395.3928571	1214.892857
603.8636364	1214.954545
465.0625	1216.3125
878.2	1216.5
741.1904762	1220.285714
1398.607143	1218.821429
339.7575758	1218.666667
375.173913	1223.086957
743.1875	1225.5625
1381.958333	1226.375
518.2	1227.5
573.7142857	1229.5
1019.285714	1231.333333
1379.857143	1231.071429
1386	1230.875
340.5	1232.285714
744.2631579	1231.368421
1310.384615	1232.615385
513.6382979	1232.191489
578.3888889	1234.222222
977.6363636	1233.909091
569.6333333	1235.366667
1381.35	1235.4
1314.2	1237.15
494.375	1239.28125
516.3157895	1244.421053
1359.653846	1244.192308
1205.472727	1245.8
1379.236364	1244.581818
514.8666667	1249.533333
1364.272727	1249.636364
476.6	1251.033333
1368	1251.117647
981.0277778	1252.652778
974.9354839	1252.741935
1338.142857	1256.142857
976.3636364	1258
548.8076923	1259.384615
973.25	1262.138889
809.25	1265.75
544.8	1267.5
579.2307692	1267.5
436.6666667	1272.933333
453.2	1272.666667
440.3333333	1274.111111
456.2222222	1274.444444
450.6153846	1275.615385
287.0833333	1276.083333
447	1279.463415
529.2857143	1282.122449
1185.5	1281
400.6	1282.6
439.8235294	1283.235294
432.3548387	1284.645161
420.9583333	1287.041667
426.05	1287.2
412.8571429	1290.47619
416.3870968	1288.903226
1347.842105	1290.157895
402.1875	1294.208333
408.5333333	1291.866667
325.5	1293
412.2941176	1294.058824
607.1666667	1293.444444
406.5833333	1295.25
517.5	1298.285714
609.6153846	1298.384615
1132.848485	1299.969697
472	1301.727273
1127.606061	1302.818182
295	1314
1187.272727	1313.5
493.5263158	1317.157895
468.2	1318
1294.5	1317.8
1016.3	1320.3
490.2068966	1322.206897
795.2173913	1321.782609
485.1333333	1323.511111
459.2173913	1326.217391
776.7	1327.3
462.7272727	1328.272727
479.245614	1330.614035
694.3	1329.4
323.5384615	1331.846154
1293.5	1332
691.6166667	1335.05
1032.133333	1335.866667
478.1111111	1337.333333
698.6	1337.8
695.7894737	1340.421053
330.0909091	1347.363636
1300	1347.333333
1191.333333	1348.611111
1187.352941	1349.764706
698.90625	1352
1343.615385	1353.384615
1349.911765	1354.705882
1202.463415	1356.756098
1144.952381	1359.714286
1281.5	1363.5
284.7916667	1364.041667
284.0666667	1368.133333
965.4594595	1368.621622
939.5	1371.5
683.5	1373.444444
286.9285714	1374.142857
886.4857143	1375.371429
1334.25	1373.964286
291.3461538	1375.769231
971.5	1375.5
1338.875	1377.875
1334.05	1378.15
1132.111111	1381.666667
685.875	1383.125
399	1385.2
968.9333333	1386.266667
543	1386.5
1156.066667	1388.6
848.6764706	1390.058824
970.0384615	1391.692308
401.8823529	1393.411765
688.2272727	1393.909091
1142.830986	1394
465.05	1394.25
546.5263158	1394.263158
1115.363636	1396.393939
1159.411765	1395.882353
218.5	1396.714286
972	1397
1123.073171	1397.585366
1192.869565	1396.565217
548.9032258	1398.612903
205.125	1399.125
688.8125	1401.3125
914.8636364	1400.818182
1128.333333	1401.666667
1131.473684	1403.368421
1170.285714	1403.5
740.4210526	1404.578947
1143.945455	1403
1136.892857	1405.464286
898.3636364	1406.090909
1300.5	1405.7
929	1408.363636
689.9444444	1408.777778
753.2666667	1409
692.2083333	1415.25
430.0454545	1416.045455
432.6785714	1420.178571
936.1818182	1421.5
1198.517241	1422.37931
1204.636364	1423.212121
944.2597403	1425.662338
951.5625	1427.25
644.4375	1428.75
937.54	1428.54
380.75	1429.25
1198.886364	1430.318182
1205.526316	1433.236842
416.8888889	1432.666667
939.9473684	1434.947368
944.6363636	1435.090909
1115.5	1435.5
1188.491228	1435.263158
788.3636364	1435.909091
440.7910448	1438.238806
1190.705882	1440.705882
1194.291667	1439.791667
784.1803279	1440.721311
789.7368421	1440.368421
983	1444
1121.648649	1444
786.9	1447.25
791	1445.75
994.6315789	1444.526316
925.3571429	1448.785714
949.44	1453.04
994.6060606	1453.393939
493.5555556	1454.333333
913.5625	1453.6875
956.3333333	1453.916667
946.5	1455
941.8333333	1458.166667
934.5	1459.5
966.5	1463
866.7027027	1464.081081
938.15	1463.75
947.4842105	1465.4
955	1465
724.7894737	1465.631579
931.5882353	1466.882353
1002.304348	1466.543478
960.8375	1467.95
993.826087	1468.217391
936.9545455	1468.090909
379.95	1470.25
597.5652174	1471.173913
955.3589744	1472.435897
971.8888889	1473.333333
1002.481481	1473.024691
986.3333333	1474.404762
968.5789474	1476.210526
978.4444444	1475.222222
1146.5	1475.5
487.6666667	1475.875
800.9666667	1477.1
929.2857143	1474.885714
964.6923077	1475.769231
1009.133333	1476.466667
960.5531915	1478.617021
972.9375	1477.3125
990.2424242	1478.787879
981.7058824	1479.941176
1016.92	1480.44
606.7894737	1480.947368
952.0533333	1477.52
298.0909091	1483.363636
974.8888889	1482.666667
952.8148148	1486.259259
1185.736842	1486.473684
299.5294118	1487.352941
988	1486.5
1157.327869	1488.721311
1167.733333	1488.6
984.59375	1489.5625
1179.25641	1489.897436
1003.2	1490.633333
974.4074074	1492.074074
431.375	1492.791667
987.7333333	1493.333333
1212.615385	1493.384615
951.32	1494.04
1000	1495.625
428.2857143	1498.5
907.2857143	1498.5
1169.758621	1502.344828
1163.086957	1504.173913
1187	1505.5
655.1111111	1509.333333
579.3	1511.1
929.4230769	1514.769231
602.76	1519.28
601.4444444	1523.777778
245	1528.157895
259.6363636	1531.090909
695.2857143	1531.5
248.5833333	1531.75
253.6521739	1532.478261
261.3684211	1536
955.8148148	1536.185185
1011.5	1540.8
1140.7	1541.9
1240.111111	1544.444444
328.875	1550.125
1237.095238	1563.333333
925.0909091	1570.045455
932.2352941	1569.823529
214.3636364	1571.454545
1152.529412	1573
1142.296296	1574.037037
1148.733333	1574.066667
1216.45	1577.1
1208.318182	1578.045455
136.2666667	1578.933333
990.8636364	1579.863636
215.125	1582.8125
158.1666667	1583.375
802.3	1586.3
155.7777778	1587.666667
285.4117647	1591.117647
153.2352941	1591.882353
147.5	1597.714286
875.5	1598.5
1223.56	1599.76
311.9166667	1605.666667
1225.875	1606.125
1097.5	1608.5
1228.909091	1610.045455
1068.705882	1611.117647
1009.444444	1612.666667
657.6875	1616.5625
453.4117647	1617.882353
597.24	1619.04
656.5384615	1619.538462
111.68	1620.44
1202.111111	1622.333333
934	1626.5
669.3333333	1633.208333
874.8421053	1633.736842
935.53125	1634.234375
1001.083333	1634.833333
1004.176471	1635.352941
879.6923077	1639
669.40625	1640.078125
490.0909091	1641.363636
493.9375	1642.3125
633.9423077	1643.173077
1042.617647	1645.794118
988.1	1650.95
144.8461538	1653.346154
1234.5	1652.5
220.7	1653.4
189.4444444	1654.888889
1035.459459	1655.054054
961.9090909	1657.363636
1234.714286	1658.547619
166.5384615	1659.692308
899.1304348	1660.608696
160.6	1661.24
145.5714286	1661.785714
152.5681818	1662.704545
147.3846154	1665.384615
1162.625	1669.5625
908.8965517	1669.413793
1121.5625	1671.375
1168.673469	1671.326531
771.5	1673
494.6428571	1674.785714
347.625	1688.75
776.6111111	1689.5
348.9166667	1691.333333
784.8070175	1694.192982
302.6666667	1693.555556
1193.522727	1693.795455
1200.725	1695.4
637.75	1696.4375
1207.625	1695.916667
151.7777778	1696.722222
165.0714286	1696.428571
484.7058824	1696.705882
157.5	1698.363636
1138.8	1698.92
639.1	1699.8
997	1699.5
790.15	1701.05
979.5	1703.2
991.2790698	1702.302326
785.5	1704
708.9230769	1705.538462
973.5	1708.5
410.5833333	1710.75
1248.642857	1710.964286
136.24	1712.66
497.3684211	1718.210526
401.4347826	1718.971014
395.8888889	1722.288889
623.0425532	1719.12766
402.7419355	1726.064516
499.6	1722.2
980.5	1724.5
310	1725.833333
399.5454545	1727.454545
1101.428571	1728.285714
937.4117647	1730.352941
826.9166667	1732.25
428.7857143	1732.642857
1253.5	1733.583333
1001.833333	1734.041667
1061.615385	1735.384615
932.3846154	1737.230769
315.78125	1738.71875
935.6808511	1738.680851
940.8448276	1738.551724
1002.9	1739.05
119.6	1740.066667
199	1741
114.9333333	1741.6
1064.415094	1742.981132
452.5	1744.285714
650	1747.5
1122.285714	1748.309524
1128.470588	1748.117647
1134.172414	1748
161.125	1749.125
164.5789474	1748.894737
310.1818182	1751
467.5	1751.5
498	1763.5
1030.018868	1763.867925
318.6333333	1769.633333
621.8571429	1770.642857
314.5882353	1773.117647
505.5	1774.222222
533.875	1774.125
204.3636364	1775.090909
1062.76	1776.24
917.2352941	1783.764706
511.6170213	1783.276596
874.4117647	1786.882353
850.9411765	1789.647059
853.8	1787.933333
857.2352941	1789.117647
251.75	1788.625
513.8139535	1789.813953
253.2	1791.8
858.8	1792.92
862.3636364	1791.318182
878.7066667	1795.406667
1224.384615	1793.230769
507.5517241	1794.586207
1228.88	1795.44
384.6521739	1796.608696
791.8064516	1796.967742
797.0740741	1798.444444
1265	1798
390.1	1799.266667
792.6363636	1801.909091
508.7619048	1802.047619
388.8148148	1804.148148
418.5	1805.5
507.6129032	1807.258065
1254.56	1807.36
795.5142857	1807.714286
505.9117647	1812.352941
1047.1	1810.5
792.1538462	1813.480769
797.6	1812.35
420.44	1812.68
725.5555556	1812.666667
635.5	1813.5
343	1818.142857
635.5	1817.25
434.7105263	1821.447368
440.3492063	1820.428571
712.5142857	1821.571429
1268.15	1822.55
634.6875	1824.0625
425.7692308	1824.423077
768.875	1825.125
851.3333333	1824.916667
430.40625	1826.21875
771	1827.454545
346.4574468	1825.776596
251.5	1828.5
456.9166667	1828.75
1139.5	1828.5
1271.12	1828.92
345.9389313	1835.419847
426.9310345	1830.37931
852.6969697	1829.515152
1275.413793	1830.482759
1278.933333	1831.266667
158.3272727	1832.854545
259.3333333	1833.083333
340	1832.85
853.7142857	1834
1093	1834
256.6363636	1835.545455
758.4090909	1834.772727
856.1666667	1837.5
1243.888889	1839.333333
857.8636364	1840.545455
1262	1843.384615
1255.8	1842.966667
1249.023256	1844.44186
858.9655172	1846
1102.043478	1845.826087
1122.1	1846.1
1184.606061	1849.030303
41.60714286	1850.142857
204.2941176	1850.705882
1104.5	1851.5
1190.28125	1852.1875
1195.5	1852
1034.666667	1853.111111
655.0555556	1856.555556
649.55	1857.075
1130.5	1859.5
553.6153846	1861.384615
862.7142857	1862.25
644	1863.5
1145.333333	1863.125
111.8666667	1864.4
103.7142857	1866.171429
1027	1868.5
1142.384615	1868.615385
1023.05	1870.2
984.0909091	1875.090909
1113.375	1875.125
49.90909091	1876.909091
362.1034483	1878.827586
346.5	1880.285714
343.75	1881.375
884.1538462	1881.076923
1053.190476	1880.857143
528.5	1881.5
889.4761905	1881.619048
1284.733333	1888.666667
857.6153846	1890.384615
223.7368421	1892.245614
32.6	1894.3
591.2307692	1893.769231
1232.774194	1894
29.11764706	1896.411765
221.6153846	1896.769231
218.6470588	1898.058824
1019.653846	1898.346154
1215.277778	1898.361111
722.9333333	1900.733333
1210.565217	1901.695652
1224.277778	1901.333333
1243.5	1902.5
1165.636364	1902.863636
79.21875	1903.90625
1205.266667	1904.033333
72.17391304	1904.608696
753.6	1905.6
891.3636364	1904.909091
1179.88	1905.44
1199	1905.368421
26.25	1906.8125
726.8571429	1905.836735
1162.608696	1906.413043
1213.740741	1905.518519
122.92	1907.64
750.3636364	1907.545455
1190.5	1906.633333
131.5522388	1908.104478
1022.615385	1908.384615
445.2307692	1909.384615
1032.117647	1910.117647
1257.515152	1909.575758
443.1666667	1912.5
1075.157895	1912.315789
1104.582418	1913.021978
536.4761905	1913.285714
900	1915
448.9622642	1915.396226
705.5	1916
198.24	1917.32
1109.577778	1918.688889
1087.416667	1918.444444
201.7017544	1922.140351
446.1818182	1920.909091
1103.068966	1921.689655
1107.583333	1923.083333
527.0645161	1925.419355
448.8181818	1927.181818
454.75	1927.5
516.5925926	1926.925926
531.78125	1926.75
499.24	1930.84
504.8421053	1931.394737
454.7037037	1932.074074
1083.954545	1931.909091
102.3333333	1932.633333
1087.619048	1935.095238
98.07142857	1935.142857
499.1538462	1935.564103
1071.973684	1934.552632
1076.461538	1935.846154
92.44736842	1936.184211
380.5	1936.90625
563.8	1937
1067.588235	1936.617647
1140.4	1938.2
90.90909091	1939.272727
1063.592593	1939.950617
87.39130435	1940
1021.615385	1940.384615
1071.9375	1940.875
1076.26087	1940.391304
1083.463415	1940.268293
922	1942
84.625	1942.833333
78.78723404	1945.765957
577.8571429	1944.238095
1051.933333	1942.966667
1061	1944.2
553.7142857	1944.952381
548.3684211	1945.526316
590.125	1946.125
1057.139535	1944.372093
1083.785714	1945.642857
556.3846154	1948.923077
1047.875	1948.125
1066.917808	1947.726027
892.695122	1949.597561
1103.375	1949.75
71.48484848	1951.121212
1053.408163	1950.326531
1060.019231	1952.653846
1070.44	1952.8
1046.333333	1952.916667
32.4	1954.8
1066.368421	1954.684211
28	1957.2
876	1958.666667
1212	1958.416667
1080.267606	1961.323944
1199.615385	1960.692308
1218.727273	1960.515152
1229.111111	1961.088889
1130.733333	1964.466667
1137	1964.846154
1190.9	1966.05
1105.125	1967.875
1035.969697	1967.727273
477.2941176	1969.588235
716	1972.153846
720.3846154	1971.615385
829.1428571	1970.857143
833.5	1974.142857
853.5454545	1977.181818
1053.3125	1977.9375
760.7	1979.4
757.9375	1984.375
722.2790698	1983.534884
904.1578947	1985.842105
306.6818182	1987.409091
368.1904762	1988.142857
718.6551724	1990
368	1992
724.1518987	1991.392405
1250.5	1995.5
727.9310345	1996.724138
722.6904762	1998.952381
850	1996.925926
854	1997
1242.230769	1996.384615
1045.368421	1996.684211
1244.058824	1999.235294
696.5384615	2000.153846
273.0243902	2001.317073
895.6875	2000.5
1247.666667	2001.208333
276.0588235	2004.352941
686.1176471	2005.588235
921.5	2008.5
1021.636364	2008.090909
1080.26087	2009.086957
891.4642857	2009
220.5555556	2014.111111
1121.642857	2015.857143
394.1428571	2018.071429
1132.967742	2016.419355
1127.586207	2019.068966
222	2019.8
1116.818182	2020.590909
396.5	2021.5
862.5833333	2024.708333
345.025641	2025.897436
347.0408163	2031.326531
867	2030
829.1764706	2032.058824
331.625	2032.75
99.7	2033.65
81.5	2035.5
108.8157895	2035.026316
864.5428571	2034.6
812.5	2037
229.0625	2037.554688
327.2	2038.5
75.8	2039.5
333.7894737	2041.052632
502.6363636	2040.909091
770.65625	2040.34375
828.2857143	2041.214286
306.875	2042.125
781.5185185	2041.37037
1006	2042.88
250.3809524	2042.571429
512.4545455	2042.636364
67.78571429	2043.821429
221.7777778	2042.666667
688.09375	2044.875
830.7021277	2046.553191
359.0416667	2047.486111
312.8947368	2047.315789
328.3066667	2048.546667
351.2	2048.266667
223.2941176	2049.823529
243.5	2051.5
311.3809524	2051.095238
319.625	2050.75
979.875	2051.083333
329.8421053	2052.578947
359.2985075	2052.940299
1275.46875	2050.96875
736.9230769	2052.692308
305.1157895	2055.294737
1068.555556	2054.444444
231.2571429	2056.942857
219.8536585	2056.97561
237.5757576	2056.30303
250.4626866	2058.641791
255.8666667	2058.333333
900.5	2056.8
184.2380952	2057.952381
192.7222222	2057.611111
1278.375	2057.875
581.0833333	2059.083333
1071.535714	2059.071429
1270.064516	2058.935484
576.6363636	2059.909091
224.7605634	2060
234.6111111	2060.5
295.2	2060.866667
245.6734694	2060.959184
288.8928571	2061.321429
329.0857143	2059.9
416.25	2061.75
1277.860465	2061.697674
231.6666667	2063.208333
318.7333333	2063.8
1076	2062.666667
1267.035714	2063.035714
239.3409091	2062.477273
284.030303	2063.242424
244.2272727	2065.454545
256.5555556	2064
279.72	2065.64
1290.181818	2065.409091
230.952381	2067.238095
968.3846154	2066.615385
1000.65	2065.1
225.46875	2067.21875
363.5	2067.5
476.8823529	2066.764706
502.0909091	2066.636364
235.84	2067.6
218.6122449	2069.571429
870.2272727	2068.909091
1225.818182	2069
250.1311475	2069.901639
839.4242424	2070.424242
240.8	2070.46
493.3636364	2070.636364
489.6363636	2072.090909
256.0909091	2074.681818
223.7727273	2076.272727
381.375	2078.5
503.3333333	2077.933333
967.6111111	2078.444444
1119.086957	2080.304348
876.2307692	2081.846154
954.6666667	2082.083333
464.5789474	2082.421053
496.25	2083.833333
501.3461538	2083.519231
1121.388889	2087.277778
214.9333333	2088.4
800.6363636	2088.090909
66.5	2089.5
252.3428571	2087.857143
1179	2089
271.0526316	2091.026316
324.5	2089.5
501.3	2089.7
1041.545455	2090.136364
248.55	2091.1
242.8103448	2091.689655
801.2727273	2091.681818
66.7	2094.3
240.0425532	2096.93617
373.4210526	2098.105263
67.51724138	2099.62069
155.7142857	2099.5
159.7777778	2099.5
270.5	2099.5
902.6222222	2099.244444
105.2857143	2100.5
899.1142857	2101.542857
101.875	2103.1875
313	2102.714286
635.2	2104.2
220.1666667	2105.083333
384.1578947	2105.263158
375.8333333	2106.055556
473.56	2104.94
228.3181818	2107.090909
326.4189189	2104.135135
332.1176471	2108.411765
379.1333333	2110.516667
468.9473684	2108.894737
401.1764706	2110.941176
442.9444444	2110.111111
395.9285714	2113.357143
438.5555556	2112.268519
373.6363636	2115.090909
405.7692308	2114.423077
414.1176471	2116.803922
442.137931	2118.310345
446.9090909	2115.878788
1054.315789	2117.157895
304.8695652	2118.217391
422.125	2118.125
376.7647059	2126.058824
1235.277778	2127.611111
506.1818182	2130.454545
339.2352941	2131.333333
994.3333333	2132.393939
1260	2134.153846
503.1944444	2134.305556
1269.034483	2137.896552
501.8032787	2139.885246
747.5882353	2140.117647
514.6	2141.6
281.5263158	2143.815789
197.0277778	2144.5
270.8	2145.5
362.0212766	2148.12766
349.9	2149.5
1166.478261	2150.347826
431.4	2151.085714
1137.333333	2151.25
355.2820513	2151.179487
648.1285714	2152.571429
974.0625	2152.25
482.6666667	2153.666667
1232.8	2156.5
1244.5625	2156.8125
648.7111111	2159.844444
237.24	2159.04
906.5	2159.5
450	2163.647059
1199.75	2164.291667
646.0666667	2166.466667
239.6760563	2168.239437
422.6	2165.88
649	2169.518519
300.1578947	2170.736842
539	2171
1232.75	2172.416667
240.9444444	2175.083333
653.0416667	2173
178.1111111	2176.111111
1274.5	2175.5
1143.615385	2177.384615
237.5263158	2178.947368
647.6190476	2178.52381
86.36	2183.32
182.9636364	2184.036364
180.4166667	2187.833333
191.9680851	2188.606383
504.0666667	2188.333333
176.9090909	2189.909091
1021.3125	2189.625
1193.078947	2187.684211
619.4418605	2190.162791
1197.744186	2191.27907
626.2330097	2193.834951
1222.038462	2193.115385
1268.5625	2193.25
598.2857143	2196
617.6216216	2196.648649
845.8235294	2198.823529
1271.344828	2199.344828
585.2	2200.1
608.3783784	2199.891892
600.5	2201.75
264.3125	2203.03125
609.6833333	2205.2
138.92	2203.36
947.84	2205.04
134.2	2206.28
305.4090909	2205.409091
721	2206.5
119	2208.416667
130.3636364	2208.454545
124.2884615	2210.769231
614.5	2210.176471
606.6666667	2211.222222
623.3636364	2209.927273
118.25	2214.375
448.6875	2214.1875
508.3939394	2216.909091
445.5714286	2218.321429
513.2727273	2218.590909
275.5	2219.5
741.8181818	2219.181818
644.5217391	2220.26087
633.9411765	2221.647059
732.8809524	2221.166667
738.0869565	2221
786	2221.5
728.8461538	2222
629.68	2223.04
734.1176471	2226.647059
739.8333333	2225.166667
277.7313433	2227.358209
724.2777778	2226.694444
730.4680851	2228.276596
915.5	2226.285714
986.8636364	2229.636364
636.037037	2230.166667
728.0434783	2230.782609
740.3333333	2230.174603
236.3555556	2230.244444
616.6666667	2232.888889
729.6422764	2238.203252
183.5	2235.5
740.7042254	2236.098592
707.9230769	2237.692308
737.5590551	2247.330709
595.125	2240.875
712.25	2241.75
1206.5	2241.285714
491.952381	2242.190476
1252.84	2241.96
838.3333333	2244.307692
707.3076923	2244.961538
726.7391304	2242.826087
965	2246
861.3636364	2247.909091
728.5	2248.984848
247.3846154	2248.897436
404.2222222	2249.611111
410.85	2251.6
495.5769231	2253.064103
861.5	2252.214286
409.3783784	2254.756757
489.6666667	2260.412698
218.2222222	2262.611111
485.1860465	2265.232558
925.6666667	2265.416667
1212.068182	2264.568182
795.125	2265.875
262.1818182	2267.181818
210.1818182	2268.636364
1245.382353	2270.441176
851.4285714	2272.571429
1277.4	2271.685714
514.5882353	2273.117647
1168.875	2274.125
1253.584906	2272.981132
802	2275.5
517.1641791	2279.537313
1172.652174	2280.173913
467.5	2283
431.4102564	2284.282051
1063.722222	2285.388889
427	2287.809524
838.0909091	2286.636364
491.2121212	2288.939394
375.8823529	2296.058824
1016.363636	2297
276.6153846	2298.384615
497.5833333	2298.083333
1022.7	2297.7
913	2301.5
1241.571429	2300.428571
1247.68	2301.44
1278.217391	2301.673913
1132.129032	2304.032258
326	2304.116279
1171.818182	2305.454545
1267.5	2304.5
1014.923077	2307.846154
433.2857143	2309.5
1010.472222	2310.972222
1267.5	2318.230769
313.4285714	2320.380952
95.15384615	2322.076923
583.2666667	2322.333333
586.9473684	2323.368421
1234.583333	2325.25
1239.45	2325.35
286.2619048	2328.02381
593.5762712	2326.983051
298.15625	2328.1875
1110.679245	2328.207547
310.4375	2329.625
188.5882353	2331.882353
425.7297297	2333.27027
926.0666667	2333.066667
273.125	2333.875
569.4693878	2334.673469
819.8888889	2334.111111
883.5	2334
1117.098361	2335.754098
1202	2335.02439
822.0666667	2337
1238.746269	2336.686567
553.8888889	2337.666667
726.8611111	2339.805556
885.25	2339.5
276.2857143	2341.428571
1230.871795	2341
753	2343.5
863.56	2342.92
1099.142857	2345.52381
246.6315789	2346.157895
990	2347.307692
1137.428571	2347.380952
1103.565217	2349
1272.444444	2348.472222
541.2727273	2351.090909
990.5	2351
551.8695652	2351.188406
176.1785714	2352.785714
1271.513514	2354.189189
355.5	2355.5
1002.238095	2355.380952
554.6935484	2357.33871
96.58823529	2355.098039
580	2358.333333
602.6153846	2357.615385
1157.117647	2358.588235
610.6585366	2360.02439
908.2105263	2360.052632
1268.875	2359.5625
159.2758621	2361.172414
597.8181818	2361.212121
502.7222222	2362.5
100.2727273	2362.590909
544.9333333	2364.488889
1034.928571	2363.285714
603.1052632	2364.210526
1158.588235	2363.294118
155.2857143	2365.285714
540.5	2365.666667
938.4117647	2364.882353
608.703125	2367.046875
628.0666667	2366.8
146.8333333	2369.083333
598.9166667	2369.166667
878.8571429	2368.714286
141.1304348	2370.434783
601.9722222	2371.861111
116.6111111	2372.777778
876.5909091	2373.227273
886.125	2373.125
189.125	2373.791667
865	2376.5
1136.324324	2377.540541
1262.882353	2378.117647
886.1052632	2377.263158
1198.5	2377.5
873.65625	2378.03125
432.2777778	2381.166667
775.5714286	2382.142857
871.2631579	2383.447368
1240.909091	2381
640.2592593	2382.481481
186.4615385	2384.153846
251.7222222	2386.111111
1251.909091	2385.363636
1257.8125	2385
182.8695652	2388.869565
581.0909091	2389.636364
856.6216216	2391.459459
253.4285714	2391.619048
868.6774194	2390.483871
1245.666667	2390.8
688.0625	2395.3125
865.3	2395.8
1246	2395.958333
857.5789474	2397.105263
576.5	2397.833333
864.0714286	2398.642857
882.7692308	2400.307692
1238.873016	2400.047619
861.5517241	2400.586207
858.8196721	2406.42623
134.125	2405.875
567.4166667	2406.916667
441.3571429	2406.785714
810.8421053	2407.157895
918.4230769	2406.538462
853.4166667	2408.125
130.7083333	2409.125
823.3157895	2409.263158
913.7142857	2408.761905
760.4210526	2410.105263
910.25	2409.75
843.3	2411.6
103.6666667	2412.025641
1227.259259	2411.740741
952.95	2414.1
652.5	2415.607143
909.625	2415.916667
457.2142857	2416.428571
1032.888889	2416.666667
1138.757576	2416.30303
820.6153846	2416.384615
852.8181818	2418.454545
877.6666667	2419.111111
1223.105263	2418.947368
452.8444444	2421.044444
1160.034483	2420.758621
850.7619048	2422.571429
457.1	2423.5
1165.052632	2423.052632
103.6551724	2422.896552
742.1875	2423.5
684.5555556	2425.777778
1037.333333	2424.393939
958.125	2426.125
1169.225806	2426.258065
296	2427.5
503.1818182	2427
104.5	2429.285714
743.875	2429
383.0434783	2429.608696
643.4	2429.6
700.8	2429.7
849.9459459	2428.459459
504.1578947	2431.842105
383.6428571	2434.357143
700.7142857	2435.5
847.0555556	2435.388889
790.6086957	2437.086957
300.4310345	2441.034483
820.4285714	2438.942857
1119.473684	2439.289474
379.125	2439.875
1230.16129	2439.548387
646.9166667	2441.416667
680.8055556	2442
1213.5	2443
1227.225806	2442.096774
909.875	2444.3125
152.1290323	2445.225806
650.1147541	2448.868852
1218.829268	2445.439024
379.0666667	2447.133333
802.4117647	2446.882353
1224.893939	2447.742424
657.0529801	2449.470199
1212.012346	2451.271605
149.1538462	2450.461538
645.6451613	2452.419355
662.5	2453.090909
673.9	2450.94
1226.814815	2452.222222
291.7317073	2453.902439
669.2307692	2454.384615
147.75	2454.333333
1230.470588	2453.529412
144.3	2456.2
803.6666667	2455.866667
1216.666667	2455.589744
1222.7	2454.466667
131.5	2458
1180.111111	2458.666667
113.7857143	2459.285714
647.4102564	2458.717949
718	2459.5
1206.26087	2458.304348
655.147541	2460.52459
138.96875	2460.1875
667.8387097	2461.741935
1218.953488	2460.697674
199.3703704	2462
1214.086957	2461.434783
647.65625	2463.9375
917.3846154	2463.615385
1179.179487	2462.564103
118.0344828	2464.241379
658.05	2465.1
608.8461538	2467
114.1428571	2466.326531
123.3846154	2467.846154
668.4	2467.966667
129.3809524	2468.571429
198.2631579	2468.631579
655.097561	2467.97561
662.9189189	2468.432432
917	2468.8
803.2222222	2470.407407
1207.7	2469.8
196.5	2472.2
882.2105263	2471.210526
1113.090909	2471.590909
192.125	2474.03125
202.7096774	2473
737.52	2474.72
783.2222222	2475.5
1116.086957	2476.956522
352.2666667	2479.666667
696.8461538	2479.384615
1194.548387	2479
140.7142857	2480.5
844.5	2482
1064.857143	2482.071429
699.5405405	2488.243243
1104.722222	2487.333333
1190.5625	2485.9375
137.2727273	2489.151515
1180.09375	2492.90625
755.24	2494.6
293.3846154	2500.384615
777.2777778	2504.388889
958.25	2504.333333
962.1176471	2505.823529
966.3076923	2507.307692
972.3703704	2508.444444
1170.833333	2509.166667
770.0454545	2511.090909
816.3	2512.3
267.5	2513.2
719.5925926	2512.925926
286	2514.454545
980.5	2514.5
1146.5	2515.5
1110	2515.892857
562.5	2523.7
625.6	2523.542857
1042	2525.093023
1083.153846	2525.653846
202.375	2526.208333
629.125	2526.875
559.3611111	2530.277778
598.1969697	2531.136364
632.0952381	2529.428571
908.1612903	2529.354839
591.1639344	2529.540984
594.0697674	2538.465116
1086.694444	2532.305556
199	2533.135135
195.04	2535.8
191.125	2537.75
751.5	2538.5
864.5384615	2540.333333
835.5	2541
386.5	2542.2
1067.538462	2543.153846
556.0625	2544.15625
837.6923077	2545.076923
755.1944444	2547.194444
1128.388889	2545.555556
1074.75	2549.333333
554.2894737	2552.289474
756.6363636	2551.909091
432.4285714	2553.285714
545.5882353	2554.117647
550.1538462	2554.884615
568.6666667	2553.222222
933.21875	2555.15625
547.6	2558.266667
561.8108108	2559.675676
559.1176471	2564.382353
1091.222222	2562.555556
890	2565
584.2592593	2568.777778
576	2571.5
565.8181818	2573.590909
404.6666667	2573.916667
579.575	2579.55
585.45	2581.525
789.6666667	2583.111111
856.8	2582.5
990.5882353	2582.882353
1047.105263	2587.649123
850.2222222	2599.5
636.5	2614.2
632.2777778	2616.166667
787.3809524	2617.52381
934.2857143	2622.142857
274.7272727	2625.454545
936.2	2626.3
806.8235294	2629.941176
510.5454545	2638.636364
998.125	2645.875
558.8095238	2657.571429
629.16	2655.04
514.5166667	2654.9
528.3333333	2656.888889
512.6296296	2660.91358
523.5	2661.375
508.9350649	2666.623377
514.7	2670.85
1014	2671.5
480.4333333	2674.433333
512.7333333	2673.8
1010.5	2677
603.8095238	2679.857143
214.2142857	2688.357143
500.9469697	2687.189394
493.516129	2688.354839
602.15	2688.15
223.3076923	2691.076923
495.25	2691.875
473	2694.5
546	2697
641.7142857	2700.5
644.9090909	2700.636364
246.1176471	2706.529412
931.5	2709.5
925.1052632	2711.578947
955.5	2711
485.95	2714
920.3636364	2714.318182
640.9545455	2715.318182
528.5789474	2723.894737
537.7307692	2723.692308
616.8	2724.5
209.8666667	2724.333333
211.375	2728.125
534.3333333	2729.266667
566.6949153	2729.576271
562.4871795	2735.897436
568.2	2735.5
383.3125	2737.125
559.1818182	2737.545455
911.0454545	2738.090909
1059.462963	2738.12963
265.3529412	2740.529412
507	2742
562.703125	2741.796875
558.1875	2745.6875
561.5	2748.115385
663.6	2747.4
392	2750.142857
386.8275862	2751.862069
229.6	2752.4
569.4	2753.35
391.6190476	2754.52381
903.1304348	2754.217391
1027.5	2753.777778
943.2368421	2761.5
454.1538462	2763.871795
246.6296296	2764
918.48	2764.48
1014.588235	2765.882353
495.8636364	2768
451.5454545	2769.818182
817.3076923	2773.076923
449.6363636	2774.5
649.1290323	2779.322581
661.3636364	2780
447.5	2781
828.3913043	2781.782609
223.625	2782.8125
645.4285714	2782.571429
280.0967742	2785.129032
445.3947368	2788
345.2105263	2789.947368
617.0434783	2791.652174
483.3793103	2791.344828
984.1578947	2792.157895
396.5	2795.5
930	2795.5
937.6	2795.4
982.1428571	2795.428571
941.5	2796
443.6428571	2800.928571
625.35	2801.3
657.2352941	2802.352941
902.3809524	2801.714286
946.6	2803.5
907.7714286	2804.171429
343.195122	2803.804878
401.1333333	2806.533333
648.875	2807.125
904.0357143	2806.928571
627	2810.375
401.8947368	2812.421053
649.8965517	2812.793103
841.2857143	2812.5
1045.575758	2812.424242
1051	2812.5
853.3	2816.9
622.125	2817.875
538.6756757	2819.648649
671.4545455	2818.795455
905.6	2818.85
1001.9	2819.05
844.6666667	2821.916667
536.9714286	2825.885714
902	2826.642857
974.1578947	2826.578947
1089.5	2826.714286
983.6666667	2828.833333
906.5555556	2830.111111
978.4444444	2830.333333
1088.818182	2830.681818
533.1428571	2831.761905
888.4	2832.857143
464.38	2841.14
270.82	2841.94
924.2857143	2843.5
187.8333333	2845.833333
212.2857143	2846.734694
663.1111111	2847.333333
902.5833333	2847.25
912.75	2847.6
597.7142857	2850.5
903.9411765	2851.294118
913.0512821	2851.948718
659.5	2855.5
906.6071429	2855.214286
728.5882353	2856.117647
912.5588235	2857.117647
935.5	2856.5
235.5	2859.222222
444.8974359	2858.923077
230.6	2861.866667
235.2222222	2862.833333
272.4166667	2860.5
729.4166667	2861.75
276.2142857	2862.857143
914.4827586	2863.344828
920.1886792	2864.132075
443.3478261	2865.717391
275.1111111	2867.666667
911.0555556	2868.416667
537	2867.5
901	2868.333333
270.1	2868.7
438.1935484	2866.548387
440.7555556	2871.955556
679.6842105	2874.421053
899.1290323	2873.870968
917.5925926	2872.481481
998.962963	2873.518519
436.4166667	2876.583333
484.3333333	2874.666667
531.5	2875.5
415.3333333	2876.384615
912.5151515	2876
420.9444444	2877.888889
732.875	2878.125
1006.045455	2877.5
677.1	2879.05
1011.933333	2879.666667
921.9850746	2878.119403
426.5238095	2881.396825
435.9655172	2881.931034
913.4516129	2881.258065
928.7575758	2880.393939
445.5	2883.142857
651.2307692	2882.846154
898	2883.529412
924.5	2884.666667
1100.277778	2882.555556
476.7391304	2883.608696
482.8571429	2886.071429
533.375	2885.041667
539.7058824	2885.568627
929.4666667	2887.166667
680.875	2887.125
446.7538462	2888.630769
537.1944444	2892.111111
472.8	2891.5
486.6056338	2893.774648
570.265625	2893.203125
891.4705882	2892.411765
495.494382	2893.247191
886	2893.833333
908.5932203	2894.084746
919.3197279	2893.306122
479.8421053	2895.736842
1083.357143	2896.392857
473.85	2897.85
884.4444444	2898.444444
496.9090909	2898.636364
675.5	2899.5
1087.863636	2899.045455
488.3409091	2903.704545
909.6190476	2899.619048
309.5	2901
661.2692308	2901.230769
912.6363636	2902.818182
501.9375	2903.9375
840.3478261	2902.956522
976.3673469	2903.285714
1017.411765	2903.705882
475.1333333	2904.183333
512.4	2905.2
529.1111111	2904.777778
523.36	2905.56
1013.352941	2906.647059
479.4166667	2908.25
1019.3	2907.9
873.7777778	2908.166667
356.6428571	2909.642857
921.8	2909.72
874.2	2911.84
1096.35	2912.25
361	2911.833333
507.8421053	2912.140351
1090	2913.043478
380.8	2915.5
512.3	2914.9
876	2915.5
901.75	2915.25
491.7017544	2916.263158
498.3768116	2916.898551
909.8888889	2915.777778
217.4	2917.2
465.7142857	2916.5
905.6666667	2916.722222
477.1	2919.1
464.25	2919.875
469.2727273	2920.181818
897.7	2919.966667
290.8	2921
488.3125	2922.0625
910.8	2921.066667
903.6136364	2922.818182
1061.5	2922.5
1065.578947	2923.105263
1069.294118	2923.117647
911	2923.666667
464.4	2925.55
468.5217391	2925.217391
460.36	2927.16
496.625	2927.75
447.1956522	2928.065217
474.4	2928.666667
949.2682927	2927.658537
954.5714286	2929.380952
450.6875	2932.125
572.2631579	2932.368421
466.9814815	2932.12963
491.0172414	2932.603448
979.1666667	2934.291667
1092.5	2935
464.5357143	2937.857143
479.0769231	2934.519231
569.8985507	2937.782609
765.5	2937.714286
984.9210526	2937.657895
248.9130435	2939.217391
471.952381	2939.714286
490.8873239	2941.34507
477.8588235	2943.105882
448.3636364	2945.454545
468.0588235	2944.647059
1050.8	2943.45
1055.967742	2946.322581
770.1666667	2947.309524
984	2947.875
470.2075472	2950.207547
476	2948.5
766.16	2948.28
665.52	2949.96
479.1034483	2950.310345
1040	2952.5
704.7647059	2952.058824
643.875	2955.125
702	2956.125
684	2957.5
885.5	2957.5
1041.921053	2958.026316
737.3636364	2958.090909
778.0909091	2959.909091
896.2413793	2959.103448
711.8181818	2960.545455
891.0512821	2961.589744
737.6086957	2962.478261
558.625	2963.5
848.7222222	2963.222222
1050.04	2963.4
741.0625	2964.625
738	2967.090909
850.9047619	2967.095238
422.2173913	2970.869565
1078.5	2970.2
178	2971
772.375	2972.4375
837.4444444	2972.444444
174.2	2972.6
697.1818182	2972.727273
427.3529412	2973.764706
424.6666667	2975.75
773.4782609	2977.869565
425.5	2980.785714
591.1754386	2981.842105
780.8	2983.766667
774.5882353	2984.117647
697.4444444	2987.5
252.8163265	2987.979592
871.90625	2988.3125
586.9220779	2987.779221
595.4583333	2988.666667
746.3548387	2990.258065
895.6530612	2991.489796
423.407767	2990.650485
771.5	2992
584.7777778	2994.861111
589.5294118	2993.823529
640.7575758	2993
595.7948718	2993.974359
889.05	2994.6
1003.588235	2993.588235
329.2666667	2995.333333
600.5416667	2995.291667
877	2994.05
882.3125	2995.71875
794.5	2996.5
588.4225352	3001.253521
593.6111111	2999.666667
598.5151515	3000.363636
414	3002.5
595.9333333	3005.233333
590.2641509	3008.018868
795.1818182	3007.272727
634.875	3008.875
774	3009.285714
797.8823529	3010.411765
411.6666667	3012.238095
634.8571429	3013.428571
659.5	3014.5
225.0566038	3014.698113
416.9655172	3014.810345
1032.692308	3015
420.9411765	3014.647059
275.6153846	3016.615385
322.1923077	3017.346154
408.8461538	3017.230769
654.5	3016.8
638.9305556	3015.083333
421.0967742	3020.032258
412.7666667	3022.633333
455.56	3024.08
276.1538462	3026.730769
982.55	3025.9
274.2	3030
678.8125	3029.8125
605.6363636	3030.212121
815	3031.692308
899.96	3032.76
697.5	3036
694	3038
846.8	3038.033333
659.3076923	3038.74359
973.7741935	3039.290323
402.5652174	3042.956522
1022.766667	3041.233333
725.4772727	3040.75
741.3333333	3043.111111
737	3044.384615
845.7301587	3045
659.3030303	3045.575758
664.3333333	3047.454545
659.4848485	3051.151515
668.1333333	3051.066667
403.25	3049.45
426.7241379	3051.482759
615.9814815	3051
1003.5	3053.5
297.8333333	3053.5
382.4444444	3053.666667
387.6666667	3053.111111
656.1481481	3056.62963
357.5	3055
433.125	3054.9375
646.5	3056.75
407.2666667	3056.65
611.6382979	3058.191489
408.9333333	3064
369.0555556	3063.611111
960.9	3063.9
610.1875	3064.6875
1007.892857	3065.035714
360.025	3066.025
948.3157895	3068.263158
966.8823529	3067.372549
934.2083333	3069.375
943.625	3069.75
953.9615385	3069.653846
412.3513514	3071.310811
498.6363636	3071.090909
607.893617	3071.808511
194.7142857	3072.5
720.1111111	3072.333333
716.7272727	3073.181818
190.56	3075.08
589.1	3076.5
415.8	3076.64
585.1081081	3078.405405
497.5	3077.021739
416.3	3080.233333
335.4137931	3080.827586
721	3082.307692
759.8275862	3084.310345
417.9411765	3084.205882
718.7391304	3086.347826
420.53125	3088.625
646.4117647	3087.117647
258.64	3088.52
753.8695652	3090.043478
597.2272727	3091.984848
729.3461538	3090.269231
745	3090.5
940.5	3091.5
749.6206897	3091.482759
645.875	3092.333333
417.902439	3093.658537
734.8823529	3092.764706
726.9130435	3094.826087
641.8214286	3096.785714
752.3548387	3096.387097
1008.536585	3097.780488
589.58	3100.52
636.5	3100.777778
747.0416667	3101.208333
1003.666667	3101
943.9411765	3102.647059
741.6046512	3103.906977
487.4705882	3107.382353
588.6206897	3107.241379
830.2	3107.5
466.3707865	3105.674157
764.1176471	3108.411765
453.6333333	3109.8
458.6190476	3109.380952
470.6956522	3112.869565
584.4	3111.6
697.7777778	3112.722222
714.8888889	3111.833333
730.76	3114.72
739.5	3115.5
450	3115.37931
698.0625	3116.3125
753.875	3116.6
479.9090909	3116.636364
820.375	3117.625
727.4333333	3119.633333
491.5	3120.5
733.0985915	3122.422535
700.1355932	3121
457.7727273	3123.924242
581.7142857	3125.5
699.6363636	3128.969697
692.6206897	3128.465517
685.4666667	3129.6
457	3131.444444
474.8333333	3133.083333
699.275	3134.4
605	3132.37037
459.1666667	3134.5
466.4	3135.35
682.4210526	3134.894737
421.8529412	3135.352941
675.5	3136.5
408.1785714	3138.214286
779.5	3139.5
678.9230769	3140.538462
673.9811321	3144.075472
681.7368421	3143.210526
301.2105263	3144.754386
780.7241379	3147.827586
444.9166667	3148.916667
546.8	3150
420.3571429	3156.357143
524.8367347	3156.755102
446.6571429	3156.885714
515.125	3160.125
442.75	3161.5625
823.6111111	3161.611111
498.5833333	3162.708333
521.7173913	3161.369565
653.734375	3161.125
307.047619	3163.190476
647.9705882	3164.411765
528	3164.171429
208.8372093	3165.44186
440.452381	3166.380952
518.2366412	3172.496183
302.6363636	3167.772727
487.0769231	3167.692308
511.7307692	3168.634615
524.5339806	3172.718447
816.5	3169.25
924.8235294	3169.764706
494.9058824	3173.317647
500	3171.172414
971.1428571	3172.952381
485.2941176	3173.911765
928.25	3175.09375
447.3170732	3174.902439
701.8888889	3177.037037
907.5	3178
866.6388889	3179.361111
935.1142857	3179.171429
514.494382	3183.842697
835.5	3182.2
501	3183
509.75	3182.5
779.5	3182.5
939.3548387	3185.16129
963.6363636	3183.363636
912.1041667	3185.916667
654.6538462	3186.884615
969.5	3187.5
945.0416667	3188.333333
244.2222222	3188.833333
958.8536585	3190.365854
286.9130435	3192.434783
951.3	3192.35
281.3684211	3194.052632
304.5714286	3194.571429
644.2	3195
240.8095238	3197.047619
271.7272727	3198.727273
540.1428571	3198.071429
877.04	3197.28
545.9166667	3203.833333
662.3846154	3205.615385
314.1052632	3207.526316
808.2	3208.5
811.3125	3208.8125
691.5	3208.6
583.2916667	3210.583333
626.3333333	3212.690476
471.5964912	3215.017544
477.7	3218.3
505.1904762	3216.857143
497.75	3218.625
481.6	3220.55
469.8163265	3226.122449
504.3703704	3222.981481
525.6	3223.6
228.2	3224.6
498.1851852	3224.666667
776.2	3227.08
496.625	3228.604167
504.275	3229.275
460.5	3234.5
267.8	3237.5
470.2653061	3237.612245
491.8888889	3242.333333
495.4545455	3243.590909
754.5454545	3244.606061
361.1875	3245.34375
487.7045455	3247.272727
496	3248.263158
795.2916667	3252.291667
700.2222222	3253.5
942.7647059	3253.764706
489.8571429	3255.269841
453.027027	3256.783784
483.4516129	3256.83871
484.3783784	3261.702703
200.6764706	3263.441176
436	3264.346154
496.5555556	3264.222222
722.8421053	3264.842105
482.5555556	3266.944444
730.175	3267.05
362.4615385	3268.153846
286.7407407	3268.407407
465.3888889	3269.277778
282.5666667	3272.066667
395.255814	3272
481.8	3275.3
383.4583333	3278.458333
361.8	3279.2875
388.8888889	3280.111111
483.6315789	3279.526316
697.9047619	3279.52381
484.6153846	3283.076923
721.0555556	3281.916667
672.875	3284.875
378.1666667	3286.5
627.875	3286
719.7333333	3286.933333
394.6086957	3289.934783
720.0344828	3291.448276
379.7272727	3292.954545
488	3293.743802
393.5277778	3296.638889
718.1515152	3297.484848
696.0909091	3299.363636
581.75	3305.75
891.72	3305.72
897.2692308	3305.692308
342.125	3309.333333
888.8205128	3310.128205
486.3786408	3311.368932
626.44	3312.96
752.5	3313.066667
674.75	3316.25
671.5652174	3317.304348
895.0869565	3322
673.2631579	3322.263158
679	3321.461538
683.8571429	3321.785714
523.8571429	3324.190476
242.75	3324.601852
669.875	3325.666667
739.1904762	3327.047619
676.1470588	3327.911765
695.15	3328.116667
586.3333333	3331.444444
671.0588235	3331
679.6206897	3331.310345
685.6222222	3333.044444
802.0833333	3331.708333
381.3571429	3332.214286
690.9315068	3332.876712
699.0555556	3333.166667
590.6153846	3332.461538
702.6	3333.4
454.9666667	3334.666667
674.04	3333.52
678	3335
706.5263158	3334.263158
575.7419355	3336.258065
767.7692308	3336.230769
699.4545455	3338.109091
771.952381	3345.452381
505.6186441	3344.754237
689.1694915	3348.745763
673.049505	3349.792079
728.4	3349.4
696.6938776	3349.408163
717.2222222	3350.555556
660	3352.724138
683.8	3353.666667
688.92	3354.96
511.775	3355.35
674.6666667	3357.111111
692.15	3359.45
703.8727273	3358.672727
790.4	3359.6
515.6857143	3361.757143
698.1538462	3362.692308
648.6	3364
695.5555556	3365.888889
891.9166667	3366.25
680.5	3366.5
688.9230769	3367.648352
672.3870968	3367.870968
713.7272727	3369.090909
524.1833333	3369.116667
640.8636364	3371.227273
676.0344828	3372.810345
708.8636364	3371.363636
528.5	3373.690476
682.8227848	3375.911392
741.2352941	3374.058824
880.1875	3375.875
671.0769231	3376.538462
674.78125	3379.71875
397.05	3379.1
422.5	3378.769231
602.975	3386.275
799.0434783	3386.086957
552.2424242	3389.090909
586.9333333	3388.866667
618.9512195	3390.487805
595.95	3390.75
298.0434783	3394.391304
887.5	3396.142857
795.2857143	3397.5
485.6	3402.4
818.4054054	3401.945946
481.1	3402.2
747.9428571	3401.571429
919.1212121	3406.69697
583.2666667	3410.066667
558	3410.8
521.6470588	3413.470588
278.6666667	3413.888889
286.8055556	3412.444444
605.983871	3415.032258
772.72	3413.64
597.6363636	3417.227273
519.3	3417.2
336.125	3417.875
340.1176471	3417.588235
372.85	3418.15
743.7272727	3418.181818
604.0526316	3420.315789
747.75	3419.5
593.9333333	3421.8
745.2682927	3423.756098
373.5	3424.5
581.1666667	3428.138889
852.76	3439.8
643.5	3446.2
766	3446
416.2173913	3450.73913
766.1315789	3451.684211
405.7777778	3452.5
666.3846154	3462
404.1071429	3463.928571
615.3809524	3463.428571
619.3333333	3468.7
614.1	3470.8
673.6326531	3469.367347
621.8518519	3472.185185
667.9166667	3475.285714
673	3475.266667
676.9583333	3476.791667
439.3939394	3475.727273
442.9090909	3475.5
611.4285714	3476.357143
612.0666667	3480.4
793.5625	3479.625
615	3482.833333
629.8	3487
672.5	3506.5
931.7857143	3506.357143
636.5	3508.5
903.6956522	3515.434783
764.8787879	3517.030303
931.34	3514.2
929.1666667	3522.083333
646.8636364	3525.409091
650.8571429	3524.5
641.3611111	3527.555556
632.25	3529.088235
569.5	3531
637.9473684	3534.684211
930.1428571	3534.666667
423.7894737	3537
931.3333333	3538.444444
311.5833333	3540.625
931.2105263	3543.894737
305.1304348	3543.73913
416	3549.5
582.3529412	3549.529412
362	3553.888889
423.6153846	3553.384615
856.875	3553.875
928.9090909	3559.272727
358.5	3560.875
918.1818182	3560.939394
865.32	3561.32
409.6153846	3563.615385
415.8243243	3560.202703
921.3125	3566.1875
415.203125	3569.65625
728.5	3568
848.7333333	3569.2
380.6428571	3570.285714
386.1935484	3569.677419
414.2	3575.7
930	3573.921053
611.2222222	3579.5
720.5	3579.5
332.1153846	3580.192308
538.2631579	3580.789474
539.2264151	3586.226415
350.8571429	3585.761905
929.72	3588.72
604.2352941	3590.764706
351.4571429	3592.257143
566.5714286	3592.714286
607.75	3598.142857
712.3103448	3598.551724
929.8928571	3602.285714
931.375	3605.75
714.3518519	3607.509259
709.0588235	3609.735294
527.8181818	3620.5
427.1724138	3624.034483
639.7804878	3626.146341
716.5813953	3626.883721
470.8333333	3626.55
634.3846154	3629.230769
640.5555556	3632.925926
466.275	3633.475
641.0909091	3640.181818
711.0909091	3643.909091
720.5714286	3648.380952
876.3846154	3649.230769
436.5	3651.5
416.1666667	3652.466667
653.6153846	3656.384615
372	3663.5
890.2857143	3664.5
549.5555556	3664.444444
369.6875	3667.1875
681.3414634	3666.512195
742	3674.5
895	3677.909091
575.7777778	3683.5
654	3685
557.5555556	3687.5
650	3687.826087
544.5757576	3698.454545
610.5	3699.5
549.05	3701.25
823.3125	3721.1875
514.7083333	3725.458333
852.1578947	3738.526316
531.5	3741.777778
852.9647059	3743.447059
495.3157895	3749.263158
535.5853659	3749.926829
546	3754.631579
547.7142857	3758.5
755.5714286	3767.190476
770.3636364	3775.5
898.5238095	3779.142857
725.4	3782.6
612.8	3798.266667
634.6086957	3797.695652
712.5	3798
738.3333333	3798.6
734.7391304	3802.086957
641.9148936	3804.893617
842.6206897	3803.37931
633.3823529	3803.294118
622.8421053	3806.421053
852.7692308	3808.897436
658.0909091	3810.181818
646.6808511	3810.787234
655.0714286	3811.142857
856.2	3813.4
626.3548387	3814.419355
638.9222222	3814.433333
716.28125	3815.96875
617.0704225	3815.535211
670.8208955	3821.179104
677.8888889	3819.722222
591.8666667	3821.666667
628.9081633	3819.387755
618.4042553	3823.234043
643.4545455	3824.272727
648.5555556	3823.777778
621.9318182	3826.068182
632.8888889	3824.361111
626.4651163	3829.302326
853.5882353	3828.117647
595.4285714	3828.057143
633.1111111	3829.711111
638.4375	3829.5625
857.75	3832.375
596.4947368	3835.115789
509.75	3835.5
652.8125	3834.90625
642.25	3839
663.5882353	3838.911765
631.875	3840.125
542.1111111	3848.333333
589.3636364	3847.909091
719.32	3848.88
539.95	3852.3
590.6875	3856.0625
587.7647059	3858.294118
646.2	3862
925.7692308	3863.769231
750.5	3867.9
883.5757576	3869.909091
801.1176471	3871.647059
753.1111111	3871.888889
852.9583333	3875.291667
888.75	3881.7
892.8148148	3881.407407
653.1176471	3888.411765
751.4736842	3895.210526
879.1935484	3895.516129
933.3846154	3894.846154
699.3809524	3897.428571
757.4255319	3899.702128
750.5405405	3901.918919
723.0769231	3906.384615
875.5	3905.727273
829.1764706	3906.823529
756.7108434	3906.86747
941.04	3909.64
744	3910.5
934.2159091	3911.159091
753.011236	3914.898876
856.375	3911.875
766.1818182	3915.818182
781.8	3915.04
942.6666667	3915.25641
779.3142857	3917.571429
773.0491803	3922.52459
857.5	3918.705882
828.35	3920.75
764.56	3922.573333
783.2195122	3922.792683
942.5384615	3922.423077
951.1136364	3929.159091
781.7857143	3928.285714
708.2666667	3929.3
778.6779661	3933.305085
785.1621622	3931.972973
831.0645161	3933.258065
769.5185185	3934.407407
789.45	3933.15
753.4	3934.6
738.7826087	3940.086957
693.8235294	3940.941176
749.6818182	3941.409091
733.7912088	3944.956044
792.875	3946.125
757.4651163	3947.372093
779.8695652	3948.478261
739.5217391	3951.869565
749.14	3947.44
755.21875	3952.25
747.6504065	3956.373984
783.2222222	3953.259259
735.7777778	3956.111111
730.6842105	3958
606.137931	3964.103448
745.2467532	3965.064935
726.7142857	3966.214286
757.0714286	3966.285714
798.2638889	3965.430556
747.8275862	3971.103448
747.7272727	3975
768.9444444	3975.111111
843.5	3980
966.8939394	3983.257576
963.5	3991.5
784.75	3992.4
682.5	3994
699.3333333	3995
969.1904762	3995.619048
724.75	3996.375
963.4137931	4000.344828
965.6296296	4012.37037
971.3777778	4015.622222
819.3846154	4019.923077
812.4736842	4021.815789
973.1428571	4024.071429
938.1052632	4024.578947
814.9354839	4027.064516
809.96875	4027.625
940.4375	4028.229167
802.8928571	4030.25
798.4411765	4033.058824
917.8888889	4030.393162
973.4347826	4040.608696
738.6875	4050.9375
842.425	4061.225
768	4065.5
768.1333333	4069.666667
812.6785714	4078.285714
813.8484848	4083.787879
943.5	4087.307692
815.9821429	4090.839286
814	4097.818182
810.3555556	4103.355556
807.862069	4108.310345
803.4719101	4114.213483
805.625	4123.875
896.7777778	4147.5
915.5	4167.5
