X	Y
0	0
0	5143
5143	0
5143	5143
1210.5	80.36363636
1235.722222	79.94444444
1230.474576	82.79661017
1291.526316	85.26315789
1287.225806	86.93548387
1220.22973	87.25675676
1281.836735	89.91836735
1219.628571	92.4
1275.756757	94.54054054
1219.458333	97.66666667
1270.5	97.16666667
1231.929412	99.16470588
1249.614379	98.91503268
1097.3	100.6
1295.318841	100.0434783
1277.275	101.575
1300.755556	103.4888889
1214.142857	104.3469388
1284.567568	104.9189189
1220.795181	105.5180723
1296.285714	106.6428571
1224.816327	111.244898
1218.888889	112.8888889
1289.705882	113.9705882
1238.956522	116.826087
1234.636364	118.9090909
1226.764706	126.0588235
1155.24	130.6
1192.837209	157.9069767
1288.447368	161.6315789
1246.619048	162.5714286
1291.777778	162.8148148
1241.352941	167.4705882
1259.576923	167.3076923
1244.636364	173.5454545
1094.875	176.125
1184.820513	176.7948718
1178.03125	181.75
1225.493976	180.9759036
1006.12	184.08
1271.555556	183.5833333
1092	184.0731707
1236.025316	183.6835443
1267.08	186.32
1244.775	188.775
1221.048387	218.3709677
1147.367347	219.5306122
1136.25	226.6428571
1143.317073	225.902439
1138.545455	232.0454545
1130.621212	234.8181818
1136.086207	238.2758621
1130.1125	245.9375
1123.416667	247.25
1156	251.5
901.5	251.5
884.8	254.5
1148.515152	256.6464646
885.5737705	263.1311475
901.7916667	262.625
1267	262.6551724
1122	265.8
1141.722222	268.1666667
880.1875	270.3125
1078.363636	272.0909091
1271.6	272.8
1077.891892	276.7297297
1084.847222	280.0138889
1088.2	275.7428571
1092.692308	277.7692308
879.6071429	279
1077.95122	281.7560976
1089.538462	281.8461538
1110.703704	280.1111111
1093.05	283.7
1207.863636	283.9545455
1202.772727	284.6363636
877.6875	285.46875
1110.666667	286.3333333
1107.282609	288.1086957
1134.857143	308.2142857
974.8461538	307.6538462
970.7619048	311
966.35	312.25
944.25	313.8333333
948.2	314.9
819	316
815.2307692	318.6153846
834.0277778	320.6944444
1065.8	320.7
1069.882353	326.1470588
1033	332.8
912.8571429	335.5238095
1043.363636	337.2727273
924.6153846	338.4769231
907.1058824	336.1529412
1140.777778	344.4444444
1109.588235	345.1176471
1113.923077	347.8846154
1107.5	352.7142857
1113	354.5
903.0588235	357.4117647
914.1	360.95
1181.214286	363.3571429
1178.24	366.2
897.5	367
917.6285714	367.3142857
922	371
925	372.6470588
1261.461538	371.9230769
927.6666667	374.25
785.8965517	375.8275862
932.4146341	375.5121951
1152.909091	376.3636364
1279.756098	375.902439
1272.816667	377.6166667
1263.5	377.3125
883.8125	384
1177.8125	384.8125
1252.244444	389.7333333
1249.862069	394.8965517
1006.428571	397.6190476
1253.625	397.9166667
1188.8	403.5
1253.4	402.12
797.6585366	406.1463415
1253.710526	407.3157895
746.0909091	409.3636364
1253.913043	412.6521739
972.4722222	413.8888889
1226.142857	415.8095238
1114.5	417.5
1257.076923	419.9230769
1114.833333	425.2833333
1256.297297	427.1351351
1108.652778	423.9444444
1110.421053	430.4736842
1251.411765	428.6176471
1086.938776	434.4285714
1027.615385	440.3846154
1033.2	440.1666667
1229	442.5
1225.6	444.3333333
1141.294118	447.4117647
1221.352941	447.4705882
1236.547619	446.7619048
803	456
804	459.826087
956.6363636	470.0909091
697.4444444	470.7037037
1263.864865	471.2972973
1310.585366	489.2439024
914.6	491.5
1233.972222	496.6944444
1243	499.5609756
812.09375	500.625
1249.952381	501.1428571
975.5	502.2
1273.178571	508.7857143
982.3636364	510.9090909
719.1923077	511.8076923
1057.615385	513.6153846
1177.052632	514.4210526
1325.5	513.7142857
899.2465753	514.5342466
849	515.1794872
1076.666667	517
847.2352941	519.5294118
1317.285714	520.5
987.6	521.6
782	522.5
1221.947368	523.3947368
1119.111111	533.6666667
1236.16	533.52
1319.25	539.1071429
1336.333333	538.8888889
1330.230769	541.8846154
1074.592593	547.5925926
1320.032258	547.0967742
720.46875	550.15625
1326.75	552.2727273
1069.666667	552.7619048
1208.8	558.5555556
1341.375	558.25
939.4615385	560.1538462
935.4583333	562.25
1296.5	563.5
939.3333333	565.0666667
1119.882353	564.4117647
935	566
1339.321429	567.5
1329.380952	571.7619048
672.5897436	573.4871795
696.1176471	574.4117647
1298.864865	573.3513514
1291.181818	577.0909091
1295.205882	578.7647059
1324.078431	577.8627451
1333.8	575.7764706
662.1923077	580.1153846
752.6595745	580.3829787
1339.157895	579.9210526
760.7407407	581.2592593
1115.5	581.2
1344.6875	581.4375
1327.969697	581.5454545
669.2647059	582.6764706
908.9375	583.6875
948.212766	585.2978723
1316.794872	584.7435897
1323.030303	585.7575758
821.2531646	587.0886076
952.5526316	589.3421053
1334.125	586.5833333
1340.666667	587.8666667
1344.636364	588.3181818
1315.5	592.7
1344	592.1428571
1323.631579	591.7894737
1166.861538	593.6615385
1241.769231	592.5
857.4615385	595.5
1311.076923	595.1538462
1057.615385	596.6153846
1290.916667	596.8333333
1304.366197	597.7605634
1343.15	596.3
1337.047619	599.5238095
1042.278689	601.3278689
882.5833333	601.75
1309.862745	603.6862745
1278.451613	604.4193548
1284.777778	604.5
1295.533333	603.8666667
1300.043478	605.173913
1304.44	604.36
1334.36	608.08
678.2241379	613.2068966
737.6363636	613.3181818
683.1515152	613.8787879
921.5	615.5
1184.529412	616.0588235
979.5	618.5
1270.892857	621.0357143
776.1666667	636.125
1078.210526	637
1342.153846	638.0769231
644.1166667	640.1666667
782.6666667	640.8333333
845.2857143	643.5
788.4090909	645.3181818
797.5652174	647.3478261
804.9245283	645.8301887
1277.052632	646.7894737
744.7857143	649.8214286
1242.291667	648.3333333
1004.102564	653.2051282
1014.166667	653.5
1278.1875	657.5
701.7631579	660.0263158
660.9	661.0333333
1120.888889	662.3333333
883.9318182	663.4772727
1127.074074	665.4074074
991	667.5
712	669
1124.6	683.6
872.25	688.625
1124.333333	688
881	689.3333333
679.1578947	689.1578947
877.1904762	691.047619
741.4	691.5
680.6666667	693.4666667
873.0625	692.6875
1234.5	693.7272727
889.5357143	695.4642857
875.5882353	697.0588235
949.2666667	697.3333333
977.2254902	695.2254902
848.7777778	699.1666667
870.4827586	699.9655172
1338.48	700.64
1332.681818	700.2727273
666.1333333	704.4666667
863.2631579	707
878.5735294	707.3382353
1097.56	707.4
871.9444444	708.3333333
835.5	708.8
1246.333333	710.875
861.4166667	712.1666667
1325.666667	712.9
869.5	712.7777778
1316.230769	714.7692308
1320.25	715.5
1155.384615	718.3846154
661.1052632	719.5789474
1323.818182	718.8181818
1310.689655	719.6896552
863	721
1210	721.6923077
1206.933333	724.8
1037.571429	726.6190476
1318.130435	726.0869565
857	729.6
1297.705882	732.0588235
1333	731.8
1342.477273	729.780303
1217.95	735.075
1337.613636	735
872.2380952	735.5238095
1002	735.5
1344.04	741.44
629	741.5
722.5	743
1283.636364	744.0909091
1334.055556	743.2222222
885.5	746.5
1337.592593	747.2222222
817.4117647	750.1176471
1257.2	749.5
1340.5	752.3055556
1054.611111	753.2777778
969.1578947	753.8421053
1170.5	754.8666667
1079.909091	755.9090909
1082.576923	760.5
1343.538462	765.9615385
1138.09375	770.875
1134.416667	774.5
1080.5	775.5
1131.121951	779.5853659
850.5517241	781.1724138
865.5	781
592.3333333	793.3333333
1104.807018	799.5614035
660.974359	802.4871795
685.3461538	802.2692308
676.25	803.125
669.5227273	803.8181818
681.90625	804.9375
1295.25	804.75
1315.5	807.3333333
1125.266667	808.5333333
1306.736842	808.3157895
880.5897436	809.7948718
1301.842105	809.5263158
785.7142857	810.3571429
783.75	814.625
1074.6875	821.875
1083.692308	822
1059.693878	825.244898
1200.583333	826.75
1206.305556	826.25
685.2857143	827.5
1024.074074	827.4074074
813.6333333	828.3
1279.52381	829.2619048
1357.5	829.2857143
745.047619	829.8095238
1274	831.3529412
1017.2	833
1270.208333	833.9583333
990.5	835.5
625.95	835.9
1027.52	838
1022.548387	840.7580645
767.3333333	841.7142857
1018.363636	841.6818182
1256	841
1013.954545	843.9090909
900.5	844.5
1029.6	845.2
1243.769231	845.4615385
1008.2	847.3
1072.545455	848.5454545
1234.384615	851.3846154
671.3333333	852.2666667
1025.637931	851.9655172
1062.647059	852.3823529
1069.8	851.9333333
1169.5	852
1230.333333	853.2666667
1019.108108	854.0540541
909.1904762	856
1043.333333	856.1481481
1052.947368	855.7894737
1016.285714	856.6428571
1022	858
1032.304348	857.7826087
1059.125	858.375
1089	859.5
1041.75	859.875
1072.666667	861
1019.428571	862.7142857
1030.909091	863.0909091
1185	863
1053.909091	864.3636364
916.2142857	866.2857143
576.5	867.5
1023.06383	867.4255319
1029.695652	868.0869565
1015	869.5
1041	869.6666667
1046.5	869.7142857
1264.5	870.5
1009.470588	873.3529412
888.1315789	873.5
1021.181818	872.5909091
894.3877551	872.5510204
1028.615385	874.6153846
1385.210526	875.3684211
1018.5	876
561.6	878.6
898	878.6909091
1024.35	878.6
1013.828571	878.1142857
886.8039216	879.4901961
1019.125	880.6875
1061.75	880.75
1269.846154	882.1923077
559.9	882.85
1276.666667	882.8888889
1011.666667	884.1111111
1386.448276	884.6206897
1064.5	885.5625
809.962963	886.962963
1350.780488	887.804878
881.0416667	889.8333333
1344.089552	890.0746269
884.3846154	892
935.9545455	891.5
939.4090909	893.2272727
1385.37037	891.5925926
1385.294118	896.1176471
880.9259259	896.6111111
918.0909091	898.6363636
992.96875	898
1382.357143	900.6785714
955.4054054	902.2432432
636.2765957	902.1489362
642.4954955	909.3063063
788.8979592	903.4285714
881.0769231	904.2564103
897.5	905.7777778
955.6666667	906.2666667
982.4	906.1
1214.259259	907.4074074
636.0606061	909.6515152
880.3529412	909.5882353
894	909
1383.392857	908.452381
908.18	912.26
1108	913
876.8888889	913.8333333
1392.95	914.1
844.05	914.9
934.2	918
742.1176471	919.5882353
898.8188406	920.1014493
1396.565217	918.6521739
905.7941176	920.8823529
1110.92	920.8
894.8795181	926.6144578
914.3988095	923.5178571
742.8	925
920.1304348	926.1521739
941.9	924.7
1092.333333	926.1111111
1156.75	932.5416667
846.5151515	934.9242424
928	933.8
849.9333333	937.2666667
853.3939394	939.3939394
1154.492958	938.056338
901.5	945
805	949.5
906.3684211	950.2105263
777.4545455	954.3636364
650.3461538	959.2307692
1055.333333	961.4545455
1060.46875	961.75
650.9	965.9833333
1272.52381	965.2380952
818.0909091	966.6666667
832.6666667	967.9666667
1133.75	968.3333333
1277.777778	968.5
1283.142857	969.4285714
1347.77551	969.1530612
1357	968.826087
1287.384615	969.6153846
650.6190476	971.7619048
899.2571429	969.8
1049.5	971.5
896.3548387	974.3870968
916.6	974.0666667
532.7435897	975.4358974
1087.709677	975.1935484
901.5	976
1181.83871	982.7419355
1391.075	983.975
1233.6	986.4
748.3333333	988.875
895.2173913	988.6086957
1294.125	990.125
1193.708333	991.5833333
1026.8	992.5666667
1139.5	993.2857143
1342.384615	994.3846154
1010.40625	999.125
1302.96875	1001.65625
1312.764706	1002.294118
1338.186441	1002.101695
1320.882353	1003.411765
993.8888889	1003.666667
1037.384615	1004.615385
873.8571429	1006.857143
1031.279412	1013.823529
1043.681159	1012.434783
1038.573171	1015.5
1338.107143	1015.303571
774.2857143	1016.5
1025.086957	1017.5
1047	1020.302326
1029.54717	1023.075472
1345.172414	1020.586207
777.2615385	1021.661538
1198.333333	1021.37037
1036.358974	1021.74359
1117.909091	1023.090909
1365.3	1023
1354.716667	1023.4
1041.923077	1025.115385
870.5652174	1026.086957
1031.4375	1027.375
1036.217391	1027.26087
1403.458333	1026.125
1167	1033.5
1322.7	1033.133333
868.25	1036.05
973.4722222	1041.333333
1126.5	1040.2
865.7916667	1040.708333
965.75	1041.333333
1059.04	1042.6
1222.294118	1043.941176
1127.771429	1045.371429
866.6296296	1047.074074
1321.384615	1048.384615
1328.416667	1048.083333
1327	1052.173913
573.6071429	1054.178571
866.25	1054.571429
804.1785714	1056.464286
1128.122807	1056.473684
559.1428571	1059.642857
760.6	1059.6
575.6956522	1059.565217
572.5925926	1063.037037
584.6206897	1064.241379
753.5	1064
1168.727273	1069.242424
569.6785714	1070.571429
1172.6	1072.571429
574.9047619	1073.095238
582.1098901	1074.461538
1167.294118	1075.470588
570.7142857	1076.071429
858.3125	1077.0625
1175.058824	1077.117647
747.75	1079.5625
857.9285714	1081.857143
588	1081.454545
665.5348837	1083.674419
654.9722222	1086
540.1111111	1088.074074
739.5	1090
536.7727273	1090.681818
698.6	1091.5
1410.142857	1091.5
532.9230769	1092.641026
858.2857143	1092.5
540.375	1093.875
707.6451613	1094.129032
727.2142857	1094.357143
1137.083333	1097.166667
525.3555556	1098.7
536.7142857	1098.285714
540	1101.5
549.5789474	1101.421053
526.0909091	1102.545455
533.7857143	1102.714286
588.1	1103.05
709.98	1103.49
757.7857143	1103.285714
885.8823529	1103.411765
866	1104.767442
529.2291667	1105.625
888.0526316	1106.578947
963.1142857	1107.2
1394.5	1106.75
763.2380952	1106.047619
958.5	1107.7
520.2794118	1108.279412
537.6551724	1107.603448
529.2564103	1112.602564
751.375	1109.375
954.4615385	1108.846154
550.9387755	1110.55102
767.4736842	1109.842105
539.9642857	1113.214286
1393.642857	1111.964286
967.4347826	1113.347826
1302.066667	1112.833333
1388.217391	1113.695652
514.8125	1114.3125
521.4358974	1114.25641
730	1113.913043
773.6666667	1115.5
532.3478261	1116
535.8333333	1115.833333
546.2307692	1114.192308
748.6923077	1114.871795
541.6363636	1118.218182
1386.928571	1117.714286
516.45	1117.65
779.2631579	1117.684211
1176	1118.153846
1437.09375	1116.5
1171.5	1118.714286
521.2307692	1119.923077
1433.45	1120.25
1382.64	1122.28
516.5	1121.5
745.6923077	1122.102564
513.1428571	1124.071429
521.9166667	1123.583333
526.6842105	1121.5
817.7647059	1122.705882
1396.857143	1122.238095
542.1428571	1123.928571
753.0833333	1124.416667
757.75	1124.5
1077.508197	1123.213115
500.4418605	1126.883721
1399.34375	1125.625
1424.666667	1125.222222
519.0909091	1125.636364
776.7777778	1125.722222
1405.411765	1125.411765
1411.818182	1125.181818
746.4	1127.8
1430.404762	1127.452381
813.1836735	1127.938776
1035.5	1128
742.2	1128.5
1437.625	1129
649.8723404	1130.659574
1418.985915	1127.098592
777.6	1130.32
1295.714286	1131.5
1425.210526	1129.947368
493.59375	1131.125
574.1578947	1133.157895
694.2727273	1133.090909
1045.636364	1132.909091
1400.783784	1134.621622
740.3571429	1133.178571
690.1818182	1133.454545
1431.316667	1135.183333
1436.952381	1135.095238
468.6969697	1136
776.4047619	1136.309524
1425.428571	1137.464286
441.8125	1137.125
574.2857143	1138.428571
689.0714286	1137.857143
448.8888889	1138.388889
697.84	1137.84
706.8170732	1138.341463
1419.782609	1139.304348
1437	1140.5
548.3076923	1141
692.8085106	1139.148936
703.5306122	1143.897959
921.8888889	1141.277778
1433.421053	1141.052632
798.1	1141.9
1424.571429	1142.428571
452.4285714	1144.285714
469.8076923	1144
575.1818182	1144.409091
711.7142857	1143.928571
778.0125	1146.3
1429.645161	1143.612903
551.3684211	1144.684211
784.9230769	1145.923077
795.1818182	1144.818182
547.5909091	1146.818182
478.7741935	1145.193548
541.5625	1147.65625
942.6	1147.76
477.7428571	1150.542857
1372.96	1149.84
544.3571429	1151.142857
776.4848485	1155.272727
1289	1154.5
421.5294118	1155.294118
473.875	1156.15
983.6190476	1156.285714
459.0925926	1158.074074
1014.785714	1157.178571
375.7391304	1157.304348
416.5714286	1160.5
470.3448276	1160.724138
773.6666667	1162.25
851.5	1162.384615
406.3125	1164.0625
1167.846154	1165.807692
367.2857143	1173.357143
402.0987654	1173.493827
343.6888889	1176.577778
849.1785714	1176.892857
358.1428571	1179
657.255814	1179.046512
362.8125	1179.6875
340.625	1182.75
406.3846154	1186.384615
1236.636364	1185.545455
707.5	1188.285714
637.4074074	1188.555556
644.6304348	1189.630435
928.3703704	1190.074074
664.7857143	1190.642857
867.2333333	1190.533333
669.7692308	1193.5
651.1071429	1194.428571
1416.933333	1197.4
408.3793103	1197.482759
655.6875	1198.5625
650.2162162	1200.486486
1089.774194	1202.129032
412.1086957	1203.565217
339.6315789	1205.052632
1151.043478	1204.913043
1290.909091	1205.636364
1091.791667	1207.125
669.6470588	1207.529412
1128.16129	1206.516129
675.25	1208.791667
1167.676471	1209.264706
732.5	1211.5
1122	1210.666667
1161.447368	1214.605263
330.25	1216.5
670.1	1213.3
1122.272727	1214.863636
1155.724638	1213.405797
1182	1214.65625
1168.6	1217.183333
1155.678571	1220.214286
1212.818182	1219.727273
1164.733333	1222.233333
1185.882353	1220.411765
691	1222
1191.954545	1221.727273
837.5333333	1222.866667
645.9565217	1225.173913
641.64	1224.76
507.5	1227.5
637.9130435	1225.956522
326.4117647	1228.117647
1137.235294	1227.735294
634.4864865	1228.864865
1158.75	1229.583333
645.8823529	1231.941176
337.4	1232.6
416.3076923	1231.461538
501.3684211	1233.473684
1145.888889	1232.944444
1414.090909	1232.61039
641.1698113	1234.377358
414.6666667	1235.904762
344	1237.162162
892.8947368	1237.578947
1230	1238
500.025641	1241.230769
956.7735849	1239.566038
407.5	1242
898	1242
1220.5	1242
330	1243.5
543.5	1243.5
601.5625	1243.25
951.7894737	1243.473684
1234.676471	1243.088235
1078.742857	1245.657143
498.2615385	1250.892308
1172.45	1250.25
1392.5625	1251.375
1089.333333	1252.888889
499.3636364	1254.909091
1176.708333	1254.041667
984.1666667	1255.611111
980.6666667	1257.666667
976.6666667	1259
1215.777778	1258.259259
1328.411765	1258.882353
498.1363636	1260.113636
554.1428571	1259.809524
566.4	1259.4
559.325	1261.4
981.1	1262.2
1090.516129	1260.032258
1337.771429	1260.028571
1368.183673	1260.571429
986.1714286	1261.142857
564.0666667	1262.8
897.3809524	1263.52381
1332.95	1263.4
936.5	1264.5
1091.5	1265.214286
1366.888889	1265.37037
501.7666667	1265.8
1136.5	1265.5
367.7878788	1268.090909
1370	1269.911765
317.8333333	1270.809524
505.8823529	1271.411765
1152.230769	1271.769231
405.6470588	1273.058824
965.7241379	1272.655172
1157.285714	1273.542857
978.3529412	1273.411765
875.5	1277.2
949.0625	1275.46875
1164.875	1278.333333
954.0588235	1277.794118
966.64	1278.84
876	1280
974.85	1279.05
961.4090909	1280.931818
929.575	1283.875
955.5	1283.35
1357.214286	1283.821429
1165.6	1284.6
949.0714286	1286.142857
1353	1285.714286
340.4545455	1286.848485
1193.571429	1289.380952
1223.842105	1288.842105
1295.140351	1288.947368
923.3684211	1289.894737
1355.868421	1289.289474
933.6896552	1290.62069
940.547619	1291.571429
1227.302326	1293.116279
1361.545455	1292.113636
299.875	1293.84375
426.9411765	1292.588235
1364.947368	1295.684211
450.0357143	1295.571429
421.825	1296.225
1407.866667	1297.466667
986.6666667	1298.5
1407.576923	1302.153846
356	1306
950.4042553	1305.148936
344	1307.388889
351.7666667	1309.2
347.0714286	1310.285714
356.9090909	1310.636364
1287.933333	1311.322222
296.2	1312.28
490.5	1313.5
1178.363636	1313.545455
975	1316.619048
1294.666667	1319.033333
1303.166667	1324.25
969.0833333	1325.666667
285.7058824	1326.588235
417.2	1329.5
984.875	1331.125
1172.5	1332.5
286.4	1333.56
395.1621622	1335.27027
295.1041667	1335.1875
415.85	1336.85
962.5	1337.714286
1051.888889	1337.472222
411.8235294	1339.176471
330.483871	1339.225806
335.025	1342.225
812.5	1341
378.1136364	1340.795455
405.7179487	1342.179487
966.125	1342.125
372.875	1344.916667
962.34375	1343.5625
624	1344.125
627.5217391	1346
440.6888889	1347.288889
1225.789474	1361.263158
1378.941176	1360.647059
360.8	1363.5
1217.44	1365.28
765.6	1365.6
754.9090909	1371.5
1283.333333	1371.916667
1162.714286	1372.857143
289.9722222	1374.75
1218.121951	1374.658537
1306.5	1374.4
1283.421053	1377.157895
985.7333333	1379.166667
1165.594595	1378.054054
1312.666667	1378.351852
779.3	1380.8
1029.384615	1380.384615
894.1395349	1380.232558
1347	1381.666667
990.1290323	1382.258065
1168.388889	1383.333333
783.8	1383.64
1351.875	1384.125
554.6086957	1384.565217
793.4193548	1385.451613
994.78	1382.7
911.5	1386.5
990.9655172	1387.655172
1316.657143	1388.028571
1350.73913	1388.434783
1188.56	1388.92
555	1390.5
1355.764706	1390.617647
1312.681818	1393.136364
692.3636364	1395.090909
753.3921569	1396.019608
1313.75	1396.75
885.5	1397.5
794.6176471	1397.941176
1255.208333	1397.020833
1071.25	1400.25
1127.277778	1400.333333
627.5	1401.5
1258.55	1401.7
869.75	1402.15
1122.428571	1401.357143
1317.2	1402.266667
555.75	1403.95
852.04	1403.76
1075.607143	1404.178571
794.175	1404.45
1120.03125	1404.15625
1261.4	1405.4
1325.588235	1406.441176
874.4	1406.55
797.6	1408.6
753.3076923	1408.923077
1125.807692	1408.615385
339.7142857	1409.5
553.1923077	1409.538462
654.84	1410.08
1131.166667	1410
558.3913043	1411.217391
1138.615385	1411.230769
1141.75	1410.5
700.8	1412.5
763.8604651	1411.744186
770.5714286	1409.589286
877.2857143	1412.5
1134.642857	1413.071429
772.2075472	1415.943396
767.0526316	1415.789474
1138.764706	1415.647059
1143.96875	1416.8125
1153.35	1419.783333
835	1420.5
815.5	1421.5
992.5	1421.5
767.8	1423.24
801.6617647	1422.955882
1162.731707	1422.926829
1168.947368	1423.789474
473.2857143	1423.5
993.1578947	1425.526316
772.7826087	1426.782609
399	1426.095238
394.5	1429
579.5	1430.333333
601.8235294	1429.882353
804.4242424	1431.848485
946.8611111	1433.611111
676.12	1436.8
908.5	1436.5
1027.723404	1436.12766
491.9285714	1437.785714
783.5517241	1438.068966
807.125	1438.208333
948.7826087	1438.826087
722.7272727	1439.454545
727.6666667	1438.666667
1209.283784	1438.472973
1232.416667	1439.166667
423.3846154	1440.384615
956.5	1440.5
1035.893617	1440.425532
1216.953488	1441.023256
740.6153846	1441.923077
1282.5	1442.285714
540.5	1442
677.5	1442.852941
1031.2	1443.52
1224.628571	1442.828571
738.125	1443.875
1231.8	1445.56
726	1446.722222
809.8153846	1446.338462
738	1448.307692
742.2666667	1447.633333
1177.5	1448.2
1221.645161	1446.903226
719.3333333	1448.857143
1263.75	1448.25
525.85	1449.95
680.5357143	1449.785714
941.6	1450.333333
1223.821429	1452.071429
729.5084746	1449.237288
733.6976744	1451.44186
520.3333333	1452.666667
749	1452.269841
526.8636364	1454.909091
531.2083333	1454.125
722.75	1453.15
1040.083333	1453
1162.5	1454.722222
677.9545455	1456.636364
724.9473684	1456.526316
729.9090909	1458.272727
1088.467742	1457.145161
812.021978	1457.263736
979.1290323	1458.903226
1231.1	1459.366667
1101.303571	1459.232143
817.5714286	1465.071429
1005.56	1469.04
719.2105263	1468.894737
940.8333333	1469.166667
1226.733333	1470.333333
724.2777778	1471.833333
495.1125	1473.2875
955.75	1473.75
379.5	1474.875
1109.85	1474.95
755.75	1475.75
1103.612903	1475.83871
1113.733333	1476.8
436.7777778	1477.111111
454.2105263	1477.947368
721.6833333	1477.183333
993.48	1479.88
448.9210526	1479.342105
492.3636364	1480.909091
668.6428571	1480.785714
726.744186	1482.976744
1016.25	1482.583333
1048	1481.916667
1045.866667	1485.6
915.5	1486.5
1007	1489.5
1049.083333	1488.833333
502.5	1491.5
1012.4	1491.45
1270.019608	1490.098039
1054.111111	1491.666667
1004.928571	1493.142857
1277.115385	1494.173077
1271.705882	1494.588235
873.8421053	1496.157895
914.9090909	1495.954545
472.3333333	1497.833333
629.5	1497.5
1020.384615	1498.384615
968	1499.5
996.875	1499.125
1278.6	1499.2
478.5238095	1501.333333
472.2820513	1503.769231
1014.125	1503.041667
512.8571429	1507.642857
1035.478261	1508.086957
1279.3	1509.7
661.5882353	1511.882353
515.3666667	1513.1
1053.046512	1512.046512
609	1515.5
792	1515
1029	1514.5
1041.85	1515.1
452.4090909	1518.181818
978	1518.5
1201.4	1520.4
960.5416667	1520.833333
447.96	1522.44
518.3265306	1521.816327
1045.038462	1522.038462
489.1176471	1523.411765
663	1523.5
982.7878788	1525.212121
1040.142857	1525.238095
1056.421053	1524.473684
336.78125	1527.09375
1002.666667	1527
571.030303	1528.212121
897.3636364	1529.636364
821.2	1530.5
520.28125	1530.4375
1310.8125	1531.0625
568.2857143	1531.469388
364.7391304	1532.456522
382	1532.5
1044.607143	1533.107143
1053.416667	1534.791667
490.6315789	1534.263158
899.6	1534.44
1137.666667	1535.5
460.4242424	1536.863636
825.2	1539.244444
430.5	1541
837.8085106	1542.659574
1141.133333	1540.566667
1294.358974	1540.641026
820.0793651	1540.904762
1282.375	1541.5625
824.5555556	1544.111111
1149.411765	1544.882353
1294.272727	1545.045455
1306.188034	1539.957265
1154	1546.26087
1158.1	1548
1284.714286	1546.952381
1298.909091	1547.242424
723.5	1549
1021.666667	1549.25
1082.5	1550.222222
1305.88	1550.32
1296.178571	1550.5
1291.8	1551.381818
1082.777778	1554.111111
1221.666667	1554.5
1282.109091	1552.745455
1301.980392	1554.352941
1053	1555.5
1257.666667	1555.5
1000.5	1556.8125
1134.105263	1557.421053
1219.653846	1557.692308
1290.3	1556.125
1181.714286	1557.892857
1185.307692	1559.153846
1284.181818	1559.077922
1188.368421	1560.052632
1255.475	1560.175
1260.888889	1560.222222
1195.787879	1560.712121
1224.4	1560.55
1145.302326	1561.906977
1229.564103	1562.794872
442.75	1563.5
1012.578947	1562.894737
1235.884615	1562.653846
1239.363636	1562.090909
926.2105263	1564.157895
971.875	1564.125
1139.133333	1564.766667
1248.634615	1564.192308
972	1568
1291.712766	1568.797872
390.0769231	1570.384615
1302.36	1571.12
282.6153846	1571.769231
286.6190476	1572.761905
1250	1572.292683
392.4117647	1573.647059
948.0555556	1575.777778
552.4772727	1576.25
1257.545455	1576.454545
1275.8	1577
1297	1576.75
1155.641026	1577.179487
1265.857143	1579.107143
1272.529412	1579.647059
1277.157895	1580.263158
950.25	1580.666667
1283.058824	1581.705882
550.6865672	1583.462687
1164.567568	1583.540541
1063.391304	1587.434783
999.6875	1588.8125
475.6976744	1592.081395
1036.821429	1591.607143
1224.638298	1590.085106
1231.25	1592.305556
696.2	1596.733333
1276.83871	1595.83871
1112.875	1596.875
699.2857143	1597.5
1281.157895	1599.157895
1055.92	1603.04
361.6521739	1604.695652
968.7368421	1605.561404
1027	1611.166667
434.8888889	1625.148148
945.2142857	1624.428571
948.9032258	1627.387097
1262	1630.15
1082	1632
1265.428571	1633.678571
1053.142857	1633.089286
259	1635
649.6785714	1637
1085.64	1635.84
1090.65	1639.3
1005.5	1641.222222
1019.678571	1643.178571
1121.088889	1643.933333
1025.227273	1646.136364
953.9692308	1647.492308
337.9444444	1649.666667
1243.441176	1652.823529
733.4411765	1652.852941
258	1658
261.8333333	1663.388889
610.3	1665.7
1008.5	1666.5
1055.48	1667.8
441	1670.5
289.4285714	1671.714286
847.0555556	1672.777778
825.1904762	1676.857143
639.6785714	1677.535714
641.1764706	1681.529412
867.5	1684.8
921.5507246	1685.26087
984.5	1685
989.1	1685.95
326.5	1688.714286
832	1691.333333
984.4736842	1692
976.0909091	1694.363636
1163.181818	1694.545455
855.1333333	1696.466667
984.2	1697.066667
989.1071429	1693.928571
1056.823529	1695.333333
990.3148148	1698.111111
1082.510638	1698.638298
1050.793103	1698.37931
1055.428571	1700.928571
1038.738095	1701.214286
1060.512195	1700.414634
1055.512821	1704.974359
1272.09375	1701.96875
1049.309524	1706.452381
804.8813559	1709.745763
1289.460317	1708.920635
796.5882353	1710.882353
859.1923077	1712.538462
820	1713.684211
854.6111111	1714.277778
812.525	1714.9
525.0666667	1714.933333
828.3076923	1717.461538
412.0909091	1721.363636
798.1388889	1721.777778
811.8846154	1721
1094.258065	1721.032258
1077.84127	1720.095238
1067.331155	1738.77451
1103	1723
1085.086207	1723.12069
770.3333333	1726.111111
1011.821429	1726.607143
1060.262295	1723.737705
1056.658537	1729.280488
1104.396552	1728.086207
1088.693182	1730.465909
1095.674699	1728.361446
1118.490741	1728.212963
1048.923077	1730.679487
1124.952381	1731.238095
1128.72	1730.76
410.5	1731.895833
635.8965517	1731.517241
1114.289855	1733.855072
1107.5	1734.045455
1158.125	1735.333333
636.9473684	1737.171053
1097.5	1735.571429
1102.588235	1736.176471
1095.686275	1739.54902
1111.604651	1740.395349
644.6785714	1741.107143
1044.38	1741.26
1105.264706	1741.5
254.6896552	1743.448276
1093	1742.315789
714.5740741	1746.472222
933.2	1745.8
1082.74	1744.92
1121.111111	1743.518519
618.25	1745.46875
1095.450704	1746.239437
1104.578947	1746.631579
1111.09375	1745.9375
440.8	1747.5
872.7407407	1747.222222
805.4705882	1748.352941
928.46875	1747.96875
1086.4375	1749.083333
1038.553571	1747.696429
1044.313953	1749.127907
1112.636364	1749.636364
712.7142857	1751.238095
1096.074074	1751
1120.368421	1750.210526
894.8732394	1751.521127
925.2307692	1751.769231
1060.294118	1752.176471
601.8444444	1751.866667
889.35	1752.95
1271	1752.846154
609.25	1752.25
873.1875	1753.1875
1089.934783	1754.065217
598.3333333	1754.916667
1274.48	1754.76
865.3478261	1755.695652
886.4814815	1755.666667
1055.117647	1756.617647
1061.84	1755.96
1080.789474	1756.368421
1092.404255	1757.702128
1138.16129	1756.612903
892.2608696	1757.043478
931.2857143	1757.5
721.0909091	1758.363636
871.8157895	1758.447368
877.4761905	1758.333333
888	1759.222222
1069.757576	1756.030303
1131.5	1759
1315.625	1759.375
597.9242424	1761.515152
884.1290323	1761.080645
893.84	1760.56
1075.945205	1759.260274
1105.25	1759.46875
855	1760.714286
867.7714286	1761.314286
1063.386364	1761.181818
1069.735294	1762.941176
593.7142857	1762.142857
858.25	1763.5
1123.696429	1765
326.75	1765.625
589.1304348	1765.652174
592.2592593	1767.888889
824.6428571	1765.857143
865.3636364	1765.909091
480.3636364	1768.454545
582.4772727	1768.772727
861.2352941	1770.882353
1122.095238	1771.714286
587.3	1772.05
858.2105263	1773.105263
582.8823529	1773.529412
728.8125	1773.1875
1058.190476	1772.857143
643.44	1774.12
149.9090909	1775.818182
1118.660377	1776.528302
892	1777.666667
1075.842105	1778.263158
1095.090909	1778.363636
1069.108696	1780.173913
1104.909091	1781.363636
1101.538462	1784.692308
1081.368421	1785.263158
1097.190476	1786.047619
1156.095238	1786.095238
1194.346154	1785.653846
1107.625	1787.375
362.7857143	1787.357143
446.7407407	1788.259259
689.7272727	1788.181818
1078.666667	1789.666667
1111.2	1790
1133.210526	1789.631579
1098.529412	1790.882353
1103.378378	1791.864865
265.1818182	1792.5
686.6222222	1792.022222
1144.333333	1793.142857
1149.037037	1793.777778
521.1176471	1795.705882
256.3333333	1797.111111
1143.573529	1798.529412
523.5	1798.555556
1087	1798.470588
1096.275	1798.575
1054.833333	1802
1101.311111	1801.244444
1319.432432	1801.891892
510.8	1804.333333
517.3	1802.766667
1081.783784	1803.702703
1098	1805.5
1106.285714	1805.190476
1102.142857	1806.571429
1141.041667	1805.541667
943	1806.5
510.0277778	1808.916667
1058.428571	1807.619048
1146.673469	1808.387755
343.9090909	1809.363636
241.2857143	1809.857143
710.5	1810.5
970	1811.8
1114.464286	1809.830357
784.2	1812.371429
973.375	1813.75
513.5882353	1815.352941
969.7692308	1815.307692
1091.818182	1817.333333
784.92	1819.68
1062	1822.5
1082.5	1821.6875
1089.3	1823.55
167.76	1824.4
1083.8	1825.7
1100.315789	1826.210526
162.7083333	1827.416667
157.1071429	1828.821429
1326.692308	1828.923077
1311.916667	1829
400.8333333	1830.791667
1315.25	1830.857143
169.1	1832.4
961.2222222	1831.555556
1088	1831.45
1083.58	1832
321.5	1835
1086.416667	1836.916667
1252.75	1837.666667
402.5945946	1839.459459
173.3	1840.8
324.4736842	1840.631579
1105.641026	1841.102564
179.2631579	1841.263158
175.48	1844.12
873.64	1843.8
117.6666667	1844.791667
111.84375	1846.0625
167.5185185	1846.351852
562.0588235	1845.647059
159	1849.772727
154.5263158	1851.421053
404.4	1850.661538
410.3243243	1851.243243
149.4090909	1853.909091
1230.125	1854.125
408.9230769	1856.846154
141.9444444	1856.75
404.0416667	1857.708333
886.6875	1855.8125
1242.571429	1859.057143
1297.615385	1862.384615
1089.230769	1862.384615
321.75	1865.333333
360	1867.666667
855.2857143	1866.714286
879.5	1867.5
1091.894737	1867.578947
1302.639535	1868.255814
1310.428571	1867.904762
1315.928571	1869.142857
326	1870
432.7439614	1875.26087
439.8793103	1870.931034
206	1871.5
363.6153846	1872.115385
358.3103448	1872.758621
996.9090909	1873.363636
1094.5	1873.068966
352.2307692	1875.384615
860.9090909	1876.909091
350.875	1878.875
363.3421053	1877.868421
360.1071429	1881.285714
918.4	1880.933333
103.2173913	1883.782609
365.4242424	1883.363636
316.5	1885.5
356.8	1884.8
306.9259259	1886.740741
324.6363636	1889.090909
1102.636364	1888.909091
535.7878788	1892.590909
878	1891.5
352.0416667	1891.208333
541.0967742	1889.935484
329.3333333	1892.909091
827.5	1892.8
186.6153846	1894.384615
310.7	1893.8
540.75	1896.125
324.3114754	1896.622951
353.8461538	1896.205128
308.85	1898.95
330.9	1898.95
1276.222222	1899.5
349.2380952	1899.285714
357.1891892	1902.378378
326.5555556	1902.555556
352.1578947	1904.657895
325.6153846	1908.692308
1086.909091	1906.909091
181.875	1907.666667
355.8	1908.9
930.9411765	1911.235294
1265.217391	1911.217391
1087.5	1912
1259.44	1911.8
312.8076923	1912.307692
319.9655172	1911.126437
1062.909091	1916.636364
312.1621622	1917.837838
925.96	1917.76
930.3684211	1918.701754
232.1304348	1918.043478
975	1920
933.6578947	1922.473684
1061	1920.866667
235.0666667	1921.6
889.25	1923.333333
925.2051282	1924.512821
88.28571429	1925.5
929.4117647	1927.705882
744.6111111	1927.277778
241.0909091	1930.090909
1107.92	1937.44
145.875	1938.125
152.6296296	1938.518519
279	1939.5
134.6923077	1939.961538
116.5	1943.5
1087.435897	1943.102564
110	1945.5
419.0769231	1945.730769
423.6315789	1946.263158
104.5789474	1946.684211
465.5625	1948.6875
229.483871	1949.741935
276.5	1952.8
437	1953.173913
1307.5	1953.875
1212.666667	1956.5
539	1958
1144.5	1958.5
1203.888889	1958.277778
337.0416667	1959.583333
1217.857143	1960.914286
1069.32	1961.68
1290.393939	1963.030303
1181.647059	1964
1085.666667	1965.25
1282.492537	1967.477612
337	1967.5
1172.875	1967.6
1089.944444	1970
1142.5	1969.5
1184.857143	1969.190476
1179.772727	1971.227273
389.3846154	1972.615385
669.8461538	1973.769231
1088.916667	1974.645833
1154.5	1974.8
1117.666667	1976.25
374.2173913	1977.043478
1148.073171	1975.512195
711.7142857	1979.5
1138.1875	1980.1875
1141.787234	1981.382979
440	1982
1146.2	1982.7
1150.943662	1983.591549
1155.785714	1981.571429
334.0909091	1983.636364
1143.235294	1986.852941
713.3125	1988.1875
1111.285714	1987.535714
1106.533333	1989.533333
379.5	1990
1145.954545	1989.454545
799.4615385	1991.153846
1137.85	1991.5
1216.166667	1992.033333
1151.609756	1992.341463
805.3333333	1994.277778
1112.777778	1994.444444
334.0740741	1994.407407
801.5	1995
1145.130435	1995.586957
1320.84058	1997.101449
117.6	1999.033333
1138.428571	1998.071429
123.9705882	1998.529412
1149.428571	1999.428571
1324.75	2000.5
1139.75	2002.375
519	2003
1279.735294	2003.764706
1328.418182	2004.436364
1038.833333	2005.1
745.75	2005.5
1076.827586	2007.241379
1275.285714	2005.666667
572.7142857	2006.678571
1269.382979	2007.255319
546.826087	2013
596.1290323	2014.419355
1188.210526	2015.684211
922.4615385	2017.153846
1093.352941	2016.647059
1103.190476	2019.952381
1094.344828	2020.793103
1114.4	2022.066667
1124	2026
1179.5	2026.5
736.4	2029.733333
924.2564103	2027.833333
1067.882353	2029.411765
1085.5	2029.5
1262.5	2029.5
1324.842105	2028.684211
361.4666667	2030.866667
956.3529412	2034.529412
1328.837209	2034.72093
94.2	2037
561.6785714	2037.321429
1268.166667	2038.458333
1273.487805	2037.073171
643.3529412	2039.470588
507.5	2046.2
514.9210526	2047.5
1083.54717	2048.509434
1111.785714	2051.357143
1106.071429	2051.785714
948	2058.8
947.3333333	2063.714286
308.3888889	2064.5
547.25	2065.95
881.8888889	2068.555556
393.6666667	2070
398.2333333	2071.1
854.8421053	2071.447368
560.3939394	2071.363636
1302.555556	2071.944444
567.1351351	2072.621622
177.5	2075.5
394.09375	2076.40625
562.5333333	2079.866667
640.3265306	2079.142857
1302.866667	2078.533333
397.3529412	2080.470588
384	2081.5
395.6363636	2084.818182
883.5	2086
188.6792453	2084.773585
300.3684211	2087.578947
389	2087.857143
395.5	2090.2
973.4117647	2089.882353
296.6153846	2098.384615
1096.37037	2097.462963
937.7142857	2100.5
528.5	2101.285714
344.122449	2101.489796
1028.083333	2101.833333
334.8181818	2102.818182
339.1052632	2103
1032.363636	2102.545455
319.1666667	2104.111111
327.3333333	2104.833333
1056.615385	2104.384615
298.625	2104
347.3636364	2105.318182
329.8571429	2106.928571
317.5	2108
302.0869565	2109.391304
346	2108.8
937.6857143	2110.714286
761.1153846	2110.038462
1311.333333	2112.5
767.5833333	2113.5
768.53125	2118.4375
204.2608696	2118.652174
760.5625	2117.5
1315.828571	2117.514286
1322.130435	2119.565217
762.4615385	2122.846154
241.0416667	2123.708333
612.75	2124.75
874.95	2127.75
945.6666667	2129.714286
841.5	2132.5
964.8823529	2132.588235
1263.538462	2132.230769
259.6153846	2133.384615
569.5	2132.5
953.6666667	2134.125
1072.44	2134.88
869.2121212	2135.515152
872.8148148	2140.277778
403.4230769	2141.5
1058.727273	2141.772727
399.21875	2143.8125
1159.333333	2144.733333
312	2146.5
828	2145.666667
1150.428571	2145.809524
363.92	2155.44
985.0625	2156.375
317.1428571	2157.452381
730.3333333	2157.555556
764.4117647	2159.117647
862.4545455	2161.772727
872.0357143	2162.892857
271.8928571	2167.821429
940.9008264	2167.900826
276.6818182	2168.136364
859.7627119	2167.728814
1214.318182	2167.954545
1218.357143	2170.214286
366.6170213	2174.840426
208.3846154	2173.615385
271.8	2173.65
512.1111111	2173.944444
1037.458333	2173.083333
508.25	2175.05
396.3684211	2175.736842
1034.555556	2175.944444
392.6296296	2177.407407
948.4712644	2181.413793
398.45	2180.4
512.4590164	2183.737705
1025.5	2182.5
395.2142857	2185.214286
1037.5	2186
257.5357143	2187.821429
982.5	2188
247.962963	2189.037037
252.7	2191.2
394.6	2195.5
866.4117647	2196.764706
1280.214286	2196.821429
363.4444444	2198.333333
1048.170213	2200.702128
788.3846154	2203.384615
1238.666667	2203.5
371.0588235	2203.823529
920.0833333	2207.194444
376.6153846	2208.384615
891	2210
205.3170732	2211.5
1010.086957	2212.608696
451.5	2220.5
1208.397727	2221.261364
393.5	2224
1037.3	2226.1
1318.533333	2226.666667
574.5	2228.5
1195.5	2229.727273
1018.5	2232
1090.15	2239.45
245.3125	2241.875
423.5428571	2246.2
494.5744681	2244.851064
489.6949153	2248.576271
103.5	2249
501.1929825	2251.350877
222.5	2253.5
490.75	2254.464286
495.6458333	2255.395833
492.3529412	2258.058824
955.5	2256.2
505.6385185	2275.902222
1003.380952	2258.571429
328.25	2259.958333
333.5619048	2263.457143
360.5	2263
509.7307692	2264.230769
324.0909091	2266.454545
1156.955556	2266.133333
91.22580645	2266.387097
1226.8	2266.733333
1230.631579	2268.421053
514.8656716	2269.641791
85.53333333	2270.5
269.8823529	2270.588235
1163.75	2271.65
1093.090909	2273.363636
778.6296296	2274.888889
1326.125	2274.875
686	2276.5
793.4210526	2277.289474
786.4666667	2276.288889
518.7111111	2280.644444
1236.636364	2281.454545
409.7	2281.5
361.5526316	2283.315789
792.2978723	2283.085106
924.5454545	2284.363636
1013.190476	2284.047619
1329.71875	2283.5625
411.7692308	2285.307692
1246.230769	2286.730769
673.4210526	2287.578947
1259.714286	2289.857143
181.5	2291.5
411.4	2291.066667
792.25	2290.516667
787.2820513	2298.753846
1263.769231	2291.615385
191.7037037	2293.296296
797.44	2291.68
903.4615385	2293.307692
521.4179104	2297.402985
799.5217391	2295.521739
511.4561404	2297.807018
794.9166667	2296.833333
790.6285714	2299.857143
517.4196429	2304.517857
682.1333333	2301.8
688.3333333	2301.8
801.8873239	2302.577465
797.3571429	2305.339286
667.7142857	2303.5
412.4117647	2305.882353
239.9583333	2307.875
244.5384615	2307.615385
795.625	2309.875
241.3636364	2312.454545
1294.619048	2314.428571
362.2777778	2314.833333
247.1492537	2318.022388
916.2857143	2319.619048
595.6153846	2324.384615
191.3333333	2328.974359
920.6875	2329.46875
311.0769231	2333.692308
316.1914894	2334.382979
889.4705882	2333.588235
945.5714286	2334.619048
602.5238095	2336.619048
603.6956522	2342.695652
1059.5	2343.714286
818.96	2351.76
1140.282609	2356.76087
1288.518519	2356.851852
492.25	2358.375
1146.333333	2357.555556
492.0909091	2361.909091
694.1428571	2361.666667
698.5588235	2363.529412
689.7209302	2363.44186
526.7692308	2366.564103
531.9444444	2366.583333
989.1666667	2368.194444
576.34375	2368.78125
951.5	2369
468.6153846	2377.615385
987.030303	2379.424242
428.2121212	2385.484848
254.9565217	2389.086957
1294.804348	2387.869565
295.3333333	2390.611111
1300.547619	2391.952381
241.25	2393.333333
294.5625	2394.125
245.2	2395.92
1195.608696	2397.434783
1233.833333	2401.916667
223.6	2403.6
1239.566667	2403.966667
215.9454545	2404.527273
555.925	2404.175
208.7692308	2407.307692
1027	2406.619048
204.9	2408.9
929	2409.375
790.1176471	2409.588235
554.4220779	2410.922078
970.2857143	2412.5
190.1481481	2415.037037
564.6869565	2414.286957
558.2307692	2419.769231
566.4596273	2424.993789
573.04	2418.92
175.8571429	2419.785714
171.7647059	2422.294118
164.8421053	2423.578947
573.1333333	2425.6
272.5813953	2425.906977
578.6111111	2428.092593
268.6060606	2429.242424
443.6666667	2429.888889
569.2363636	2435.8
664.6153846	2432.384615
577.8787879	2438.469697
302.1923077	2436.923077
446.5301205	2435.759036
585.3387097	2439.596774
572.9354839	2436.322581
900.3333333	2438.944444
574.8571429	2443.071429
579.1363636	2444.818182
582.9	2445.8
585.4929577	2448.619718
296.8571429	2447.357143
627.5416667	2452.916667
294.2058824	2454.882353
697.75	2460.125
701.5	2460.307692
1247.71875	2459.5
967.75	2468.25
315.4814815	2474.592593
824.8	2474.5
1153.666667	2473.75
570.5	2474.5
625.1666667	2476.5
313.3846154	2478.923077
309.6470588	2481.941176
637.4705882	2485.352941
1183.5	2486
311.5789474	2490.894737
316.027027	2495.972973
260.6153846	2497.384615
254.8235294	2498.058824
206.2857143	2502.607143
114.4285714	2501.928571
1172.878788	2503.272727
1258.866667	2502.555556
113	2505.5
254.9767442	2503.72093
315.9583333	2504.833333
308.9166667	2507.833333
206	2510.5
251.96	2511.4
693.6	2516.5
1220.377778	2518.044444
863.4	2521.24
240.2142857	2522.178571
1108.8	2523.5
696.9090909	2523.636364
994.047619	2522.833333
1162.5	2524.5
998.125	2527.5
820.962963	2527.407407
715.9333333	2528.4
270.1111111	2530.666667
861.5	2531.5
1204.909091	2536.363636
896.1304348	2537.521739
985	2537.5
1253.8	2537.2
418.03125	2543.84375
348.7333333	2544.666667
592.442623	2544.295082
1236.894737	2545.421053
1274.285714	2547.5
181.5789474	2551.421053
1240.411765	2551.058824
1130.5	2555.5
1242.4	2555.6
885.5	2558.5
902.76	2559.48
924	2566.789474
1273.954545	2566.272727
869.8888889	2570.333333
1271.72	2569.48
126.4615385	2570.769231
867.4615385	2573.846154
1099.5	2573
126.625	2575.1875
1263.774194	2577.032258
778.1111111	2579.333333
781.7777778	2579.5
840.6428571	2585.857143
930.8	2585.5
1014.809524	2586.952381
777.2307692	2590.846154
137.5263158	2592.157895
931.3333333	2592
1138.05	2594.9
346	2598.865385
933.2727273	2599.5
344.25	2604.375
1083.448276	2604.482759
1202.090909	2603.254545
887.875	2611.208333
858.9130435	2613.956522
1231.818182	2613.727273
1234.777778	2616.5
1147.5	2620.727273
1239.636364	2625
157.5	2626
1209.166667	2626
1231	2626.729167
1153.603448	2628.793103
892.3636364	2630.090909
1216.090909	2631.363636
169.6	2631.933333
1212.785714	2632.428571
1035.5	2632.5
467.3636364	2635.5
168.1935484	2638.193548
295.1590909	2641.886364
195.2340426	2641.085106
166.8421053	2643.421053
189.8518519	2643.518519
469.1111111	2642.555556
288.2173913	2644.913043
298.5714286	2645.357143
184.7179487	2647.589744
894.2	2647.5
290.6410256	2651.564103
688.8333333	2654.606061
695.94	2657.72
1184.931034	2657.965517
685.1190476	2660.02381
328.3225806	2660.967742
890.3846154	2661.230769
694.9736842	2663.131579
687.8181818	2663.636364
1200.6	2662.75
689.7857143	2666.571429
427.2083333	2673.875
635.5	2677
313.4042553	2677.914894
307.9565217	2680.086957
642.1428571	2681.214286
509.4117647	2687.117647
687.8	2688.24
504	2691.5
1113	2691.5
603.0645161	2692.612903
608.6153846	2694.974359
1099.807692	2694.807692
1127.636364	2696.606061
1136.1875	2696.5
602.2133333	2698.44
1114.6	2697.6
1120.129032	2697.83871
364.8	2702.4
357.21875	2703.46875
675.3076923	2706.076923
271.4117647	2707.235294
642	2707
654.9166667	2707.083333
659.88	2708.28
667.7586207	2708.034483
647.2105263	2709.526316
999.3214286	2708.714286
1083.358974	2711.025641
713.3529412	2712.941176
994.826087	2714.956522
1080.95	2716.1
1197.888889	2716.333333
981.4285714	2717.380952
644.5652174	2717.782609
990.3636364	2717.909091
885.75	2727.75
1219.294118	2736.823529
656.2777778	2736.833333
1214.925926	2740.37037
902.3	2739.9
172.375	2742.625
362.6363636	2742.090909
392.5	2746.285714
367.5555556	2747.333333
181.84	2750.2
422.5	2752.5
1117.195402	2751.804598
1126.857143	2752.190476
182.5535714	2758.428571
974.3636364	2760.909091
187.7619048	2762.285714
676.7777778	2765.533333
1210.833333	2764.2
681.5416667	2766.416667
188.24	2768.28
988.75	2767.95
211.5	2770.777778
190.2058824	2774.058824
997.3846154	2774.461538
270.2619048	2782.97619
1016.272727	2782.909091
1194	2782.862069
263.0952381	2784.904762
254.2857143	2786.071429
258.6470588	2785.588235
1024.333333	2786.47619
246.5384615	2787.692308
251.2307692	2787.230769
1219.5	2788.5
240.75	2789.583333
275.6	2790.828571
1220	2792.692308
225	2797.5
215.5277778	2802.027778
1220.36	2804.88
331.5	2807
1175.916667	2809.333333
579.375	2812.4375
1217.615385	2810.435897
604.6444444	2812.155556
586.3529412	2813.470588
1213.230769	2813.307692
1179.714286	2815.107143
602.7931034	2816
1215.702128	2818.297872
597.8275862	2818.37931
602.6896552	2820.655172
967.3061224	2820.489796
496.8181818	2820.818182
599.5454545	2822.272727
960.2727273	2821.363636
955.1578947	2821.842105
978.7857143	2824.357143
970.53125	2825.34375
1217.181818	2824.340909
981.4761905	2827
622.25	2827.75
623.8333333	2830.083333
835.5	2829.8
1226.8	2829.5
673.5	2832.4
1208	2832.5
1012.294118	2833.235294
1228.714286	2832.5
1043.5	2835.5
1061.4	2835.5
391.4	2836.15
1006.384615	2835.615385
1224.952381	2837.428571
1049.893939	2841.484848
1219.680851	2842.723404
1212.881356	2844.016949
922	2845.5
1036.83871	2843.935484
836.5555556	2845.222222
1186.055556	2844.944444
280.5	2846.6
1223.285714	2846.5
1190.83871	2847.129032
1018.666667	2851.933333
1189.666667	2853.929825
279.6666667	2853.030303
1033	2852.083333
1002.035714	2853.535714
1012.909091	2854.090909
1020.45	2855.45
1026.820513	2854.461538
626.6	2858.24
1181	2857.607843
1174.485294	2858.191176
829.4117647	2859.882353
267.8	2859.96
536.4	2863.6
1204.627907	2862.744186
1144.071429	2865.142857
1209.535714	2865.714286
1150.35	2866.325
1156.545455	2865.522727
347.5	2867.777778
800.4545455	2869.636364
1118.68	2869.16
1139.588235	2871.607843
859.5	2873.285714
1115.264151	2873.773585
1133.694444	2873.5
534.3571429	2874.214286
606.1875	2874.1875
769.6666667	2873.75
1121.25	2874.25
801.8421053	2875.526316
1126.298246	2875.578947
1173.415094	2875.773585
773	2877
1156.868421	2876.631579
1164.487805	2876.902439
1181.1875	2876.395833
1187.78125	2876.78125
801.047619	2879.809524
808	2881
750.5714286	2882.380952
799.375	2883.666667
981.5	2883.5
364.5625	2884.75
809	2887.333333
310.7368421	2887.842105
796.4074074	2888.074074
862.8421053	2888.842105
312.1481481	2891.925926
793.03125	2892.125
992.9411765	2890.764706
1234.227273	2891.181818
922.5	2893.5
1095	2894.615385
258.7777778	2897.185185
1042.777778	2898.5
306.5	2899.5
264.0769231	2900.884615
1098.447368	2899.355263
1027.909091	2903.636364
948.2352941	2909
1033.693548	2911.274194
574.5086207	2912.310345
752.0740741	2913.592593
578.7692308	2917.076923
1214.74	2914.42
576.0930233	2918.976744
573.5824176	2924.846154
604.2222222	2923.5
1056.444444	2925.407407
1207.333333	2925.30303
567.3846154	2929.884615
979.5	2930.5
367.8823529	2932.588235
1080.785714	2933.357143
566.8857143	2936.342857
571.8947368	2933.973684
726.875	2934.625
991.9545455	2935.348485
726.5555556	2939.407407
367.5	2942
566.9777778	2943.811111
930.09375	2949.9375
645.5	2951.5
878.3666667	2953.1
1025.285714	2955.5
405.8888889	2957.111111
645.7826087	2958
1173.375	2962.46875
1191.133333	2964.566667
1001.153846	2968.461538
1197.574468	2969.404255
347.4090909	2972.181818
726	2972.172414
257.5	2974.272727
1039.75	2977.333333
1141.25	2977.25
988.5517241	2978.724138
633.7746479	2980.211268
1009.045455	2979.681818
629.4193548	2982.064516
1209.144928	2982.014493
987.76	2984.52
625.7	2985.65
901.6190476	2986.714286
632.0746269	2990.283582
696.5	2988.5
1212.115385	2989
336.0526316	2990.157895
626.7272727	2990.136364
949	2991.631579
952.5	2994.416667
752.3846154	2994.384615
961.3157895	2994.052632
624.2786885	2995.918033
619.1666667	3002
966.3548387	3002.387097
1036.8	3003.5
1115.4	3003.142857
1207.3	3003.3
755.8181818	3003.818182
970.5882353	3004.529412
355.5769231	3006.923077
1214.125	3007.125
756.516129	3008.16129
1046.444444	3008.111111
351.5	3009.5
620.6111111	3009.111111
342.1176471	3011.588235
347.35	3011.55
1213.211538	3011.884615
1095.04878	3013.756098
579.6818182	3014.681818
1205.555556	3013.84127
786.3846154	3016.615385
1089.875	3016
1006.083333	3018.166667
1076.933333	3017.6
1071.807692	3018.615385
1080.974359	3019.974359
505.2380952	3020.238095
791.5	3020.714286
1087.25	3020.1
1229.153846	3022.230769
1106.541667	3023.958333
1112	3026.217391
1118.029412	3027.323529
1228.705882	3028.117647
405.3333333	3028.833333
874.5833333	3029.027778
1221.090909	3029.745455
1200.166667	3030.722222
1203.636364	3032.545455
1217.181818	3033.636364
406	3035.5
882.0526316	3034.631579
1216.133333	3036.133333
346.3846154	3036.615385
1178.769231	3036.435897
1206	3037.875
1211.357143	3037.071429
1183.641026	3038.615385
828.75	3039.6
621.5789474	3039.578947
778.9333333	3039.933333
850.8095238	3039.095238
270.5	3044.3125
1204.311475	3043.836066
783.7647059	3042.862745
1072.642857	3045.452381
271.8181818	3047.818182
363.969697	3047.606061
383.3928571	3049.214286
359.75	3050.35
875.5	3049.5
561.1707317	3052.414634
377.35	3053.85
1141.909091	3052.909091
373.8695652	3055.391304
835.5	3055.5
830.3846154	3056.615385
1122	3059.5
882.9636364	3058.272727
1125.444444	3058.777778
1151.3	3059.5
1129.173913	3061.130435
880.0434783	3062.695652
1217.5	3062.5
360.9545455	3063.727273
646.2	3062.5
1151.297297	3065.405405
1003.052632	3066.394737
1156.708333	3067.375
400.0714286	3068.142857
900.625	3067.75
815.375	3069.25
1008.045455	3068.318182
360.24	3069.68
395.6153846	3070.384615
651.71875	3069.03125
1003.849057	3074.09434
369.1886792	3074.132075
817.0645161	3074.967742
915	3074.5
355.2727273	3075.212121
754.125	3079.666667
909	3079.210526
352.5862069	3080.793103
349.5217391	3084.956522
910.375	3085.75
907.7333333	3089.066667
1189.586957	3089.956522
1098.034483	3090.586207
561.95	3091.7
839.8888889	3095.944444
846.5652174	3095.521739
849.8571429	3097.357143
897.5	3097.285714
567.8235294	3097.529412
554.2857143	3099.5
1156.553571	3098.464286
847.9565217	3100.565217
1163	3101
547.5	3103.5
356.4210526	3105.157895
803.5	3110.5
765.1851852	3110.62963
1132.5	3115.222222
291.8888889	3116.333333
935	3121
918.3809524	3128.785714
438	3136
930.4761905	3137.785714
343.3636364	3137.909091
966.6764706	3137.470588
1084.058824	3141.235294
811.5	3143.714286
889.4285714	3146.321429
406.5	3147
335.7142857	3147.285714
403.4	3148.7
912.95	3147.9
330.3125	3150.1875
969.9318182	3150.204545
915.25	3151.416667
964.5833333	3153.25
941.27	3155.47
621.5882353	3156.294118
698.0967742	3156.225806
953.0277778	3152.708333
783.5789474	3157.157895
953.8571429	3159.571429
958.037037	3157.259259
946.2	3160.56
701.0779221	3161.818182
996.3793103	3165.448276
1041.83871	3163.612903
796.5555556	3165.222222
1045.95122	3169.512195
910.3709677	3169.677419
326.5	3173
822.2142857	3173.357143
1045.173913	3174.304348
1097	3177.419355
800.625	3179.875
912.826087	3178.782609
744.0793651	3181.206349
825.0869565	3183.434783
1038.666667	3185
970.4545455	3190.818182
467.5	3191.857143
1166.142857	3193.071429
418.6551724	3193.827586
1169.5	3197.909091
469.1428571	3205.071429
785.75	3206.25
475.5416667	3208.416667
468.55	3208.55
1166.5	3209.777778
740.1454545	3210.763636
357.9512195	3213.04878
470.015873	3213.396825
998.625	3215.25
1109.666667	3214.933333
972.875	3216.875
471.2121212	3218.030303
690.6	3218.7
1092.5	3219.5
461.24	3220.18
468.3684211	3220.684211
700.1130435	3218.356522
694.9444444	3222.055556
465.6666667	3223.333333
691.9209184	3236.890306
746.6153846	3222.615385
700.4390244	3228.682927
457.1428571	3225.714286
696.6363636	3226.454545
1152	3225.782609
975.2093023	3226.302326
1156.583333	3227.25
1166.752066	3226.487603
446.2692308	3229.076923
452.4090909	3229.909091
774.3478261	3228.521739
457.5	3231
1152.136364	3230.909091
443.0588235	3232.235294
844.4444444	3230.703704
1155.569231	3236.215385
430.2	3235.5
844.9259259	3234.888889
433.9473684	3237
450.0909091	3237.363636
453.5625	3237.375
838.3846154	3240.153846
1172.333333	3236.936508
444.7142857	3239.685714
929.7142857	3239.428571
844.5405405	3239.864865
450.2352941	3242.235294
1168.875	3243.875
441.7111111	3244.466667
720.3684211	3245.473684
434.0925926	3247.555556
688.04	3250.52
425.9893617	3250.691489
692.4848485	3253.424242
417.125	3254.729167
719.7096774	3258.725806
961.5	3260.777778
964.6428571	3273.464286
1104.535714	3273.035714
477	3280.5
942.4074074	3284.296296
691.2857143	3285.285714
1051.5	3286
1136.371429	3298.6
526.7272727	3305.363636
556.3043478	3305.695652
961.5	3309.166667
1164.575	3307.275
927.3541667	3308.875
1004.391892	3311.743243
547.68	3313.2
746.5	3313.5
933.5172414	3312.586207
966.5	3322.5
564.3478261	3326.869565
1049.733333	3329.8
969.2173913	3331.391304
563.6060606	3332.272727
942.5	3338
560.5	3339.5
522.8055556	3342.861111
781.5	3344.444444
715.8	3344.542857
944.255814	3346.604651
592.6666667	3349.095238
416.2272727	3354.409091
531.5	3356.5
561.6454545	3356.672727
861.0869565	3361.608696
769.7352941	3362.852941
884.6315789	3363
578.1014493	3363.434783
865.5294118	3363.647059
880.0869565	3364.347826
869.9090909	3364.863636
875.0454545	3364.727273
560.7894737	3370.052632
475.5	3369.166667
867	3371
735.2	3377
792.1860465	3381.44186
1070.307692	3382
560.7142857	3384.5
735.1176471	3383.411765
970.6666667	3384.791667
736.04	3388
628.5	3390.2
946.2941176	3390.176471
950.6521739	3389.608696
638.1111111	3390.944444
788.4565217	3390.804348
912.4761905	3390.619048
941.2	3391.04
869.3846154	3392.615385
556.6666667	3395.666667
637.56	3396.88
1056.5	3401.5
592.5	3403
864.5625	3405.75
638.3953488	3405.651163
824.6923077	3407.807692
866.2631579	3409.368421
756.4468085	3409.361702
597.8837209	3410.930233
441.5652174	3414.869565
560.6363636	3414.909091
593.5698925	3417.215054
601.5555556	3414.666667
691.5	3416
716.9333333	3418.333333
826.4285714	3418.095238
601.1666667	3421.366667
636.1923077	3420.653846
713.6111111	3420.166667
1122.887097	3421.241935
658.3529412	3423.823529
593.5555556	3425.111111
601.0833333	3428.166667
637.1111111	3425.722222
822.5	3425.714286
412.962963	3426.314815
596.7207792	3434.305195
605.0681818	3430.420455
529.7142857	3429.5
561.5862069	3428.551724
823.2195122	3430.853659
676.7	3432.35
677.0714286	3435.785714
1027.24	3437.8
526.9767442	3437.465116
531.2363636	3440.527273
594.3076923	3442.038462
525.3636364	3442.636364
519.975	3442.225
502.1111111	3443.666667
515	3445.205882
522.9285714	3448.089286
511.5319149	3449.680851
518.625	3447.75
504.345679	3449.925926
515.8823529	3451.529412
690.5172414	3448.62069
804.9855072	3452.188406
747.5	3450.714286
910.030303	3454.333333
799.64	3453.8
630.6607143	3456.232143
1004.709677	3456.354839
574.6538462	3458.269231
570.6	3459.96
587.5	3464.5
831.5714286	3466.142857
476.2555556	3468.3
632.9473684	3467.578947
468.7971014	3469.550725
823.5882353	3469.882353
629.2857143	3471.785714
576.5	3476
970.4782609	3477.811594
837.3333333	3482.714286
707.5	3484.5
498.5	3487.222222
726.952381	3490.619048
701.8888889	3493.277778
928.984375	3501.59375
924.9811321	3504.754717
939.8	3513.857143
946.8571429	3517.380952
442.05	3525.25
955	3525.5
883.5	3525.571429
1066.111111	3528.666667
1007.25	3530.4
1053.5	3530
880.25	3531.75
611.5	3539.714286
581.15625	3540.875
662.3529412	3543
837.9	3543.05
896.8064516	3542.516129
989.2352941	3543.058824
652.7460317	3543.365079
612.2222222	3545.555556
891.6296296	3546
985.0660377	3550.528302
457.6666667	3551.230769
999.875	3551.4375
996.3571429	3555.142857
1056.083333	3563.291667
833.3333333	3563.75
851.7777778	3563.777778
977.2727273	3563.5
528.04	3564.76
610.2727273	3572.272727
845.1538462	3574.653846
608.3666667	3576.9
510.8125	3576.90625
927.5	3579.5
606.4705882	3581.647059
858.1176471	3580.588235
904.825	3583.35
858.6190476	3584.571429
854.4705882	3588.647059
773.5	3590.714286
811.5	3591
857.5652174	3591.173913
733.25	3593.25
809.1538462	3596
600.5945946	3597.567568
654.64	3601.46
814.8113208	3599.90566
784.0625	3601.0625
778.5806452	3602.935484
991	3603.5
810.3650794	3604.15873
788.2258065	3603.806452
784.875	3608.479167
792.5	3607
779.6923077	3608.615385
763.8571429	3611.5
862.875	3616.375
895.6428571	3616.357143
753.5416667	3618.861111
813.7777778	3619.5
728.2777778	3620.833333
648.9534884	3622.976744
725.047619	3623.238095
756.8095238	3623.666667
808.745098	3628.431373
805.6111111	3634.277778
680	3635.333333
800.1111111	3635.814815
665.3673469	3637.285714
671.8333333	3635.214286
1067.25	3636.666667
775.6153846	3637.384615
651.5	3640.222222
558	3643.526316
623.5	3644
581.4590164	3647.704918
632.3636364	3648.909091
747.875	3649.375
642	3651.5
685.8125	3652.5
692.1	3652.5
907	3652.142857
766.3846154	3652.923077
719.3636364	3654.909091
666.5	3658.5
922.25	3658.4375
772.1842105	3661.868421
677.2463768	3660.666667
1011.5	3664.5
1066.608696	3664.347826
685.0285714	3663.942857
1073.195122	3665.268293
681.56	3668
723.3333333	3668.733333
513.8	3672.5
999.5	3673.5
968.875	3676.875
703.9333333	3677.2
570.2264151	3680.981132
566.0555556	3688.777778
566.078125	3696.804688
683.5	3698.428571
728.8	3698.3
768.6153846	3698.384615
731	3700.5
688.48	3708.32
562.0833333	3717.416667
790.3076923	3717.230769
535.4736842	3721.368421
789.5555556	3725.611111
544.1764706	3726.088235
787.0769231	3729.115385
827.25	3731.5
863.2352941	3731.235294
537.4166667	3732.5625
703.2142857	3731.821429
791.8888889	3731.666667
883.5	3732.727273
530.3636364	3733.909091
788.5	3733.75
671.5882353	3736.882353
829	3738.8
531.4705882	3740.352941
833.9166667	3740.125
530.5	3744
827.8181818	3744.181818
980.0588235	3745.235294
531.1372549	3749.27451
673.92	3750.2
798.2857143	3749.5
838.0909091	3750.636364
671.7222222	3754.222222
983	3755.5
986.3636364	3755.909091
874.5164835	3768.406593
866.7173913	3769.934783
870.1666667	3771.75
692.375	3771.625
595.5952381	3772.142857
688.9583333	3778.270833
696.0833333	3776.55
1044.526316	3776
692.9166667	3781.666667
773.2	3785.066667
691.84375	3789.953125
676.9444444	3787.111111
699.3577236	3785.666667
786.5	3788.5
700.4545455	3793.854545
788.3235294	3794.029412
745	3795.217391
833.3076923	3797
993.3	3797.533333
998.372093	3797.325581
748.6944444	3799.111111
801	3802.692308
667.5	3804.4
731.96	3816.24
665.92	3816.4
657.6153846	3817.615385
669.8333333	3821.916667
1060.227273	3831.909091
1050.290323	3843.774194
849.6341463	3847.341463
958.2631579	3847.684211
963.0888889	3856.977778
760.625	3881
644.6530612	3890.020408
944.75	3891.083333
642.72	3895.64
1077.5	3903
761.3333333	3904.25
839.05	3904.75
733	3907.692308
1044.117647	3928.352941
709.2352941	3934.058824
879.8823529	3933.588235
760.8139535	3935.976744
943.5	3945
820.8	3949
775.72	3954.12
819.5	3957.222222
778.2941176	3958.235294
812.2666667	3960.066667
819.5	3961.2
782.373913	3966.66087
845.5	3963.5
1059.384615	3965.769231
867.6153846	3982.615385
838.3333333	3984.111111
941.862069	3988.068966
735.6153846	3992.384615
890.5	3993.285714
837.9375	3992.40625
833.7	3995.05
900.75	3997.25
939.5	3999.315789
820.75	4000.375
948.9444444	4000.777778
905.8450704	4016.084507
1006.88	4028.64
1002.617647	4030.029412
1013.888889	4034.777778
846.3846154	4036.615385
817.5	4040.777778
1016.68	4042.16
960.8823529	4058.117647
811.5	4058.5
1008.5	4058.666667
1008.24	4062.8
980.0869565	4068.608696
826.8	4073
973.6470588	4077.529412
1000.666667	4077.555556
977	4088.5
916.0909091	4091.424242
922.6046512	4091.860465
1008.875	4092.125
909.8636364	4093.545455
1027	4093.647059
1021.26087	4097.173913
898.2857143	4096.5
911.1034483	4097.655172
917.4772727	4099.284091
868	4101
1018.037037	4100.333333
903.0909091	4110.636364
1048.888889	4116.666667
889.7058824	4127.411765
969.8888889	4130.111111
1054.9	4129.95
820.2142857	4133.357143
861.1666667	4132.555556
999.6428571	4137.238095
969.8709677	4138.290323
977.6309524	4138.452381
990.3018868	4141.207547
1034.863636	4140.727273
997.4285714	4142.857143
840.5	4142.714286
967.0612245	4142.816327
1002.115385	4143.269231
844.3529412	4144.058824
1024.956522	4142.913043
840	4146
972.25	4146.575
1030.728814	4146.152542
1037.90411	4147.739726
1043.605263	4150.289474
865.7142857	4153.5
992	4159.5
1050.541667	4250.333333
952.875	4267.5
996.5	4273.5
954.4090909	4279.954545
966.6153846	4284
959.5333333	4285.866667
964.6296296	4287.518519
