X	Y
0	0
0	6857
6857	0
6857	6857
672.0416667	53.20833333
670.7878788	58
669.1666667	62.125
667	65.26086957
665.5	68
664.9333333	71.66666667
664	75.15384615
663.2857143	78.35714286
664.2857143	82.85714286
662.9268293	98.26829268
610	137.1538462
614.5555556	137.3333333
599.6666667	315
725.4	351.04
732.06	353.08
715.0888889	355.4222222
726.3333333	357.1111111
732.6	357.2
769.5454545	369.1818182
654	422.5
657.4545455	424.6363636
534.1875	439.6875
536.3333333	442.8888889
685.9166667	619.1666667
743.1538462	620.6923077
696.5647059	634.1294118
562.2307692	648.1538462
588.125	648.875
600.9583333	658
496.5	661
558.7692308	666.0769231
555.9090909	668.3636364
887.047619	683.6428571
888.3888889	689.5555556
520.4857143	691.7142857
570.2631579	695.8421053
541.5	712.5
700.3	713.3
492	715.2
492.875	726.125
545.1111111	746.6666667
667.2580645	749.0967742
662.5294118	751.1764706
672.7368421	752.0526316
810.5	757.2
804.6363636	760.0909091
891.5833333	782.75
662.3636364	791.4545455
658.6470588	795.0588235
651.5833333	795.75
723.5	799
649	805.3076923
637.28	808.44
620.313253	813.3012048
627.6119403	812.2686567
633.7916667	815.375
669	815
665.4210526	816.1578947
638.6122449	819.4693878
621.9230769	823.1923077
561.3	825.8
442.7692308	831.2307692
560.0909091	840.0909091
631.7837838	841
555.9230769	842.3076923
647.5	843.5
553.9615385	845.6538462
628.6190476	846.6190476
549.5416667	847.0833333
645.9473684	848.9473684
649.9642857	849.75
639.3684211	853.9473684
623.3913043	855.3152174
653.0487805	858.6829268
624.6046512	860.4651163
621.4807692	865.1153846
651.2758621	863.5172414
641.88	865.28
640.2	870
640.6	876.6
620.6875	882.5625
875.475	885.4
622.0263158	886.6052632
866.2941176	919.6764706
863.6785714	924.0357143
759.125	934.875
682.1904762	947.1428571
596.2666667	949.0666667
629.6666667	951.8333333
714.125	953.125
614.75	956.25
631.2083333	956.125
925.6363636	967.8636364
841.75	972
526.8888889	980.4444444
468.3	979.9
472.6410256	981.2307692
523.2	983.2666667
473.3571429	986.4285714
469.8	985.5
529	989.5
993.125	1026.125
991.9411765	1029.411765
913.875	1047.125
665.6153846	1076.615385
997.4444444	1087.888889
995.0833333	1090.666667
615.5	1103.714286
612.5	1108
604.8085106	1109.510638
736.6666667	1141.481481
741	1143.666667
737.2222222	1145.666667
420.5	1152.125
750.6666667	1153.916667
711.7	1155.7
328.4545455	1157.272727
765.3636364	1157.909091
426.5	1158.5
799.8	1161.5
733.9090909	1165.636364
756.9036145	1168.253012
771.8461538	1166.884615
758.8888889	1169.666667
776.3333333	1172
909.875	1173.125
954.3846154	1173.615385
770.1	1173.85
950.5	1174.8
958.5	1173.911765
773.6666667	1175.333333
340.4545455	1185.454545
343.8214286	1187.964286
331.559322	1189.050847
337.8571429	1193.821429
728	1193.5
333	1196.318182
351.875	1194.875
941.6315789	1196.526316
801.3157895	1198.526316
338.3589744	1201.461538
412	1204
343.7857143	1205.785714
355.2631579	1205.105263
334.53125	1208.0625
328.9090909	1207.363636
347.2608696	1208.565217
340	1210.090909
1022.285714	1210.047619
329.4210526	1211.947368
1019.2	1212.1
840	1218
958.72	1217.04
330	1220.5
329.3125	1224.5625
849.3846154	1224.769231
490.0666667	1226.8
669.3333333	1227.444444
776.125	1226.875
782.8571429	1227.071429
786.875	1228.125
791.2083333	1230.125
834.2777778	1230.055556
785.6	1231.4
1003	1231.333333
832.7727273	1234.272727
802.2857143	1235.071429
836.3636364	1235.606061
633.4482759	1238.551724
845.25	1244.071429
785	1246.5
824.7333333	1250.333333
820.25	1250.75
1016.384615	1252.384615
807.3589744	1252.153846
821.7083333	1253.5
834.7674419	1256.372093
357	1257
830.5	1257
897.2	1258
850	1261
893.4583333	1262.541667
835.2761905	1264.428571
892	1264.666667
898.5	1264.7
833.4333333	1270.266667
848.3461538	1268.269231
861.7619048	1268.619048
894.0769231	1268.307692
897.3636364	1268.909091
602.9038462	1268.576923
597.8333333	1271.277778
598.3571429	1276.071429
603.0625	1276.9375
603	1279.8
837.3181818	1278.954545
830.6567164	1283.358209
806.8	1287.5
759.952381	1314.214286
534.6363636	1316.454545
931	1342.5
904.6190476	1352.047619
930.125	1354.875
709.0416667	1356.458333
630.5	1357.5
578.9130435	1359.521739
941.5	1359
341.6190476	1360.47619
945.9583333	1361.291667
836.5	1366.7
399.7333333	1369.333333
814.969697	1370.545455
811.3888889	1373.888889
767.3333333	1376.444444
602	1379
710.8461538	1379.897436
764	1379.7
715.7272727	1381.909091
727.25	1381.416667
483.5	1383.875
716.125	1384.875
844.3636364	1385.545455
526.2631579	1387.157895
478.9117647	1387.941176
515.2	1388
483.125	1390.875
522.2238806	1392.134328
796.2	1397.6
803.5384615	1397.846154
421.2352941	1409.117647
558.3846154	1410.576923
760.5934959	1412.113821
495.375	1413.90625
548.5	1414.5
763.625	1417.5
555.5	1419
496	1422
772.8571429	1422.071429
553.1111111	1422.444444
556.9	1423.2
492.3333333	1428.111111
803.2	1429
542.84	1430.96
547.8857143	1431.314286
559.4736842	1431.526316
553.8596491	1431.614035
390.4444444	1433.611111
502.8888889	1434.777778
555.5555556	1436.703704
536.8181818	1436.036364
543.4096386	1439.481928
369.6666667	1441.833333
475	1443
483.6666667	1444.111111
889	1444.5
880.4545455	1450.863636
888.68	1458.56
890.375	1473.1875
773.5	1475
560.1075269	1480.548387
565.3877551	1480.714286
577	1480.15
635.8857143	1479.457143
554.2083333	1481.958333
634.1818182	1483.181818
891.3333333	1483.416667
975.5	1491.5
951.625	1492.75
903.4	1495.4
941.2631579	1496.842105
568.44	1500.68
474.6153846	1520.615385
760.6	1533.8
765.8888889	1537.333333
453.6666667	1539.888889
759.9193548	1540.983871
753.2173913	1542.456522
763.8333333	1544.833333
754.0416667	1548.166667
766.8181818	1547.454545
763.5172414	1550
1039.529412	1552.882353
449.125	1554.875
758.2110092	1553.669725
452.7142857	1558
459.2083333	1558.375
450.4615385	1560.384615
415.5555556	1563.333333
420.0545455	1578.509091
433.4666667	1580.333333
523	1588.2
406.0714286	1588.714286
687.1111111	1589.185185
317.3846154	1591.615385
447.6153846	1592.384615
321.4347826	1595.73913
448.36	1598
486	1599
383.2857143	1608.085714
457.8461538	1610.230769
394.5789474	1612.947368
452.4886364	1615.068182
384	1618
453.4716981	1622.396226
458.5	1618.9
409.5	1619.5
438	1616.618182
487	1618.457143
443.8913043	1625.608696
460	1624.111111
450.1	1627.15
432.5	1627.8
507	1629
433.6666667	1630.555556
461.9090909	1630.363636
373.875	1631.125
449.90625	1633.84375
811.3191489	1631.765957
815.8	1635.2
858	1635.2
816.4025974	1641.974026
422.4375	1645.203125
813.6666667	1645.083333
856.1363636	1645
465.5882353	1646.352941
450.05	1649.75
854.7764706	1652.576471
819.3333333	1652.111111
472.185567	1653.329897
480.3043478	1654.695652
851.5384615	1655.153846
484.7083333	1656.916667
855.8	1662
464.125	1662.875
419.8541667	1665.333333
856.173913	1666
442.1538462	1670.115385
448.7096774	1677.645161
772.1538462	1678.653846
771.7105263	1685.210526
1000.684211	1690.736842
1023.5	1704
979.0833333	1719.333333
973.2307692	1720.769231
471.1111111	1729.333333
361.5	1742
1068.4	1744.066667
1010.133333	1750.133333
891.3548387	1763.83871
505.3666667	1767.833333
1064.909091	1772.636364
1075.083333	1774.083333
1053.230769	1777.230769
1060.916667	1778.083333
828.027027	1787.216216
819.8888889	1787.444444
823.2	1787.64
832.5	1789.2
555.1111111	1789.888889
559.0980392	1793.196078
827.3636364	1792.363636
959.8823529	1791.529412
941.2272727	1792.954545
937.3333333	1794.916667
971.875	1799.125
937.1538462	1803.538462
589.6666667	1804.888889
817	1817.2
1021.911765	1819.294118
964.1111111	1827.148148
959.3333333	1828.222222
886.25	1846.75
864.5833333	1855.75
947	1858.357143
910.8846154	1859.653846
1144.046512	1859.418605
908.2352941	1864.764706
857.9090909	1887.363636
887.2424242	1891.090909
891.0909091	1899.363636
598.6111111	1911.5
597.5714286	1916.380952
819	1927
577	1936.545455
581	1950
832.6666667	1953.066667
331.5	1954.3
584.875	1972.875
371.5217391	1975.782609
800	1983
473.6153846	1988.846154
838.8461538	2003.153846
1166.428571	2027.285714
397.3846154	2028.384615
297.8235294	2028.058824
310.5	2028.807692
863	2029
1170.125	2028.875
318.1111111	2031.222222
400	2031.470588
792.6923077	2036.115385
585.9285714	2041.892857
1174.956522	2049.565217
1168	2051.138889
1161.5	2051.666667
1180.647059	2051.529412
738.8983051	2055.457627
732.5151515	2055.212121
1164.181818	2054.181818
663.3333333	2056.066667
736.2	2058.9
736.8735084	2078.229117
742.2	2061.6
1066.5	2060
1059.859649	2060.385965
739	2062.4
837.5	2062.875
739.4047619	2066.238095
853.5714286	2067.571429
740.9	2071.3
743.7352941	2070.852941
943.5	2075.25
1004	2075
571	2081
1111	2081.090909
304.8181818	2087.181818
951.7142857	2086.380952
907.7272727	2090.181818
398.9166667	2095.083333
579.3636364	2097.090909
1152.636364	2101.090909
607	2102
413.5	2108.5
1052.125	2108.125
417.5	2110
649.5	2120.166667
294	2124
367.125	2143.125
357.8333333	2182.722222
364.2	2186.4
453	2191.588235
448.6	2191.4
942.875	2191.875
964.5762712	2194.423729
615.5294118	2192.352941
342.5	2211
625.125	2210.125
450.7857143	2211.714286
785.8571429	2212.809524
624.25	2214.05
268.5882353	2215.882353
547.9230769	2219.769231
381.6363636	2230.090909
668.0909091	2235.636364
342.6	2240.8
340	2242.5
641.1616162	2251.585859
648.7878788	2250
692.5769231	2250.019231
683.7727273	2249.431818
1074.538462	2250.076923
486	2250.5
631.9090909	2251.575758
1070.5	2254
639.875	2263.125
513.0555556	2268.666667
509.4615385	2270.153846
1197.615385	2292.538462
1177.875	2293.125
936.1666667	2295.625
1032.555556	2295.333333
578.5	2296.5
1129.2	2299.9
967.8125	2298.6875
947.5	2308.2
1072	2311
1038.954545	2317.863636
1045.545455	2322.818182
765.75	2324.625
911.2083333	2325.708333
1013	2327
526	2329.357143
903	2328.051282
907.9565217	2329.304348
819.2037037	2332.925926
950.875	2332.625
941.4285714	2334.380952
1012.2	2335.5
288.6875	2337.3125
821.173913	2337.608696
845.9090909	2340.363636
1011.833333	2341.111111
594.3333333	2348.111111
653.3846154	2349.384615
1065	2350.333333
655.8	2352
987.1153846	2353.230769
1055.2	2351.5
1088.1875	2354
840.65	2360.45
411.15625	2364.5625
1017.111111	2365.333333
837.3846154	2366.615385
511	2368
619.9666667	2368.1
277.6666667	2372.444444
896.9375	2373.4375
299.6923077	2387.192308
650.3684211	2393.315789
1031.333333	2393.916667
1014.2	2397
1151.5	2397
624.625	2406.75
300.8571429	2414.071429
366.8	2418
370.1111111	2418.222222
458.125	2421.125
1122.375	2420.25
1117.526316	2423.052632
258.8181818	2427.181818
537.5	2431
391.1818182	2439.818182
323.8	2442
290.5454545	2462.363636
648.7	2463.5
647.8333333	2467.888889
525.7	2484.8
1058.214286	2485.642857
569	2492.5
363.5	2504
997.6	2540.666667
1025.25	2550.166667
835.3846154	2566.384615
1232.875	2566.125
425.75	2569.625
926	2573
954.8571429	2580.785714
780.5	2598
264	2600
1096.588235	2611.941176
221.875	2615.875
685.7647059	2621.764706
434.7	2641.2
176.0952381	2645.52381
395.2	2647.2
413	2647.5
431.0952381	2648.285714
434.7	2648.5
690.0588235	2651.647059
438.1818182	2652.545455
689.6666667	2657.166667
446.5	2661.125
688.4814815	2662.37037
440.1785714	2663.5
595.6153846	2664.846154
446.75	2664.416667
686.5454545	2671
305.8666667	2673.533333
432.7777778	2675.833333
307.6923077	2676.384615
1242.25	2676.875
685.4736842	2680.052632
255.0645161	2684.451613
684.4666667	2684.133333
540.8	2685.3
476.25	2687.4375
1101.307692	2688.538462
528.12	2689.48
958.2368421	2689.236842
683.1818182	2691.909091
1083.071429	2692.285714
540.1153846	2692.576923
864.8571429	2692.214286
888.4655172	2694.396552
869.9444444	2695.611111
944.3636364	2698.227273
528.3684211	2698.157895
881.8571429	2698.071429
448.6	2700.571429
457.25	2701.5
533.6666667	2700.888889
727.1282051	2701.102564
735.244898	2701.387755
884.76	2698.52
682.5	2702.214286
530.5833333	2703.25
523.6363636	2705.090909
735.5	2705.3
748.5526316	2706.526316
681.9375	2707.3125
741	2706
755.3333333	2708.666667
518.2857143	2710.190476
506.7419355	2711.903226
567.3166667	2712.566667
891.3125	2710.5625
958.2083333	2710.291667
722.3125	2712.875
573.8684211	2712.333333
763.85	2715.3
891.0625	2713.9375
960	2713.666667
1188.5	2715.6875
434.4444444	2715.666667
718.8421053	2718.578947
827.7368421	2717.894737
965.2777778	2717.611111
971.8461538	2717.538462
560.4285714	2718.380952
332.3	2720.2
714.9090909	2720.272727
684.9285714	2721.428571
690.7916667	2722.375
968.5294118	2721.058824
673.3	2720.885714
701.8666667	2722.266667
709.1052632	2722.526316
652.9166667	2724.333333
963.1666667	2723.916667
848.8823529	2725.941176
270.9090909	2725.818182
822.9411765	2726.588235
966.2352941	2726.176471
961.9411765	2729.411765
533.5384615	2729.846154
611.5	2731.454545
475.2608696	2733.521739
958.1	2733.8
546.9333333	2735.4
962	2735.34375
975.8205128	2737.717949
882.6875	2738.0625
955.125	2739.75
969.6571429	2741.8
961.4516129	2743.096774
292.125	2745.125
956.9090909	2745.181818
608.3928571	2746.5
499.7142857	2746.928571
503.9782609	2749.913043
510.1076923	2753.338462
952.5384615	2754.615385
178.6666667	2755.733333
504.1923077	2756.730769
561.5	2763.333333
553.75	2764.75
550	2766.789474
529.1818182	2770.818182
337.5882353	2789.882353
1271.5	2792.5
527.0416667	2807.875
745	2807
662.5	2817.142857
660.3684211	2820.421053
762.3636364	2828.363636
1226.387097	2841.387097
408.2166667	2852.066667
404.1904762	2854.285714
819.4545455	2854.636364
413.625	2858.6875
814.4545455	2863.636364
794.875	2866.125
1167.875	2865.875
341.1818182	2874.772727
1151.636364	2875.909091
1051	2884.166667
1204.555556	2891.333333
1197.222222	2892.111111
335.2142857	2893.642857
225.1176471	2902.529412
229.25	2902.5
840.0666667	2907.733333
886.8474576	2912.288136
1148.533333	2914.1
678.875	2921.875
990.5	2921.8
1158.636364	2923.090909
1164.8	2923
677.4666667	2925.133333
940.7083333	2929.291667
1187.5	2931.125
935.4411765	2930.676471
202.7647059	2932.705882
865.0851064	2932.574468
1182.727273	2933.727273
940.1764706	2934.235294
862.2105263	2935.526316
210.875	2937.125
867.3809524	2937.428571
740.875	2943.875
225.5	2946.5
100.6666667	2954.888889
471.5	2962.7
263.4090909	2974.363636
1278.214286	2976.285714
1101	2988.157895
1112.666667	2992.555556
1106.5	2994.5
418.5	2996
193.3809524	2996.666667
1119.384615	2996.692308
1146.428571	3000.857143
1156.619048	3001.619048
407.75	3001.666667
565	3003.2
1163.75	3003.666667
140.0625	3016.3125
279.4545455	3023.181818
397.5882353	3023.117647
278.25	3026.333333
282.05	3025.7
490.8571429	3026.428571
1089.681818	3026.704545
1247.4	3028.5
1251.875	3028.875
489.6818182	3030.318182
94.36842105	3038.815789
100.6315789	3037.421053
1101	3049.5
142.8888889	3051.666667
260.5789474	3052.631579
435.5454545	3055.340909
438.5294118	3058.529412
1178.769231	3058.615385
445.875	3060.875
442.7692308	3063.230769
180.125	3069.416667
174.5833333	3070.25
137.9375	3073.6875
492.5588235	3075.911765
282.6086957	3077.086957
1060.125	3076.875
181.125	3079.875
229.7777778	3080.444444
489	3080.692308
235.8333333	3081.916667
181.125	3083.125
603.9787234	3091.702128
1079.75	3090.583333
598.6818182	3093.5
116	3097.291667
475.5789474	3097.894737
210.5625	3102.5625
474.9230769	3102.692308
866.2727273	3106.848485
477.6153846	3108.153846
109.1363636	3111.272727
873.3333333	3174.111111
660.9090909	3175.636364
702.4516129	3178.419355
357.1111111	3178.777778
782.875	3182.125
105	3185.2
495.3333333	3185.25
600.0714286	3187.285714
1274.107143	3189.75
782.2	3197
635	3198
397.2820513	3203.461538
565.9791667	3206.5
929.8571429	3210.714286
1258.137931	3213.37931
1264.318182	3213.363636
877.1176471	3213.470588
170	3214.8
903.8863636	3217.636364
223.3888889	3218.5
224	3223.2
497.875	3222.875
401.125	3224.125
1012.25	3227.3
218.5185185	3230.851852
222.125	3232.875
225.7142857	3234.428571
746.5833333	3234.25
462.5217391	3235.391304
213	3236
209.5	3237
1158.636364	3236.909091
461.8571429	3239
1168.742857	3237.942857
212.9090909	3242.181818
1130.3125	3249.625
1118.833333	3250.916667
219.7931034	3254.965517
1004.909091	3255.363636
1291.2	3256
408.3846154	3262.423077
1003.125	3264.875
88	3270.5
782.5	3274
747.5	3281.5
169.8235294	3281.470588
974.8333333	3289.083333
455.6666667	3297.666667
1254.8	3297
1258.363636	3296.909091
992.2857143	3298
196.4666667	3300.333333
199.6363636	3301.727273
1255.125	3301.125
991.6666667	3309.75
472.0416667	3313.291667
771.4166667	3331.25
449.9655172	3333.931034
484.875	3344.875
639.8627451	3361
66	3383.083333
68.5	3384.125
170.4782609	3384.391304
298	3385
224.3214286	3391.892857
1058.842105	3392.684211
1112.666667	3392.888889
220.52	3397.32
674.75	3398.333333
795.1111111	3400.333333
1066.333333	3399.833333
216.9285714	3400.785714
1233.714286	3404.5
1239.703704	3403.777778
574.8888889	3407.333333
498.2666667	3412.8
217.6842105	3416
106.3636364	3418.090909
297.5833333	3422.833333
180.1764706	3423.764706
468.7714286	3424.057143
1030.6	3424.371429
424.962963	3427.074074
1031.5	3429.25
1036.148148	3426.222222
1040.736842	3427.368421
1052	3427.894737
427.6	3430
1036.814815	3431.407407
1061.615385	3432.615385
186.5	3433.8
971.5625	3433.75
1179.5	3435
83	3436.5
752.7407407	3435.777778
759.1263158	3441.642105
751.1862069	3446.089655
1072	3438.333333
1076.695652	3441.043478
158.2	3443.4
1080.823529	3444.235294
637.5	3444.5
1110.833333	3446.333333
410.25	3448.442308
416.6785714	3446.607143
1105.25	3448.25
1133.666667	3450.166667
208.4857143	3452.942857
1076.75	3452.666667
1295	3452.5
74.46153846	3454.615385
202.2	3456.3
748.125	3455.875
1072.636364	3459.090909
1062.555556	3460.777778
196.5357143	3460.785714
997.5666667	3462.2
1042.7	3462.7
1184.783784	3464.783784
1103.421053	3463.894737
149.7894737	3470.157895
189.0588235	3473.529412
609.5625	3473.75
967.7391304	3473.217391
475	3476.941176
1276.96875	3479.171875
216	3479
182.1363636	3480.409091
219.5	3480
1201.833333	3482.916667
1023.777778	3484.074074
1031.227273	3484.977273
971.7307692	3488.923077
1084	3492.5
885.6666667	3493.444444
1095.208333	3494.208333
255.3529412	3495.117647
1089.875	3495.125
65.375	3495.375
1058.181818	3496.136364
259.6363636	3496.909091
1089.666667	3500.133333
428.5555556	3501.277778
108.3846154	3503.230769
628.8571429	3503.071429
423.25	3503.875
729.4444444	3504.666667
1070.875	3506.125
246.7222222	3508
1068.2	3508.9
824.6153846	3510.384615
641.8181818	3511.272727
1071.692308	3510.538462
1036	3513
1067.714286	3513.107143
889	3514
1122	3513.5
267.9333333	3514.8
705	3515
741.875	3520.5
1085.071429	3520.071429
629.125	3520.875
696.5333333	3521.866667
737.8	3522.8
631.3125	3524.6875
694.5833333	3524.75
231	3527.72
1055.727273	3528.909091
112.5454545	3529.818182
736.0666667	3527.933333
1051.235294	3529.764706
1164.5	3530.8125
736.6521739	3531.826087
1046.456522	3536.086957
946.5882353	3534.882353
598.4285714	3537.714286
787.625	3538.03125
938.6153846	3538.384615
944.3333333	3537.888889
1038.137931	3540.758621
993.8333333	3545.05
717.5833333	3547
1029.884615	3548.961538
713.2608696	3554.956522
1214.875	3556.125
712.375	3559.5625
709.2	3560.266667
639.75	3572
640.25	3577.416667
701.0909091	3582.636364
700.8333333	3585.75
235.1212121	3588.787879
679.5384615	3590.769231
734.0740741	3594
827	3594.5
688.6666667	3595.380952
691.9090909	3595.636364
772.2105263	3596.105263
118.6666667	3596.777778
835.3333333	3596.888889
115.6666667	3597.888889
734.3846154	3598.153846
396.125	3599.875
739	3600.8
735.125	3601.75
832.1304348	3602.304348
739.0606061	3607.424242
774.7419355	3615.419355
168.6153846	3619
768.125	3618.875
765.125	3621.875
769.3125	3622.9375
782.9807692	3623.903846
776.6363636	3623.909091
780.6666667	3627.333333
751.962963	3627.925926
952.6666667	3625.555556
1197.681818	3626.681818
461.9545455	3627.727273
767.8571429	3626.857143
454.5	3629.8
458.5454545	3630.363636
782.3846154	3630.230769
964.6923077	3630
1201.944444	3629.833333
958.1111111	3631.666667
461.6666667	3632.5
600.3636364	3635.454545
89.125	3635.875
780.2666667	3642.666667
477.05	3649.95
730.0909091	3651.363636
748.875	3654.125
228.4615385	3655.384615
809.875	3654.875
1273.125	3654.875
750.5384615	3656.615385
470.9411765	3659.352941
70.78947368	3662.631579
1258	3665
353.6	3667.933333
423.4237288	3668.559322
422.4375	3671.75
430.1176471	3676.117647
553.7727273	3675.590909
888.6153846	3676.384615
436.875	3676.291667
1207.647059	3681.607843
691.625	3683
142.0714286	3684
145.8823529	3683.588235
695	3685.666667
849.2608696	3689.391304
688.75	3706.583333
654.6666667	3709.666667
1035.6	3714.9
845.3333333	3718.555556
446.9375	3719.125
783	3720
1211.8	3725
231.8	3725.7
1215.5	3726
1219.4	3727.7
1107.230769	3728.615385
1034.666667	3728.916667
489.6666667	3731
808.5833333	3733.75
1026.181818	3734.363636
154.6666667	3738.916667
1024.384615	3738.615385
389.3846154	3743.538462
1089.666667	3746.266667
603.125	3746.875
606.6428571	3747.928571
1056.62069	3750.586207
786.0833333	3750.833333
796.1176471	3752.588235
937	3753
916.875	3756.125
801.5	3757
919.8	3757.1
780.2307692	3761.230769
1026.038462	3761.346154
1021.2	3762.666667
1286.363636	3763.227273
93.38461538	3763.615385
889.3636364	3766.272727
889.2666667	3769.666667
1067.333333	3772.888889
1069.875	3775.125
1073.888889	3780.555556
308.952381	3784.666667
1075.7	3784.4
172.5	3792.5
176.7142857	3792.142857
491.9354839	3796.419355
470.7777778	3800.511111
1273.266667	3802.2
476.4418605	3804
1237.409091	3805.227273
471.6470588	3806.176471
180	3807
182.875	3806.875
387.6666667	3810.083333
1306.885714	3810.914286
1062.666667	3815.5
713.6363636	3818.181818
1122.12766	3818.787234
1020.153846	3820.461538
594.875	3825.575
231.2222222	3829.444444
238.0833333	3829.916667
125.5714286	3831.857143
435.1219512	3832.195122
507	3832
121.75	3833.4375
710.0487805	3833.756098
717.125	3832.75
430.6842105	3836.421053
703.047619	3836.095238
1162.333333	3837.333333
1157.875	3841.125
1280.25	3842.8
1276.470588	3843.235294
224.6153846	3844.769231
681.1034483	3845.586207
968.3846154	3844.846154
1256.619048	3845
227.1111111	3847.666667
1212.066667	3848.4
1219	3849
332.125	3850.75
378	3851
755.2941176	3850.470588
373.8636364	3852.863636
380.8888889	3851.333333
333.5	3853.5
268.8888889	3856.222222
1049.5	3858.777778
894.6	3872.133333
621.8888889	3873.740741
710.2666667	3876.066667
811.3809524	3877.595238
806.5625	3877.125
815.5	3880.842105
701.75	3887.583333
1080.7	3887.65
1083.125	3890.75
1079.5	3893
1217.363636	3894.545455
990.125	3897.875
558.6666667	3900.555556
1211.875	3901.375
959.9090909	3907.636364
951.8181818	3909.545455
1291.571429	3910.628571
1225	3912.5
588.875	3915.125
1072.1	3917.2
1075.833333	3917.666667
1230.5	3918
1095.075472	3918.886792
1087.153846	3919.615385
186.2727273	3921.090909
455.6666667	3923.888889
1269.041667	3931.166667
738.5555556	3936.111111
548.1111111	3939.666667
1229.074074	3941.481481
1187.238095	3942.380952
1178.318182	3945.136364
1225.25	3945.25
955.2727273	3957.727273
955.0909091	3961.363636
517.8571429	3961.928571
894	3965.111111
976.1538462	3966.923077
839.5	3969.113636
976.4166667	3972.25
975.3846154	3975.538462
232.125	3977.125
335.1538462	3979.230769
338.05	3982.5
447.875	3983.125
1010.526316	3986.210526
1043.909091	3984.636364
1016.413043	3987.543478
1045.333333	3988.666667
564	3996
1043.285714	4002.642857
402.1818182	4004.818182
1015.794872	4005.076923
1045.727273	4007.590909
1043.225806	4009.967742
853	4010.95
1180.888889	4016.333333
560	4018
1047.5	4019.5
1052.96875	4017.609375
1020.5	4024.285714
1111.785714	4025.357143
141.875	4026.875
461.3888889	4032.777778
590	4032.5
233	4035
165.1538462	4035.923077
1260.133333	4041.533333
1001.740741	4052.018519
1031.473684	4055.289474
1046.857143	4055.142857
348.95	4055.75
952.6923077	4057.076923
995.3764706	4055.858824
251.2857143	4061.428571
242.8888889	4062.666667
884.8285714	4065.185714
1259.8	4065.733333
887.9347826	4071.413043
433	4070.538462
429.1428571	4071.785714
425.0952381	4074.52381
306	4078
1079.9	4079.8
535	4083.5
988.6153846	4083.076923
1135.941176	4083.235294
1215.363636	4087.909091
412.25	4089.4375
1043.090909	4090.909091
408.6153846	4092.384615
1084	4093
1051.4	4095.2
1078.333333	4097.333333
1056.791667	4098.833333
1123.5	4100
1104.294118	4103.294118
511.875	4103.875
1009.561404	4104.77193
572	4104.5
601	4111.157895
1111.553846	4110.430769
1007.2	4112
445.3846154	4113
496.6190476	4113.571429
710.3846154	4114.615385
442.7	4117.2
895.9857143	4120.085714
890.0833333	4121.604167
498.4	4119.2
901.6451613	4120.548387
556.8181818	4122.545455
624.8	4122.6
899	4127.3125
487.75	4126.95
622.7428571	4126.171429
1132.25	4127.416667
865	4130.2
799.4	4133.75
1003	4134.2
346.1395349	4140.023256
424	4145.307692
557.5714286	4146.190476
556.8333333	4151.222222
556.5	4156
477.625	4165.75
765.6875	4169.9375
335.9333333	4174.2
764.0434783	4176.391304
350.8571429	4178.928571
187.7826087	4180.26087
346.6923077	4180.076923
237.95	4181.4
536	4181.5
186.4782609	4186.347826
311	4184.631579
349.6470588	4186
615	4186.8
185.4705882	4191.882353
674.1666667	4190.666667
477.5	4192
416.6764706	4196.441176
1039.25	4196.840909
1040.744186	4202.697674
766.48	4206.8
235.6666667	4206
1046.076923	4209.115385
393.8333333	4217.083333
1048.272727	4217.272727
399	4218.142857
733.125	4220.875
734.1666667	4224.166667
1048.83871	4225.172043
1145.916667	4225.041667
934.3846154	4226.538462
1046.333333	4231.666667
410.5714286	4236.380952
407.4666667	4240.133333
505.625	4242.625
234.5833333	4245.333333
303.3333333	4246.666667
230	4248
1231	4249.2
643.4736842	4256.842105
535.6666667	4257.933333
541.2307692	4258.846154
488.1764706	4268.823529
1161.125	4268.125
1009.111111	4270.666667
317.9032258	4271.451613
752.7619048	4272.190476
795	4272
748.5	4273.25
1087.180556	4274.513889
1239	4275.148936
1093.25	4279.9375
474.6363636	4280.909091
1097.241379	4283.896552
368.7692308	4286.884615
1101.375	4287.625
363.6470588	4289.764706
1075.888889	4290.277778
359.3157895	4290.842105
1104.913043	4291.521739
238	4292
355.7272727	4292.272727
465.125	4300.125
1221.833333	4304.555556
1227.066667	4303.933333
1024.8	4306
645.6153846	4306.961538
1082.153846	4313.358974
1076.473684	4313.736842
1087.333333	4314.444444
1089.888889	4315.444444
1092.666667	4317
1135.590909	4321.090909
1139.5	4321.3
929.2666667	4324
1143.322581	4323.806452
455.3636364	4325.545455
923	4325
1148.6875	4324.8125
994.030303	4327.181818
1154.73913	4326.782609
920.3	4328.3
988.2	4356.866667
992.75	4366.35
699.125	4368.125
695.9090909	4369.363636
1243.125	4373.125
625.3636364	4387.090909
539.0952381	4388.190476
621.875	4387.875
589.3636364	4394.090909
577.875	4392.75
958.25	4395.75
559.44	4401.92
557.64	4409.68
587	4411.875
918	4412
940.6	4413.4
1186.333333	4425.25
603	4436
597.56	4437.88
964.1333333	4438.466667
1053	4442.818182
521.9736842	4443.368421
668.3333333	4446.555556
686.5862069	4449.103448
1053.555556	4448.777778
987.8666667	4452.666667
965.6363636	4453.090909
625.8	4455
888	4455
961.7058824	4454.882353
986.9090909	4457.363636
968	4459.5
1058.764706	4460
975	4462
904.2777778	4463.611111
1057.086957	4465.782609
1061.9	4464.933333
628.4893617	4468.765957
1053	4468.181818
821.75	4470.75
1048.538462	4470.846154
819.8333333	4473.583333
636.2666667	4475.666667
645.6071429	4475.607143
662.6888889	4476.066667
631.5714286	4476.142857
942.1666667	4477.333333
1203.857143	4478.071429
1092.736842	4480.947368
817.2727273	4480
942.1111111	4484.666667
815.875	4485.875
446.6944444	4489.166667
943.3529412	4488.764706
548.6666667	4492.666667
491	4494
495	4494
943.0869565	4494.391304
327.2	4496
485.0555556	4495.888889
643.972973	4495.810811
487.75	4498.375
417.3846154	4498.846154
641.2222222	4500.111111
952.05	4500.4
944.4285714	4501.714286
283.6363636	4505.090909
375.2931034	4507.086207
507.125	4509.875
608.961039	4511.597403
895.2352941	4512.882353
229.125	4514.125
866.8	4519.333333
957.15	4524.35
973.1904762	4524.428571
1078.590909	4527.5
1121.642857	4527.5
417	4529.578947
889.3478261	4530.73913
734.6846847	4533.063063
958.5	4532.5
735.75	4534.375
898.875	4534.125
738.8	4538.15
887.1818182	4537.318182
734.625	4539.625
884.40625	4544.84375
881.4	4551.25
895.3870968	4555.16129
478.875	4556.125
879.0909091	4556.363636
876.1538462	4561.230769
652.75	4565.25
874.9090909	4565.363636
234.875	4566.125
361.1875	4571.625
790.2297297	4576.513514
1184.363636	4576.090909
360.1818182	4577.757576
795.2972973	4578.405405
872.1666667	4577.916667
1077.444444	4579.333333
1083.5	4579.5
785.5882353	4579.529412
789.0465116	4588.093023
799.9767442	4587.430233
775.6714286	4585.728571
794.4705882	4587.852941
780.0769231	4592.692308
773.1851852	4591.907407
408.7692308	4594.769231
777.4	4596.8
788.1555556	4599.022222
796.75	4597.147727
791.3333333	4600.266667
866.9583333	4610.458333
1067	4610.5
270.5	4610.25
473.6470588	4611.235294
478.8666667	4611.533333
268.7407407	4614.148148
968.2857143	4616.761905
1076.615385	4620.461538
1088.333333	4621.466667
648.65625	4620.5625
649.1176471	4626.294118
1078.5625	4627.25
907.9583333	4628.458333
964.5	4629
1221.214286	4629
1228.380952	4629.142857
318.0588235	4629.764706
314.3333333	4631.222222
909.3846154	4631.923077
350.173913	4642.608696
344.3333333	4646.6
1206.181818	4650.545455
723.2916667	4652.958333
723.0512821	4659
974.25	4663.6875
371.5882353	4666.117647
421.1875	4666.9375
970.6428571	4666.214286
718.7307692	4668.807692
949.5333333	4671.333333
969.3684211	4673.473684
965.6078431	4671.607843
598.3125	4672.9375
959.1538462	4674.538462
983.4210526	4675.578947
404	4677.818182
400.6428571	4679.285714
544	4679.518519
1129.518519	4678.62963
396.6875	4681.125
548.9285714	4679.714286
989	4679.5
690.1578947	4681
984.2894737	4681.842105
693.1612903	4684.612903
840	4685.8125
1235.105263	4687.421053
838.125	4694.875
1198.090909	4696.363636
1203.230769	4697.884615
1208.9375	4700.3125
1102.888889	4700.666667
886.4166667	4703.75
812.4	4705.16
1197.125	4704.875
633.7222222	4705.75
882.6111111	4709.62963
438	4711.384615
1102.666667	4712
887.4	4713.4
899.92	4716.56
1108.416667	4718.25
459.5238095	4722.619048
277.5	4724
958.5	4724.2
568.6	4725.7
937.5882353	4726.117647
1199.428571	4726
566.25	4726.75
879.2873563	4737.850575
882.6969697	4734.969697
976	4735.5
875.6285714	4745.171429
924.75	4741.85
935.9166667	4740.666667
939.6923077	4740.769231
536.1176471	4743.588235
920.9130435	4745.652174
864.2222222	4746.611111
976.05	4755.75
621.5	4756
880.5890411	4756.369863
978.7	4758.9
890.1875	4760.15625
973.6875	4758.875
858.4	4761.35
871.25	4762.833333
894.9375	4761.375
898.0869565	4763.913043
422.5	4764
866	4766.851852
862.125	4766.875
892	4767.956522
871.8888889	4768.555556
882.25	4769.05
922.8125	4770.5
260.6666667	4773.388889
913.5454545	4775.363636
690.3333333	4776.444444
873.6666667	4775.666667
883.6956522	4778.543478
892.1333333	4778.933333
888.1428571	4778.238095
879.6363636	4781.636364
889.6428571	4782.714286
1089.944444	4783.333333
659.1111111	4784.333333
877.1111111	4784.888889
892.3793103	4786.241379
696.7333333	4794.933333
910.9444444	4805.888889
1193.5	4808
743.6153846	4810.384615
882.75	4814.333333
1013.09434	4817.264151
485.5862069	4820.862069
588.4117647	4825.235294
609.125	4835.875
621.1764706	4839.176471
962.7407407	4843.740741
342.125	4847.125
335	4848.5
1236.153846	4850
680	4851.5
502.8888889	4859.333333
973.5	4858.5
597.7763158	4863.460526
251.8235294	4865.235294
1183.3	4864.7
594.2807018	4870.333333
599.5416667	4872.083333
604.2758621	4870
629.0434783	4872
376.7272727	4875.272727
620.7528958	4885.459459
824.7966102	4877.847458
1191.545455	4877.363636
619.3636364	4880.454545
830.4594595	4879.378378
332.3333333	4883.333333
328.4166667	4883.916667
1196.088235	4884.794118
1201.214286	4888.25
1206.071429	4890.857143
960.7142857	4893.071429
1193.12	4893.08
1212.258065	4893.483871
1217.142857	4896.285714
609.7391304	4900.130435
1219.833333	4898.333333
1174.9	4899.1
1189.235294	4899.941176
1222.25	4900.375
400	4902.529412
404.6315789	4901.421053
1182.352941	4902.941176
1225.315789	4901.736842
388.9722222	4904.583333
910.3	4907.8
915.125	4908.875
752.5	4916.8
1117.444444	4917.666667
919.3114754	4917.901639
606.5	4922.5
601.4583333	4925.75
605.375	4927.791667
522	4931.8
997.125	4931.875
508.3888889	4932.722222
525.3703704	4938.888889
512.5862069	4943.344828
1075.454545	4943.818182
886.9333333	4947.766667
943.1538462	4947
720.1111111	4956
377.5833333	4958.75
535	4958.928571
371.34375	4961.84375
533	4961
872.125	4961.125
718.9	4962.1
318.625	4963.25
619.6666667	4966.444444
383	4967
358	4970
352.5384615	4970.615385
383	4970.2
1151.875	4974.125
265.5	4976.5
676.3636364	4988.909091
994	4989.5
455.6666667	4991.111111
672.9230769	4991.769231
997	4992.615385
1009.357143	5002.214286
1180.333333	5006.111111
1175.368421	5008.473684
1169.941176	5010.411765
790.875	5011.875
946.6428571	5014.714286
810.9642857	5016.035714
638.3846154	5017.384615
943.0769231	5016.615385
940.1818182	5017.909091
352.3684211	5020.263158
1080.058824	5021.588235
809.9268293	5021.878049
541.6071429	5025.035714
802	5033.2
798.875	5039.875
1041	5045.5
569.5	5045.3125
1124.5	5051.5
618.3636364	5052.090909
619.7222222	5056
1127.545455	5056.181818
959.137931	5063.413793
862.8333333	5069.444444
633.7608696	5072.217391
860.6153846	5072.846154
1091.866667	5075.533333
1098.916667	5078.666667
588.3636364	5082.909091
625.3	5083.4
705.4615385	5085.615385
1156.702703	5095.243243
1162.3125	5099.375
660.2352941	5103.117647
1156.428571	5117.190476
562.1818182	5121.818182
694.8888889	5126.333333
814.875	5130.125
775.2222222	5135.111111
781.9285714	5135.142857
928.8181818	5138.181818
400.0555556	5145.222222
709.4666667	5147.333333
1040.833333	5152.916667
1049.705882	5152.411765
863	5154.5
886.6666667	5156.333333
712.125	5157.875
1095.294118	5160.764706
1108.5	5165.5
285.7391304	5167.391304
435.3076923	5167.923077
281.3333333	5169.555556
599.4166667	5169.75
555.8888889	5177.333333
564.5882353	5179.941176
1158.692308	5184.769231
1163.5	5187
623	5188.230769
1166.928571	5188.785714
1169.666667	5190.222222
590	5191.25
536.5833333	5192.75
741.8181818	5196.272727
592.2941176	5197.882353
808.5714286	5202.666667
581.875	5205.125
845.3333333	5204.888889
371.1333333	5208.533333
359.5	5219
711	5226.166667
928.8846154	5225.692308
339.1111111	5237.333333
357	5236.5
335.8461538	5239.269231
347.875	5240.125
489.6206897	5239.793103
518.1111111	5241.111111
563.6666667	5243.555556
578.5	5243
816.5	5243.5
896.7142857	5244
712.5714286	5242.714286
809.5	5247
712.6111111	5248
784.3985507	5249.347826
716.6538462	5249.653846
777.7142857	5250.464286
624.2	5251.1
711.8888889	5252.555556
626.8888889	5253.777778
709.4615385	5255.307692
705.0512821	5255.282051
815.5	5255.714286
692.9583333	5258.333333
697.2068966	5260.775862
1091.4	5261.85
658.2056075	5266.093458
1100	5263
653.8333333	5264.833333
664.5	5263.85
1100.5	5266
1105.32	5267.2
661.25	5272.28125
793.2	5269.5
654.5961538	5275.730769
1110.818182	5273.045455
660.3866667	5279.586667
538.5	5276
596.9473684	5276.789474
653.4615385	5282
592.5217391	5280.73913
888.7857143	5281.5
396.1111111	5284.555556
653.16	5286.32
812.1176471	5288.529412
507.75	5292.416667
773.04	5297.28
989.8095238	5297.904762
994.4166667	5299.25
508.6842105	5299.842105
775.875	5302.125
997.7857143	5301.642857
679.3846154	5303.948718
511.5	5304.5
1001.583333	5303.75
416.0909091	5305.636364
673.4848485	5306.575758
1047.909091	5306.818182
1062.410256	5307.512821
891	5307.842105
532.3636364	5309.454545
409.6363636	5310
558	5309.5
677.7592593	5310.685185
684.2352941	5312.411765
779.8	5315.12
680.8695652	5316.173913
792.8846154	5317.807692
406	5319.5
902.0869565	5318.565217
685.7647059	5320.254902
590.6315789	5325
687.3220339	5327.474576
724.0333333	5337.033333
588.8461538	5333.384615
629.4090909	5336.242424
678.6190476	5342.428571
680.125	5347.125
855.8888889	5349.5
587.8461538	5350.461538
952.5384615	5372.153846
963.3636364	5382.090909
675.8	5384
327	5384.769231
988.36	5386.6
706.3846154	5390.384615
385.9642857	5403.535714
743	5404.5
581.625	5405.8125
704.6153846	5406.615385
883	5408
328.9230769	5409.692308
375.3684211	5410.578947
571.6086957	5412
901	5413.357143
904.3846154	5416
584.8	5416.76
908.75	5418.375
878.3125	5425.1875
622.5882353	5429.529412
1062.636364	5431.090909
795.0526316	5441.789474
902	5444
731.4285714	5445.047619
653.4	5454.6
947	5457.857143
897.8181818	5458.454545
474.25	5459.875
606.3	5461.3
951.3809524	5461.904762
924.4166667	5463.25
567.8181818	5469.818182
603.5	5472.5
961.4864865	5477.918919
766.1111111	5483.333333
377.1111111	5484.333333
863.6363636	5483.909091
971.125	5483.875
1052.925	5487.05
475.0909091	5496.454545
461.9387755	5503.265306
574.6153846	5502.615385
456	5504.115385
455	5508
451.1481481	5507.259259
449.173913	5510.478261
445.3414634	5510.512195
441.25	5514.068182
692.875	5513.875
639.8421053	5514.789474
437.4285714	5516
433.1020408	5519.285714
640.3555556	5520.488889
647.1304348	5520.173913
426.6136364	5520.545455
640.3555556	5526.2
647.0810811	5526.918919
647.9210526	5533.263158
640.6764706	5535.019608
414.0377358	5534.018868
405.546875	5535.453125
420.8	5535
647.7391304	5539.304348
402.2222222	5538.444444
640.8181818	5542.818182
398.6857143	5539.428571
647.2142857	5543.892857
394.5	5542.194444
388.5789474	5545.912281
645.1764706	5546.764706
656.71875	5546.0625
642.0588235	5548.529412
382.1071429	5549.107143
374.8545455	5551.945455
378.875	5551
645.9814815	5551.555556
651.125	5552.03125
653.84375	5557.8125
427.4705882	5596.647059
432.6	5600.65
1003.8125	5601.8125
525.3	5601.55
522.6	5605.7
565	5608.5
564.3076923	5612.307692
410.7857143	5628.785714
410.5	5632.4
546.5454545	5638.363636
922	5642.333333
925.5833333	5643.166667
708.9285714	5645.857143
668.4545455	5649.818182
741.7037037	5654.851852
641.5172414	5655.482759
913.2727273	5658.272727
968.7647059	5662.529412
918.7777778	5663.148148
614.125	5664.875
670.2	5672.4
675.3684211	5689.052632
678.5833333	5690
459.826087	5700.086957
465.0588235	5699.588235
723.2916667	5707.041667
569.875	5708.875
565.8666667	5711.466667
561.3684211	5713
559.125	5716.3125
552.2597403	5719.558442
872.9285714	5720.5
875.4117647	5724.882353
456.7272727	5726
880.0967742	5726.225806
460.95	5728.25
510.5	5729.285714
513.75	5729.75
507.3076923	5730.230769
876.1111111	5730.5
465.1176471	5731.411765
514	5733
495	5735
898.9090909	5744.636364
397	5748
899.3846154	5748.538462
596	5751.833333
371.1304348	5756.173913
664.1111111	5763.777778
883.4444444	5770.888889
883.5294118	5774.117647
610.5	5783
888.65	5790.65
893.7619048	5799.190476
902.3846154	5809.384615
465.7714286	5811.314286
474.34	5812
468.0909091	5816
745.875	5819.875
781.0588235	5832.882353
793	5858.5
795.1052632	5864.184211
622.7391304	5869.217391
800.3333333	5869.791667
499.6666667	5869.555556
489.0909091	5873.909091
732.5	5875.5
803.6190476	5876.761905
462.8125	5890.9375
430.6086957	5892.565217
443.9375	5891.4375
437.4285714	5893.357143
441.375	5893.75
456.25	5893.625
470.952381	5893.571429
423.78125	5894.90625
547.125	5896.125
471.1538462	5897.461538
512.375	5900.1875
507.7	5909.25
499.2916667	5912.125
579.8421053	5913.473684
576.1111111	5915.333333
780.0909091	5915.636364
551.4210526	5920.684211
784.7586207	5922.448276
549.8666667	5923.2
783.6666667	5925.666667
505.5833333	5927.25
485.1875	5928.625
604.875	5931.125
488.2	5934.5
540.96	5934.4
484.6666667	5936.733333
558.9210526	5941.960526
553.875	5946.125
445.4705882	5948.764706
443.5833333	5951.75
429.5454545	5957.818182
439.3026316	5956.210526
434.6	5963.7
561.4	5966.2
476.3095238	5974.952381
469.875	5975.875
479.5384615	5979.153846
485.1956522	5981.282609
470.3	5981.8
482.8888889	5988.666667
461.8823529	5989.058824
481.125	5992.125
464.0833333	5993.458333
466.5147059	5995.705882
487.1304348	6012.391304
427.2307692	6015
533.625	6039.75
624.6	6039.8
531.3809524	6044.095238
520.2307692	6043.769231
458	6047
517.6153846	6052.615385
623.2	6056.3
617.4285714	6095.714286
334.9411765	6202.823529
395.8695652	6219.26087
400	6219.5
624.6363636	6232.545455
406.125	6372.25
393.4444444	6437.333333
