X	Y
0	0
0	6857
6857	0
6857	6857
805.0377358	139.2641509
808	146.5
774.5	156
782.5833333	173.4166667
733.1071429	180.6428571
770.3170732	192.3170732
784	203
748.2261905	205.75
775.8571429	207.1666667
744.5	236.5
668	269.5
693	312.5
763.7	397.7
681.5	401.5
686.1111111	466.6666667
755.1034483	512.1724138
735	531.5
687.3333333	532.7333333
756.75	572.25
780.8	574.5
711.5	578
788.0217391	584.6521739
684.3783784	589.6756757
738.1086957	593.3913043
716	597.5
638.6851852	606.3518519
832	607
620.2045455	610.25
618.9090909	627.0909091
686.1388889	630.6944444
568.1025641	635.2307692
642.3421053	641.8421053
703.5	648.2857143
712.7894737	649
610.5526316	653.9210526
779.962963	653.8148148
622.5806452	657.5483871
638.8245614	658.7368421
672.3269231	661.8653846
680.0909091	660.9090909
695.9722222	663.9166667
744.35	665.075
799.75	665.0625
789	667.7
717.3888889	670.8611111
619.3928571	670.8214286
725.5555556	675.3777778
760.9090909	677.2272727
683.6666667	679.6666667
637	683.5
722	687
652.4324324	687.9459459
726	693.7142857
678.2142857	695.3571429
691.3636364	699.9090909
735.5	700.7058824
652.8965517	702.1724138
688.2702703	714.5405405
719	779
784.5	780.5
556	803.5
659	814
740	825
841	843.5
739.9444444	913.9444444
739.8333333	921.8333333
776.6111111	927.4444444
855.2857143	948
722.1111111	972.3333333
560	996.5
646.9090909	1000.909091
837.974359	1012.128205
722.1758242	1014.571429
691.3666667	1022.366667
739.7142857	1024.071429
674.025	1026.925
670	1035.5
696.4615385	1034.673077
722.4166667	1043.805556
700.4285714	1045.952381
806.1	1050.3
741.5	1052.5
798.7741935	1054.806452
724.3695652	1055.891304
707.0294118	1057.147059
854.875	1063
711.8181818	1067.575758
737	1078
520.5789474	1086.105263
784.1034483	1090.172414
698.5	1091.142857
672.7567568	1097.108108
752.1111111	1097.666667
719.255814	1100.534884
774.3571429	1100.52381
839.4146341	1110.97561
712.4680851	1114.085106
720.5	1117.5
765.2037037	1118.444444
738.4054054	1123.054054
862.8965517	1125.448276
711.3414634	1127.634146
746.9767442	1128.186047
677.3846154	1130.384615
791.3333333	1131.1
725.3166667	1132.033333
835.5753425	1134.90411
689.75	1137.5625
643.7	1139.3
799.4	1139.4
671.720339	1141.805085
809.6944444	1143.027778
774.5	1147.5
693.025	1149.925
830.3846154	1150.512821
526.5	1151.5
919.5	1152.5
766.5714286	1153.771429
806.8421053	1155.842105
667.6136364	1159.25
733.4444444	1160.592593
711.6170213	1163.212766
770.9347826	1168.434783
741.5	1168.727273
775.9130435	1174.782609
798.6	1173.444444
753.1129032	1176.669355
717.4634146	1182.292683
643.7924528	1184.113208
854.1764706	1184.862745
873.7692308	1187.205128
682.9444444	1192.194444
696.2105263	1193.894737
790.0882353	1193.794118
802.1612903	1193.83871
733.7	1198
901.5	1197.5
639.5	1200.5
831.0694444	1200.166667
718.6363636	1202.333333
850.3157895	1202.666667
694.6333333	1203.633333
889.6888889	1206.333333
751.9473684	1207.921053
717.3333333	1208.666667
782.5441176	1207.882353
871.0909091	1207.969697
823.5789474	1209.894737
897.6	1209.6
640.7954545	1211.477273
968.3666667	1212.633333
622.5820896	1214.223881
734	1214
795.4666667	1213.866667
819	1218
700.5	1219.5
834.9019608	1220.784314
681.2318841	1225.15942
633.2045455	1227.386364
649.6428571	1228.928571
719.8586957	1229.815217
856.6842105	1238.315789
776.1	1239.05
644.0808081	1239.474747
825.0909091	1240.090909
722.4358974	1241.948718
697.5121951	1242.512195
752.9512195	1242.853659
742.3170732	1243.146341
890.7857143	1242.964286
567.8275862	1244.896552
664.5897436	1247.487179
874.5	1251.5
902.2407407	1253.777778
690.9175258	1254.659794
730.9090909	1255.090909
679.7560976	1259.195122
735.6666667	1262.875
624.8947368	1263.578947
666.6482759	1268.696552
853.5652174	1269.913043
863.775	1273.825
614.2857143	1274
719.046875	1274.40625
700.5744681	1275.93617
656.5208333	1277
850.6451613	1277.145161
728.4852941	1278.720588
784.6836735	1280.867347
754.4307692	1282.523077
666.8125	1283.671875
677.2857143	1287.5
836.7560976	1286.585366
725.7	1289.7
719.0909091	1290.545455
619.8974359	1290.717949
745.1529412	1293.8
706.8455285	1298.414634
781.7	1296.9
793.9191919	1299.79798
883.2244898	1301.979592
743.1333333	1303.466667
759.7777778	1304.62963
625.2105263	1306
645.8611111	1306.727778
751.5	1306.5
809	1308.081633
908.7837838	1308.675676
709.3103448	1311.103448
702.5	1312
880.5238095	1313.142857
763.5882353	1316.882353
696.5	1318
802.5714286	1318.47619
828.6666667	1317.666667
671.9545455	1319.340909
820.1232877	1319.931507
643.1904762	1321.595238
808.4545455	1322.136364
873	1325.5
711.1333333	1327.8
769.3846154	1327.615385
630.5	1328.5
661.4375	1328.34375
789.8157895	1328.526316
670.3684211	1332.473684
701.7692308	1332.74359
649.1176471	1334.588235
885.8636364	1335.409091
758.3888889	1338.138889
804	1338
781.5918367	1339.020408
822.5027322	1340.945355
723.1136364	1341.272727
708.9	1344.3
749	1346.5
796.5483871	1346.290323
696.5	1348.5
777.2285714	1348.4
894.4242424	1349.030303
879.3170732	1350.487805
730.1034483	1351.172414
808.45	1352.9
702.3214286	1355.678571
769.0204082	1357.122449
800.1609195	1359.114943
890.5555556	1362.407407
784	1362.384615
819.0322581	1363.354839
641.8275862	1364.896552
789.6666667	1364.666667
825.3220339	1369.627119
568	1372.352941
683.8292683	1372.414634
697.8421053	1374.131579
868.6521739	1373.652174
928	1374.5
750.2857143	1376.5
689.0909091	1377.909091
823.5	1379
731.4516129	1380.258065
883	1382
896.05	1382.625
783.0681818	1382.681818
612.325	1384.2
624.962963	1383.259259
647.4871795	1385.205128
657.4507042	1388.042254
695.3666667	1388.633333
726.7681159	1388.144928
870.7753623	1388.217391
773.9090909	1389.909091
827.4418605	1389.837209
884.5	1395.5
762.5774648	1395.943662
699.9493671	1399.341772
500	1399
674.71875	1399.34375
684.0232558	1398.813953
749.6428571	1399.25
829.1372549	1400.607843
462.7380952	1402
626.3846154	1402.384615
791.6206897	1402
881.1333333	1402.6
614.5	1403.5
713.2181818	1408.463636
821.5	1408
638.3488372	1409.488372
725.3142857	1409.085714
774.3333333	1412.266667
791.2758621	1412.586207
804.0375	1415.0125
759.5609756	1415.365854
743.8717949	1418.871795
825	1418.5
794.5	1418.714286
671.7659574	1420.553191
721.8421053	1419.842105
787.8	1421
835.3378378	1422.216216
642.7027027	1423.864865
780.1875	1427.354167
814.0612245	1428.102041
710.744186	1430.534884
692.0909091	1432.045455
655.4146341	1432.878049
629.4117647	1433.882353
799.9491525	1436.20339
848	1435
856.5	1434.705882
780.6875	1436.125
840.075	1437.05
669.6842105	1437.5
677.974359	1438.153846
624.7	1440.1
729.2040816	1438.836735
614.1	1440.95
860.1578947	1441.842105
848.65	1444.475
747.9295775	1446.140845
659.7954545	1446.681818
681.3	1447.26
785.4117647	1446.882353
763	1448.194444
643.3076923	1449.333333
778	1450
612.25	1452.333333
724.6666667	1453.333333
706.3548387	1454.193548
633.5	1456
772.5	1456.285714
663.5405405	1458.189189
732.3478261	1458.73913
691.5277778	1462.425926
748.6	1461.8
825.4848485	1462.090909
806.0638298	1468.712766
723.8888889	1469.555556
758.5675676	1469.567568
777.5	1471.5
782.0909091	1472.909091
683	1473.884615
621.0989011	1479.527473
758.5	1477.5
724.2631579	1478.017544
657.1290323	1480.709677
694	1481.5
781.3809524	1482.880952
710.92	1485.2
719.2	1486.4
797.6	1486.4
714.5	1490
721.12	1492.36
736.0454545	1492.136364
657.4375	1494.28125
409.5	1495.5
678.0224719	1494.696629
823.0909091	1496.909091
809.3714286	1497.685714
693.3571429	1499.714286
665.5	1501.285714
802.6875	1501.46875
657.3877551	1503.142857
703	1504
510.8333333	1505.166667
679.5714286	1508.612245
798.625	1509.75
611.625	1511.25
533.7142857	1513
664.4545455	1512.545455
686.2380952	1512.666667
737.3793103	1515.448276
644.7297297	1517.837838
760	1519
665.9090909	1520.363636
726.3589744	1524.230769
734.775	1527.7375
680.5744681	1528.446809
759.25	1531.022727
591.6976744	1533.697674
799.1969697	1533.378788
626.65	1538.35
688.5531915	1537.851064
770.0357143	1537.6875
640.5	1540.5
714.2244898	1540.632653
633	1544
399.5	1547
687.0909091	1547.151515
728.5	1550
633.7931034	1552.965517
673.8666667	1553.666667
703.5	1554.5
781.3953488	1556.697674
697.3921569	1560.058824
677.8666667	1562.466667
744.1715976	1561.928994
888	1563.714286
625.8888889	1565.333333
637.4	1567.033333
778	1567
786.7241379	1567.344828
812.5	1568.5
767.05	1569.1
676.7857143	1569.535714
706.2	1576.64
688.8383838	1579.535354
643.6	1582.8
726.4230769	1582.307692
773.7166667	1589.55
811.7941176	1588.911765
832.9032258	1591.548387
684.7894737	1592.105263
743.6153846	1592.615385
751.2916667	1594.416667
636.5263158	1596.236842
742.4852941	1601.411765
769.56	1601.92
801.0909091	1601.909091
778.2105263	1604.105263
810.5789474	1604.657895
681.8571429	1605.714286
562.0909091	1607.363636
631.9649123	1613.333333
706.03125	1614.21875
823.04	1615.24
674.5483871	1616.709677
644.7105263	1617.921053
683.902439	1619
799.1875	1619.166667
623.5	1621.714286
709.125	1621.875
734.2340426	1624.978723
686.3928571	1625.821429
662.5	1629.5
831.9	1628.7
587.7142857	1630.971429
694.3953488	1630.27907
815.625	1631.375
801	1637.619048
664.6666667	1639.638889
678.3793103	1642.724138
670.96	1644.6
827.5957447	1646.297872
818.5	1648.5
763.7017544	1653.105263
656.0816327	1654.959184
614.047619	1655.5
774.2608696	1656.26087
638	1657.5
790.4038462	1657.769231
733.6666667	1659.25
727	1661.5
741.9384615	1661.876923
704.7567568	1662.972973
714.125	1665.125
805.4594595	1665.216216
839.8666667	1665.533333
718.95	1669.9
749.7826087	1670.086957
820.362069	1671
624.9285714	1671.809524
832.1666667	1673.266667
867.5	1673
885.3529412	1673.823529
841.5	1676.5
823.5	1677
601.3770492	1678.868852
750.7142857	1679
759.8235294	1682.176471
666.8507463	1683.597015
634.8333333	1687.166667
625.0526316	1688.052632
761.96875	1689.40625
698.9027778	1690.416667
644.5	1693.125
709.7222222	1693.388889
740.5	1694
654.8833333	1696.083333
786.6153846	1695.615385
675.6521739	1697.217391
715	1697
809.5384615	1698.153846
772.56	1699.4
779.6153846	1699.615385
602.1818182	1700.818182
729.3463687	1695.413408
877.2272727	1700.227273
617	1701.074074
708.4225352	1701.323944
688.2857143	1701.809524
743.8867925	1701.867925
830.3709677	1702.822581
792.0697674	1703.511628
604	1707.5
865.2857143	1707
879.6153846	1707.384615
858.5	1710
561	1711.5
642.6923077	1711.961538
649.2142857	1711.5
758.8333333	1711.166667
734	1712.291667
693.1034483	1713.827586
718.8526316	1713.989474
852.4615385	1716.076923
628.5945946	1716.783784
591	1719.714286
779.6082474	1716.804124
687.0632911	1720.506329
744.6153846	1722.384615
809	1723.2
575.9852941	1723.411765
597.2363636	1723.636364
734.5333333	1724.133333
767.3571429	1725.404762
642.8947368	1726.210526
867.4516129	1728.096774
649.4117647	1729.882353
682	1733
760.5	1732.285714
819.6538462	1732.826923
555.4181818	1736.1
656.7333333	1734.833333
571.4242424	1734.909091
745.6666667	1735.27451
649.106383	1738.170213
843.027027	1740.040541
625.2790698	1742.44186
703.7021277	1741.297872
756.96	1743.76
681.625	1745.75
659.5	1748.5
543.2	1749.5
694.3809524	1750.428571
588.0277778	1750.611111
616.125	1750.875
707.7115385	1751.230769
751.2222222	1751
803.2916667	1751.416667
604.90625	1752.9375
534.7894737	1754.894737
759	1753.5
625.8333333	1756.3
862.3333333	1757.055556
614.875	1758.125
731.8095238	1758.047619
810.5	1758.5
717.3428571	1759.228571
740.4242424	1761.818182
760.5535714	1762.482143
839.0980392	1763.882353
637.1	1764.95
536.5	1766
618.9655172	1765.793103
773.6481481	1765.611111
600.0150376	1765.315789
657.1111111	1767.666667
562.8888889	1766.101852
649.6666667	1768.533333
674.4814815	1767.592593
712.7294118	1768.141176
742.1428571	1769.071429
612.8	1769.5
662.4	1771.8
725.0540541	1771.864865
802.8	1772
850.7567568	1772.243243
550.1978022	1775.120879
702.0652174	1775.652174
862.942029	1775.405797
772.2765957	1777.106383
793.2826087	1777.217391
742.8681319	1778.604396
645.3333333	1780.1
724	1780
604.16	1782.54
771.5	1786.5
669.1803279	1788.196721
568.1521739	1790.521739
855	1791
652.2903226	1793
679.2857143	1792
745.125	1792.666667
800.3571429	1793.535714
596.1636364	1794.818182
811.9318182	1793.795455
832.75	1795.666667
580.5454545	1799.136364
825.6315789	1798.789474
602.8	1800.5
613.025	1800.925
707.4479167	1800.760417
902.1388889	1800.833333
812.5	1801
788.1666667	1803.114035
857.875	1805.125
827.4666667	1805.866667
746.2352941	1808.764706
819.3684211	1808.789474
658.5	1811
682.5	1812
571.1818182	1812.181818
631.5483871	1814.290323
765.8064516	1815.225806
654.5555556	1815.333333
755.6666667	1816.111111
816.7333333	1816.333333
835.907563	1818.697479
820.5	1819.5
539.5121951	1822.121951
611.5	1821.714286
800.88	1822.28
622	1823.212121
726.2857143	1823.012987
586.6333333	1824.366667
660.7948718	1824.358974
812.6666667	1823.730159
684.9708738	1826.009709
789.0394737	1825.960526
550.8181818	1828.727273
885.2380952	1829.666667
686	1832.5
817.75	1831.95
735.5416667	1832.625
857.9824561	1834.052632
627	1835
518.5	1836.5
533.25	1835.75
752.8421053	1836.947368
601.7192982	1836.929825
636	1837
699.2222222	1840
664	1841.5
766.94	1841.16
871.1315789	1841.5
582.5238095	1842.285714
649.3142857	1841.871429
738.1833333	1844.016667
856.5862069	1843.862069
691.6538462	1845.653846
757.9666667	1845.733333
582.9117647	1849.205882
623.5	1849.5
836.6315789	1849.210526
905.5882353	1849.117647
668.4	1853.6
686.037037	1853.222222
809.8888889	1854.75
605.2666667	1857.7
533.4666667	1860.533333
680.1282051	1860.871795
711.9756098	1859.560976
760.9245283	1860.377358
864.1851852	1860.320988
795.8717949	1862.871795
883.1785714	1863.767857
733.5	1865
596.125	1865.875
679	1867
533.75	1869.375
620.2222222	1869.066667
660.3809524	1868.571429
843.2619048	1869.809524
888.5333333	1870.133333
707.0178571	1870.875
872.5882353	1871.235294
721.5769231	1874.230769
782.9375	1875.375
690.6190476	1876.095238
543.5384615	1877.769231
603.2040816	1877.244898
751.4375	1877.25
619	1881
672.5	1879.714286
553.8	1880.866667
631.4571429	1881.2
642.6	1881.028571
817.2368421	1882.078947
871.3461538	1882.115385
775.2054795	1884.383562
922.2	1889.4
546.5897436	1889.487179
563.2985075	1888.238806
805.5263158	1889.368421
644.1372549	1890.215686
728.8125	1889.395833
764.5	1890.068182
787.025641	1890.153846
661.076087	1892.76087
716	1893
849.2702703	1895.027027
530.4923077	1894.492308
618.3666667	1894.366667
750.1864407	1894.180791
697.2592593	1895.222222
817.974359	1895.410256
860.6923077	1897.538462
711	1898.285714
578	1899.5
588.3333333	1899.527778
687.3333333	1899.555556
772.3846154	1900.615385
788.6071429	1900.142857
635.84	1901.44
705.359375	1902.453125
874	1902.5
527.95	1904.1
610	1904.136364
812.0555556	1904.388889
642	1905.5
751	1906.5
594.7	1906.9
675.2727273	1907.666667
805.75	1910.583333
659.5614035	1910.807018
916.6	1911.65
576.2222222	1912.777778
686.7826087	1913.086957
799.3695652	1912.934783
530.1818182	1914.969697
893.2916667	1914.5
909.5925926	1914.481481
810.8846154	1915.346154
929.0930233	1914.651163
601.96	1916.4
728.5	1917.285714
627.7741935	1918.451613
756.7789474	1917.915789
831.952381	1918.452381
913	1918
514.3333333	1920.333333
912.5	1922.5
932.0666667	1921.8
619.125	1923.125
704.8695652	1925.456522
837.6	1926.04
794.875	1927.875
542.34	1929.39
692.5	1928
587.5	1930.5
747.5	1930.115385
816.7021277	1929.297872
911	1930.5
526.5	1933
634.5777778	1932.533333
728.1666667	1932.833333
844.1176471	1934.411765
916.5185185	1934.592593
552.28125	1934.84375
613.125	1935.125
766.0208333	1935.729167
709.4333333	1936.516667
784.3461538	1936.653846
872.6060606	1936.424242
740.8181818	1937.878788
597.8684211	1938.375
800.9230769	1939.74359
718.5	1941
845.4	1941.04
730.2678571	1942.696429
808.9090909	1943.090909
577.2616822	1944.037383
762.0769231	1943.492308
632.98	1944.27
893.7380952	1945.071429
616.6190476	1949.142857
716.4057971	1948.956522
877	1949.8
558.8611111	1950.611111
702.7954545	1949.25
787.0666667	1949.566667
820.0909091	1951.545455
589.2261905	1952.869048
537.8571429	1953.371429
769.4722222	1954.018519
661.3666667	1954.9
734.5409836	1955.229508
836	1956
881.5	1956
602.4576271	1958.186441
625.7647059	1959.176471
826.2857143	1959.5
749.3181818	1959.848485
867.5135135	1960.594595
581.7083333	1961
684.8545455	1960.636364
714.625	1961.25
808.8444444	1963.111111
632.1463415	1964.073171
658.2564103	1963.871795
724.3103448	1964.448276
674	1965
594	1966
579.8	1968.166667
795.3285714	1968.685714
929.6511628	1968.860465
599.9859155	1968.521127
687.8888889	1969.481481
839.4090909	1970.818182
710	1971
752.6551724	1971.724138
781.2682927	1970.902439
915.5	1974
646.5	1975.882353
926.9090909	1976.515152
666.2555556	1977.266667
888.2978723	1977.12766
525.5185185	1978.888889
844.25	1978.95
898.3529412	1979.235294
762.7111111	1979.088889
804.6857143	1980.085714
702.5882353	1981.196078
751.5	1982
870.7931034	1981.62069
551.6086957	1984.710145
893.5882353	1984.117647
850.3333333	1985.125
861.6363636	1985.090909
719	1985.906977
626.4537037	1987.731481
776.8421053	1987.842105
839.5	1989
617.125	1989.875
682.254386	1989.622807
640.6153846	1991.384615
746.0333333	1991.4
729.4139535	1992.581395
526.84	1992.84
695.2936508	1993.079365
560.7019231	1995.471154
612.7083333	1994
824.5789474	1993.894737
888.1702128	1995.297872
535.7021277	1996.468085
755.6666667	2000.111111
813.0636364	2000.381818
836.8947368	2000.210526
657	2001.375
688.2	2002
709.2826087	2001.456522
827	2003
896.1578947	2003.842105
627.3673469	2004.857143
670.030303	2005.181818
797.1290323	2007.225806
586.125	2007.875
723.7894737	2007.447368
536.4571429	2011.571429
714.9444444	2011.527778
945.5853659	2011.365854
743.5	2012.214286
721.5	2013.5
777.3555556	2014.333333
802.4761905	2014.619048
896.8	2015
703.4757282	2017.92233
888	2018
816.125	2019.333333
823.4571429	2019.914286
868.9130435	2020.304348
771.8148148	2021.592593
853.5	2020
1029.5	2021
609	2022
713	2022
596.3888889	2023.861111
808.0416667	2024.166667
854	2027.714286
830.4	2029.96
678.3465347	2033.470297
859.2888889	2031.466667
802.5	2033.5
544.3636364	2035.318182
814.3404255	2034.361702
572.7241379	2036.655172
712	2036.8
782	2036
753.875	2038.875
584.9411765	2042.058824
725.6666667	2042.311111
825.5882353	2042.117647
590	2044
801.9555556	2044.422222
658.2758621	2045.413793
856.4722222	2045.944444
849.6	2047.2
920.3333333	2047.666667
706.8181818	2048.818182
682.1083333	2049.216667
776.4647887	2050.887324
884.1692308	2048.446154
695.8918919	2051.027027
896.4	2050.4
912.5	2049.5
576.5	2051.5
866.4571429	2051.914286
583.6333333	2052.7
595.6428571	2052.678571
661	2053
797.3617021	2054.191489
704.6666667	2059.363636
918.9444444	2060.194444
720.5609756	2060.756098
853.6	2061.4
897.1333333	2064.466667
645.5238095	2066.714286
667.0697674	2066.534884
806.8	2067.533333
820.9047619	2067.380952
877.9375	2068.333333
698.5806452	2068.451613
552.225	2069.775
710	2069.5
720	2069.5
746	2069.2
1010	2070
905.0714286	2070.214286
914	2071.714286
862.8076923	2071.884615
507.5	2074.5
722.3265306	2075.571429
760.1136364	2075.704545
937	2075.75
642.6119403	2077.492537
781	2078
872.1944444	2079.055556
658.25	2080.5625
590.1851852	2081.037037
552.1	2081.7
780.5	2085
615.9090909	2086.454545
823.5813953	2087.046512
534.7142857	2088
813.5	2088
840.875	2090.875
895.125	2089.875
866.7142857	2091.857143
850.8404255	2091.744681
884.5	2092.5
902.8	2096.8
678.9056604	2097.320755
747.7619048	2097.619048
833.8235294	2097.588235
793.5277778	2097.888889
661.8504673	2100.158879
820.7	2102.233333
714.4	2103.6
637.7518797	2104.62406
676.8888889	2104.277778
576.5	2105.5
627.25	2105.75
883.5	2106
535.5	2107.5
799.952381	2106.785714
597.375	2107.795455
575.6666667	2108.666667
817.0227273	2109.386364
618.2142857	2110.642857
789.2142857	2109.738095
877.0571429	2112.571429
731.5327103	2112.504673
653.0886076	2115.455696
929.037037	2115.222222
590	2116.733333
672.7142857	2116.102041
774.4736842	2118.368421
804	2118
851.2564103	2120.076923
636.3211679	2122.080292
692.8979592	2122.877551
675.2857143	2123
762.25	2124
787.2048193	2124.975904
815.8333333	2124.166667
605.2432432	2125.864865
900.2391304	2125.630435
613.5974026	2128.051948
851.6315789	2128.526316
802.5	2128.777778
873.2105263	2129.105263
676.875	2129.666667
684.8571429	2130.238095
814.55	2132.1
826.1428571	2132.190476
644.8863636	2133.454545
619.1282051	2138.128205
866.3030303	2140.090909
890.6	2140.02
827.6538462	2141.384615
769.5	2142
931.8846154	2143.692308
676.95	2144.25
778.7567568	2144.891892
626.4117647	2144.882353
788.5185185	2145.111111
753	2146
877.5	2146.363636
656.3181818	2147.545455
721.2142857	2147.214286
744.0714286	2147.857143
613	2148
757.6153846	2148.153846
616.5	2152.5
871.5	2151.727273
698.0423729	2157.076271
622.8478261	2158.456522
911.6593407	2158.120879
639.7012987	2159.012987
711.1754386	2159.535088
724	2159
746.2195122	2159.756098
774.6666667	2160.125
780.5	2161.5
840.2340426	2161.617021
752.5	2163
790	2166.5
561	2168
779.5294118	2167.911765
897.5	2169
615.075	2169.95
644.0789474	2170.052632
826.1	2170.65
890.6666667	2169.166667
683.3333333	2171
733.9	2172.7
621.5	2176.382979
943	2175.285714
651.5	2176.5
796.9090909	2178.363636
697.0721649	2180.402062
807.5849057	2181.518868
938.3333333	2181.666667
690.3333333	2182.333333
642.6153846	2186.615385
716.9130435	2186.391304
898.0422535	2186.901408
733.9423077	2187.096154
912.8965517	2189.172414
919.6153846	2189.384615
656.6888889	2190.044444
681.5757576	2190.424242
864.8421053	2191.157895
620.3478261	2191.5
569.7407407	2192.740741
1011	2194.5
642.21875	2195.21875
711.1463415	2197.317073
684.5538462	2198.246154
921.1136364	2198.636364
788.95	2199.9
821.6538462	2201.653846
666.8222222	2203.333333
798.925	2203.95
767.8117647	2205.176471
597.875	2207.125
701.5333333	2207.285714
826.2432432	2208.027027
727.7857143	2208.553571
837.9777778	2215.355556
775.7692308	2215.230769
771	2216
664.5	2218
683.125	2218.333333
759.8867925	2217.773585
624.7878788	2219.5
789.6	2220.8
655.8039216	2223.901961
700.6666667	2225.7
612.9285714	2225.178571
846.1578947	2227
872.2328767	2226.890411
839.5	2228
787.2857143	2230.5
827.9387755	2231.785714
595.7	2232.175
634.5333333	2232.133333
797.5	2232.214286
604	2234
903.5866667	2234.293333
679.6805556	2236.416667
849.4285714	2237.228571
766.5606061	2237.363636
671.7096774	2242.451613
813.625	2242.15625
726.4897959	2244.285714
751.6233766	2244.525974
764.875	2245.875
828.2413793	2246.448276
779.7894737	2247.157895
659.1764706	2249.294118
795.5	2249.5
886.2777778	2249.111111
1001	2249.714286
666.1333333	2252.466667
635.1489362	2253.553191
903.8085106	2253.765957
699.5	2254
724.2	2254
817.4358974	2254.205128
826.5	2254
738.4375	2255.25
794.0555556	2254.833333
879	2255.285714
805.125	2258.041667
710.1111111	2259.277778
729.4	2261.6
649.1111111	2263.666667
642.1226415	2265.198113
980.4444444	2265.666667
784.1875	2266.65
847.7096774	2267.451613
881.1666667	2266.875
658	2268
800.9787234	2267.319149
817.6666667	2269.333333
700.3809524	2271.095238
836.7984496	2272.364341
791.7311828	2272.989247
826.4651163	2274.651163
674.2173913	2275.608696
688.9111111	2276.488889
803.5	2277.5
919.3823529	2279.029412
750.5757576	2279.257576
863.8561151	2277.345324
816	2281.5
889.5	2282.5
905.1136364	2283.545455
734.4980237	2285.177866
923.5	2285.5
933.3684211	2285
702.4509804	2286.45098
661.4396552	2289.155172
793.5891892	2287.675676
817.3286713	2291.79021
848.4857143	2289.4
933.4117647	2291.117647
947.1282051	2291.871795
715.5	2293.5
921.1333333	2293.773333
638.2307692	2294.769231
703.1282051	2295.74359
877.8536585	2296.682927
721.4545455	2297.863636
748.7260274	2297.027397
933.6458333	2298.354167
903.5692308	2298.769231
912.9090909	2298.909091
767.5555556	2300.62963
786.6056338	2301.56338
648.6190476	2302.761905
742.0909091	2303.090909
758	2303
705.7887324	2304.422535
945.7567568	2307.243243
648.6	2308.2
657.5	2308.015625
811.2105263	2309.631579
593.2307692	2309.641026
752.7142857	2308.914286
790.16	2310.16
847	2310.243902
724.1333333	2313.533333
637.9534884	2319.27907
763	2321
850.3163265	2320.846939
670.5918367	2320.55102
683.5	2322.5
899.6333333	2322.366667
715.6153846	2322.628205
809.3953488	2323.581395
869.44	2325.4
889.1463415	2326.186992
664.875	2327.3125
653	2328.8
787.0294118	2328.205882
738.8968254	2329.97619
935.5333333	2331.133333
918.05	2332.5
941.8	2332
989.3939394	2331.969697
723.1111111	2333.481481
997.9333333	2333.733333
874.7058824	2334.5
697.1702128	2335.297872
838.7857143	2336.5
707.1428571	2337.571429
765.2432432	2338.027027
657.5	2338.2
959.8955224	2338.238806
662.6363636	2339.909091
646.8269231	2340.057692
912.5952381	2340.119048
835.2857143	2341.5
734.2295082	2343.04918
749.3453237	2342.81295
925.5	2342.777778
885.7560976	2343.756098
678.8125	2344.8125
868.5813953	2351.116279
710.95	2351.325
834.2142857	2352.696429
689.6041667	2352.8125
878.5	2353.325
905.84375	2356.625
916	2356.5
950.9090909	2356.30303
816.3030303	2357.909091
920.6153846	2358.384615
739.6486486	2361.797297
720.3294118	2362.005882
688.0909091	2362.909091
854.2173913	2362.673913
944.5806452	2364.741935
639.5	2367.285714
661.3571429	2367.785714
836.5862069	2367.551724
826.7142857	2368.5
909	2368.5
918.3787879	2367.742424
812.2465753	2369.712329
936.3783784	2368.864865
1150	2369
753.5	2370.5
693.7283951	2372.641975
842.5	2373.394737
856.1578947	2376.298246
950.1326531	2376.234694
684.3035714	2378.303571
776.9333333	2377.9
911.4516129	2379.290323
740.6428571	2382.214286
801.1363636	2382.545455
823.1333333	2385.466667
763.5075988	2386.291793
611.3636364	2388.454545
644.8461538	2388.576923
673.2352941	2388.058824
706.3380282	2391.084507
871.2222222	2391.222222
818.641791	2393.940299
879.5	2396
698.5	2398
727.625	2398.416667
799.4210526	2399.631579
789.1666667	2400.833333
691.875	2403.125
833.25	2402.75
850.1276596	2403.319149
901.030303	2404.424242
727	2405.5
882.1929825	2405.684211
748.3084112	2406.261682
922.4117647	2405.960784
645.4	2409.028571
801.8421053	2408.842105
892.88	2409.08
792.1470588	2410.617647
733.5	2413
858	2413.5
873.1860465	2413.162791
741	2414.5
962.5714286	2414.795918
646.5	2416.285714
656.9607843	2415.882353
767.0196078	2418.431373
755	2419
749.4285714	2419.857143
784.2571429	2420.1
852.75	2419.964286
805.8888889	2421.333333
896.3142857	2420.971429
939.9761905	2421.642857
728.4871795	2421.923077
922.5384615	2424.153846
546	2425.5
917.5	2425
875	2427.5
688.0326087	2428.804348
909.9767442	2427.744186
805.6947368	2432.063158
863.6511628	2432.116279
719.1578947	2433.210526
821	2432.5
696.8392857	2437.642857
760.12	2437.56
941.1636364	2440.218182
681.6333333	2441.366667
758	2442
857.6666667	2443.454545
970.3076923	2443.730769
826.9428571	2445.885714
903	2446.5
769.3928571	2449.5
788.875	2449.333333
993.7352941	2450
747.2	2450.6
958.3333333	2450.972222
730.1509434	2453.264151
780.1647059	2452.929412
920.5	2453.5
832.6315789	2458
650.9090909	2459.909091
791.9107143	2461.089286
919	2461.5
947	2461.648148
635.3333333	2463.666667
868.704918	2463.016393
680.0136054	2464.62585
694.5873016	2466.460317
805.6	2468.06
896.4814815	2468.111111
713.0909091	2469.090909
880.8736842	2471.305263
905.8135593	2471.694915
816.5	2473
589.2857143	2475.5
736.6190476	2475.428571
785.6666667	2475.177778
804.5	2475
954.6842105	2474.5
842.8285714	2480.914286
704.1111111	2482.055556
767.0434783	2484.608696
812.5	2485.5
681.3928571	2486.339286
718.5294118	2486.323529
791.8461538	2488.974359
522	2491.5
700.6363636	2493.218182
799.8787879	2494.424242
827.0652174	2494.956522
905.5	2495.5
734.8222222	2496.333333
987.1111111	2498.277778
759.5	2500.5
882.9892473	2503.774194
707.8095238	2505.885714
826.4	2505.9
678.5	2507.214286
924.047619	2508.190476
798.4680851	2509.553191
717	2511
842.2	2510.777778
949.4186047	2511.023256
907	2512.2
875.7096774	2514.870968
932.6190476	2515
886.5714286	2517.285714
946.2105263	2519.842105
702.5675676	2521.364865
801.5	2521.5
897.5	2523.5
830.4259259	2525.092593
758.8679245	2527.54717
860.2142857	2527.339286
878.4666667	2529.133333
730.6	2529.542857
651.9090909	2531.636364
938.2121212	2532.257576
597.3333333	2533.666667
914	2532.380952
842.5	2534.133333
789.7826087	2536.130435
894.1282051	2536.871795
943.8421053	2536.157895
649.8	2537.4
824.2463768	2537.623188
801.8333333	2541.166667
949.12	2545.74
788.4810127	2546.936709
652.4230769	2547.057692
823.7	2547.266667
874.1086957	2548.217391
938.3333333	2546.509804
662.5	2548.5
896.4464286	2548.053571
742.4537037	2548.685185
866.6666667	2550.333333
722.0731707	2552.707317
622	2553
798.5	2553.5
664.1142857	2558.114286
955.53125	2561.3125
754	2563
895.1794872	2564.589744
849.2608696	2566.065217
798.0384615	2568.211538
901.75	2568.05
782.3846154	2568.653846
940.4666667	2569.733333
654.625	2570.75
686.4545455	2571.854545
840.5	2570.777778
892.15625	2571.625
748.4074074	2571.740741
676.5	2573.214286
857.5555556	2573.333333
714.3888889	2574.138889
694.3055556	2576.972222
976.4285714	2575.619048
924	2579
846.4210526	2580.894737
719.6382979	2583.191489
864.5	2583
788.6333333	2584.633333
888.25	2585.5625
910.5102041	2586.571429
810.0740741	2586.679012
874.3	2587.5
857.875	2590.125
923.375	2590.152778
795.5483871	2594.709677
893.3846154	2594.615385
751	2597
953.3	2597.5
884.3846154	2600.769231
779.8278689	2601.614754
766.6315789	2604.175439
818.0196078	2607.117647
960.5172414	2608.724138
883.5882353	2609.117647
757.1463415	2610.682927
806.1818182	2613.818182
790.9130435	2618.782609
780.5	2621.5
673	2623
858.8333333	2625
798.5964912	2624.719298
877.5714286	2625.064935
847.5	2629.5
835	2631
736.6888889	2632.488889
802	2634
911.1176471	2634.411765
962.0571429	2635.657143
770.9787234	2639.957447
808.7833333	2639.5
572.3913043	2643.043478
932.3055556	2643.305556
819.4	2645.6
600.3055556	2646.305556
882.2857143	2646.5
766.952381	2649.380952
786.5641026	2651.102564
929.3645833	2656.010417
857.8333333	2654.833333
894.6176471	2655.176471
572.76	2656.96
804.8	2659.2
876.6875	2662.416667
766.3846154	2665.384615
866.4375	2664.625
689.9487179	2666.564103
774.1923077	2667.115385
902	2671
564.4	2674.6
623.15	2674.55
839	2676.142857
660.6	2676.8
925.0530973	2676.752212
958.4090909	2677.159091
499.6060606	2678.636364
810.5	2678.5
843.3333333	2678.666667
765.25	2679.270833
865.8684211	2679.605263
656	2681
935	2681.5
560.5	2682
856.3928571	2682.125
900.5822785	2682.835443
823.8181818	2682
911	2684.5
811	2686.2
625.7857143	2687.642857
796.0408163	2690.959184
822.1363636	2691.681818
943.2972973	2692.135135
853.4468085	2695.638298
809.375	2695.458333
603.8571429	2697.5
526.5483871	2699.580645
447.875	2701.125
800.125	2701.125
689	2701.75
893.952381	2702.071429
854.71875	2704.34375
501.0909091	2705.090909
542.6875	2706.9375
490.5483871	2708.903226
935.9368421	2710.073684
583.5	2710
825.4901961	2711.333333
525.5882353	2712.117647
545.5	2712.5
894.3037975	2714.291139
617.3571429	2714.714286
873.3934426	2714.147541
916.3793103	2714.724138
1121.5	2716.5
848.8181818	2717.181818
801.626506	2720.325301
830.8035714	2718.392857
585	2720.516129
951	2724
542.4827586	2726.517241
850.5	2725
919.5510204	2725.734694
928.6888889	2725.755556
593.6521739	2727.246377
508.984375	2729.609375
819.8421053	2730.578947
867.5384615	2730.846154
815	2734
843.5384615	2733.923077
532.95	2735.625
886.875	2738.125
923.0731707	2738.5
853.4186047	2739.023256
579.1636364	2740.018182
873.5	2741.5
506.5833333	2742.25
763.3493976	2742.807229
792.0444444	2743.755556
586.4	2746.2
474.5	2748
781.962963	2748.537037
812.7241379	2748.586207
880.1923077	2749.461538
507.5	2750.285714
485.2	2752.34
420.05	2751.9
827.56	2751.92
439	2755
942.4545455	2755.818182
868.9038462	2757.115385
959	2756.5
496.8888889	2757.666667
754.7	2756.75
901.6857143	2757.914286
913.5925926	2757.518519
430.6538462	2758.346154
769.4117647	2759.882353
792.2173913	2760.521739
849.5	2760
762	2762.5
908.5	2764
805.1290323	2766.709677
586.75	2766.75
844.5535714	2767.321429
932.4666667	2767.133333
462.9130435	2770.391304
524.5	2770
826.8095238	2771.047619
494	2773
780.877551	2773.795918
923.2352941	2774.470588
529.2105263	2777.105263
1124.411765	2776.882353
310	2779.5
420.8888889	2780.333333
771.6	2781.2
955.5	2782
864.84	2783.08
1017.5	2783
757.6666667	2787.125
855.3333333	2787
942.4	2788.6
406.8	2788.6
493.6	2789.4
902.2978723	2789.617021
846.9411765	2790.176471
911	2790.285714
604.4333333	2791.166667
508.4038462	2792.480769
551.5	2791.5
568.8541667	2792.354167
800	2796
841.630137	2796.619178
553.6818182	2798.840909
936.6785714	2800.107143
607.8235294	2800.5
946.2857143	2800.5
567	2801.8
811.3272727	2802.054545
908.9130435	2800.5
974.1714286	2802
498.7798165	2802.018349
709.0333333	2803.6
1032.285714	2803.5
464.3888889	2806.138889
819.6785714	2805.964286
804.125	2806.666667
871.2142857	2807.928571
718	2810
862	2809.977273
905.2823529	2809.670588
468.5	2812.285714
487.5625	2813.40625
810.3333333	2813.333333
1091.5	2816
596.5	2816.5
824.2916667	2816
836.6944444	2818.027778
932.5909091	2818.060606
564.9268293	2819.292683
956.875	2819.666667
266	2821.5
478.5172414	2821.896552
852.4482759	2820.827586
913.6875	2821.125
795.0465116	2822.44186
782.3684211	2825.578947
885.8043478	2824.630435
895.8717949	2825.871795
467.1411765	2826.976471
761.8409091	2826.590909
818.8333333	2828.833333
490.2	2830.56
776	2830
880.5	2831.714286
813.5625	2832.625
532.6857143	2834.914286
542.2692308	2835.067308
785.2916667	2835
889.2857143	2835.5
958	2835
901.0909091	2835.909091
503.6666667	2839.133333
802.5	2839.5
977.6666667	2839.333333
965.6333333	2840.366667
811.32	2840.76
841.6666667	2841.333333
984.8285714	2842.742857
549.0731707	2843.463415
1010.909091	2842.848485
1022	2843.735294
493.5	2844.75
478.8918919	2846.243243
824.3333333	2846.916667
767.4545455	2847.863636
875.46875	2848.03125
627.2941176	2849.264706
523.5925926	2850.925926
844.9122807	2850.45614
918.8987342	2849.759494
611.125	2852.15625
742.2155963	2850.669725
814.3968254	2850.68254
860.4110577	2852.158654
790.6428571	2852.142857
950.2142857	2852.5
796.125	2852.875
722.2631579	2854.421053
782.0909091	2853.909091
885.7142857	2854.5
902	2854.5
824.5849057	2856.132075
788.2857143	2856.428571
799.5	2857
544.2717391	2860.195652
1065.875	2860.125
528.2857143	2861
832.8181818	2861.454545
616.6153846	2862.5
780.8965517	2862.517241
816	2863.5
739.5	2864.5
489.2794118	2865.566176
808.4210526	2864.855263
981.7118644	2865.271186
926.3333333	2866.666667
992.5813953	2865.674419
699.3684211	2867.473684
523.3684211	2870.894737
554.8378378	2869.878378
842.9174312	2871.293578
957	2871.5
1086.929577	2872.070423
620.3666667	2872.366667
708.1818182	2872.181818
737.038835	2871.854369
764.1818182	2872.181818
857.0291262	2872.815534
793	2873
697.5	2874.2
728.7142857	2874.428571
904.0909091	2874.090909
944.5	2874.8
636	2875.5
864.8	2874.6
641.4137931	2875.724138
527.5	2877.5
718.5918367	2879.085714
647.6818182	2880.954545
914.5583333	2883.358333
936.475	2880.875
630	2882
729	2882
1158.714286	2882.5
765.5230769	2881.553846
730	2885.5
511.5	2887
502.3636364	2887.090909
809.5	2887
982.825	2886.708333
820.8117647	2887.941176
849.5	2888
1162.666667	2888.333333
646.1538462	2888.615385
937	2889.647059
783.5492958	2890.521127
968.5882353	2891.862745
950	2892.285714
581.8095238	2893.047619
720.2	2893.6
742.116	2892.108
904.4166667	2892.944444
940.5	2894
707.2380952	2895.428571
512.8958333	2896.5
796.3712121	2895.969697
954	2896.5
817.4	2897.333333
878.6428571	2897.821429
887.1578947	2897.842105
965.2	2898.5
1103	2898
596.125	2899.125
972.9130435	2899.391304
1014.592593	2898.740741
562.15625	2900.625
782.5	2900
843.3428571	2899.571429
929.5882353	2899.882353
906.1538462	2902.461538
533.1764706	2903.764706
710.3333333	2904.666667
864.5	2904.5
787.21875	2904.78125
749	2905.375
921	2905.27451
1164	2907.714286
852.96875	2906.65625
938.375	2908.0625
908.8571429	2909.52381
561	2910
881.2333333	2911.483333
956.5	2912
895.4285714	2911.530612
750.3783784	2913.027027
787	2915
693	2918.243902
834.1282051	2920.128205
803.2222222	2921.518519
541.6896552	2923.551724
707.1083744	2923.502463
961.2105263	2923.157895
746.0588235	2923.921569
1153.925926	2924.407407
685.0232558	2926.581395
859.8292683	2925.780488
849.377551	2927.806122
651.6470588	2928.529412
867.9666667	2929.283333
990.8181818	2931.068182
731.5384615	2931.384615
1012.854167	2930.5
892.3846154	2932.384615
1160	2932.5
689.8	2933
803.5	2933.222222
917.7027027	2933.135135
478.5	2933.714286
755.1111111	2936.722222
812.5714286	2938.4
925	2938
682.787234	2939.297872
880.6049383	2938.604938
478.1666667	2940.166667
514	2940.2
570.9113924	2940.822785
698.755814	2939.023256
721.2857143	2940
985.4222222	2939.211111
592.2941176	2941.5
746.5	2941
956.9117647	2941.352941
843.6666667	2941.875
1032.307692	2942.5
1117.806452	2942.354839
539	2944.5
716	2945
720	2945
1007.310345	2945.068966
702.6190476	2948.571429
922.6712329	2949.041096
625.3265306	2950.285714
732.952381	2949.809524
744	2951.5
899.6190476	2951.238095
516.7142857	2952
683.7368421	2952.631579
1059.125	2951.875
583.6153846	2954.384615
848.2857143	2955.5
975.6333333	2957.366667
1131	2957.285714
638	2958
744.3846154	2958.615385
727.3233083	2957.112782
688.3981481	2962
1062.363636	2961.090909
850	2962
786.5	2963.285714
792.8888889	2963.333333
801.5869565	2962.847826
897	2963
857.2690355	2965.076142
394.5	2967.5
826.9347826	2967.369565
946.1052632	2969.552632
738.5	2970
907.9885057	2970.126437
1003.852941	2970.617647
733.375	2970.875
723	2972.833333
818.5	2974.5
968.6458333	2974.354167
714	2975.530303
152	2977.5
899.6153846	2977.615385
728.5	2978
848.6944444	2979.972222
484	2980
857	2980
700.7848837	2979.145349
932.8666667	2981.466667
453	2982
803.5652174	2982.847826
649.7142857	2985.5
1010.611111	2985.861111
500.5	2986.5
741.0512821	2985.435897
675.8421053	2987.157895
721.6666667	2990.822917
916.9772727	2991.613636
944.9142857	2991.228571
734.5526316	2994.763158
799.4482759	2994.758621
829.754717	2993.886792
701.8372093	2997.372093
906.5	2998.214286
788.4255319	2998.87234
807.7204301	2999.763441
932.4	3000.24
655.372093	3000.825581
870.2352941	3005.235294
1054	3007.5
684.9894737	3007.189474
911.7755102	3009.44898
928.9444444	3009.888889
956.7435897	3010.564103
840.3	3014.325
1047.666667	3015.111111
725	3017.474576
713.6666667	3018.666667
904.2608696	3019.608696
1010.956522	3019.673913
700.9222222	3021.1
805.4193548	3021.548387
863.3655914	3021.376344
892.4117647	3021.882353
933.125	3022.8125
872	3024.222222
793.08	3026.56
633.4418605	3026.651163
830.0344828	3026.832512
730.0731707	3028
737.7142857	3029.5
676.5348837	3030.069767
688.0454545	3033.681818
710.6111111	3034.138889
803	3034.73913
933.6290323	3034.274194
561.2	3037.5
739.3125	3037.583333
847.5111111	3036.588889
943.0625	3037.4875
778.25	3037.75
793.7142857	3040.5
197.5	3041
873.3275862	3039.586207
962.5	3041.5
854.037037	3043.407407
832	3044
915.0253165	3043.962025
619.15625	3045.625
706.1851852	3045.82716
750.6020942	3044.094241
660.1428571	3046.5
648.5576923	3049.153846
625.8333333	3049.5
861.8	3049.35
890.2666667	3048.966667
727.1144578	3050.072289
954	3051.5
869.5348837	3052.418605
736.3030303	3053.090909
791.6923077	3053.102564
855.826087	3053
783.3095238	3053.928571
661.5714286	3055.228571
826.4333333	3054.553333
754.1568627	3055.588235
652.8823529	3056.588235
618.5	3058.5
877.1147541	3058.311475
904.1282051	3059.128205
954.6	3059.4
678.6086957	3061.26087
737.862069	3063.103448
801.65625	3062.96875
870.6470588	3065.196078
703.9738562	3066.163399
192	3069.5
660.75	3069.05
759.4444444	3069.066667
831.5	3070.5
915.9117647	3070.205882
675.8636364	3071
799.6666667	3071.125
847.825	3073.592857
692	3074
767.4888889	3075.822222
785.8282209	3075.889571
872.7592593	3075.62963
749.6428571	3078.25
344.5	3079
653.8533333	3079.48
665.0491803	3079.278689
821.9230769	3079.384615
912.0816327	3080.755102
707.375	3083.270833
798.2788671	3089.12854
640.40625	3086.25
876.5	3086.5
756.0833333	3087.479167
783.1451613	3088.451613
630.2261905	3088.154762
853.6153846	3089.615385
654.8043478	3090.347826
714.0540541	3090.567568
996.6190476	3090
1008.621622	3090.72973
831.0952381	3091.571429
734.0765766	3091.963964
675.9811321	3092.886792
772.7586207	3095.793103
874.21875	3096.21875
689.8409091	3098.545455
858.047619	3099.809524
609.027027	3101.243243
929.6	3101.6
871.0909091	3104.242424
673.1904762	3105.071429
157.2857143	3106.285714
899.5882353	3105.882353
712.7540984	3107.852459
813.4087404	3101.313625
650.9230769	3108.961538
723.754717	3108.698113
701.2156863	3110.509804
854.0769231	3112.384615
757.2844828	3114.728448
613.4324324	3115.162162
737.5365854	3114.414634
900.3076923	3116.230769
884.6976744	3117.709302
415.5	3119
770.0967742	3121.096774
859.7142857	3120.653061
712.7101449	3121.492754
849.1666667	3121.833333
869.2727273	3121.848485
672.5490196	3123.666667
727.9756098	3123.731707
745.3333333	3124.333333
798.2660754	3127.583149
630.0625	3124.875
683.8085106	3125.361702
780.875	3126.875
657.6	3129.4
734.0746269	3131.044776
742.9285714	3133.714286
681.5	3137.5
755.0434783	3137.391304
863.3645833	3135.791667
914.2653061	3137.571429
906.1851852	3138.444444
880.75	3138.533333
629.2285714	3142.514286
700	3142
724.5	3142
843.8888889	3141.904762
705.1363636	3142.636364
837.5	3144.5
740.3333333	3145.944444
781.752381	3145.152381
872	3146.833333
550.7692308	3147.769231
804.5818182	3147.563636
752.3333333	3149.909091
715.8888889	3151.277778
639.4222222	3151.2
627.6341463	3152.585366
842.4338235	3152.147059
429	3154.8
945.6666667	3155.636364
741.24	3155.96
804.3027523	3157.605505
842	3159
718.3684211	3160.052632
755.8409091	3159.568182
849.725	3161.05
904.3829787	3160.574468
608.5	3164.5
725.825	3164.25
709.5686275	3165.352941
835.4491018	3167.11976
869.5	3166
748	3167.5
783.960396	3168.490099
738.3106796	3169.592233
878.0625	3169.4375
610.1904762	3169.952381
813.5748988	3172.720648
689.4444444	3172.361111
899.0824742	3172.14433
746.8	3173.5
579	3175.5
828.3333333	3175.666667
667.9285714	3176.892857
846	3177.5
858.2222222	3178
755.9911504	3180.309735
879	3180
625.5	3181.078947
723.0384615	3183.192308
800.2888889	3182.288889
736.2666667	3184.666667
860	3184.5
694.3448276	3184.505747
631.04	3187.4
592.1333333	3187.9
776.0336134	3185.97479
847.3970588	3188.058824
812	3189.285714
658.1956522	3193.5
720.35	3193.425
765	3195
809.1875	3195.8125
751	3197.8
818.3333333	3197.333333
829.9482759	3197.517241
527.7575758	3199.424242
728.5	3199.5
705.3636364	3200.145455
877.7407407	3202.740741
675.7142857	3204.5
812.9166667	3204.166667
558.625	3205.5625
730.3809524	3205.047619
767.7674419	3206.007752
698.2881356	3208.101695
714.8723404	3208.255319
756.2	3208.2
791	3208
842.0330189	3210.198113
745.2173913	3209.891304
660.375	3209.357143
730.6	3211.4
647.0588235	3211.764706
790.1818182	3212.181818
875.1587302	3211.761905
705	3213
982.3333333	3214.666667
707	3215.8
669.0909091	3215.909091
783.9659091	3217.693182
508	3219.5
756.1071429	3218.916667
890.9	3218.7
882.7222222	3220.305556
773.5	3221.28125
861.7755102	3222.496599
713.6315789	3222.526316
730.4705882	3223.647059
432.5	3224.5
662.5	3224.222222
797.92	3224.98
587.4	3227.4
741.1	3229.8
804.6666667	3229.75
835.9708029	3227.715328
723.125	3229.875
877.7111111	3231.288889
512.5348837	3232.069767
526.8421053	3232.157895
754	3232
660.5555556	3233.296296
690.5	3233.5
553.8181818	3234.545455
842.6296296	3234.62963
917	3234.735294
439.7777778	3235.222222
768.6849315	3235.684932
424	3236
472.4666667	3237.933333
585.5714286	3237.285714
759.6	3237.4
493.75	3238.75
502	3239
684.2835821	3240.283582
754	3239
815.3333333	3239.666667
320.875	3241.875
506.5	3241.5
896.3469388	3241.591837
404.3333333	3243.333333
498	3243.5
823.2903226	3244.451613
621.3243243	3247.567568
794.075	3246.95
440.173913	3249.130435
696.0769231	3249.019231
815.4545455	3249.818182
807.5909091	3250.818182
834.0980392	3251.039216
849.0681818	3251.363636
655.625	3251
346.5	3253
406.625	3253.25
447.9259259	3253.407407
735.5	3254
336.3	3255.3
799.2682927	3254.902439
866.2777778	3254.888889
412.7368421	3256.842105
820.025	3258.45
709.38	3258.1
367.6666667	3260.888889
396.0666667	3261.066667
772.3928571	3260.821429
434	3262
503	3262
438.3333333	3263.666667
458.620155	3263.170543
865.5	3263
859.3333333	3264.666667
732.4555556	3265.527778
311.6428571	3266.214286
786	3266
815.9	3266.8
432.952381	3267.809524
534.2857143	3268
650.2439024	3268
750.0909091	3268.090909
482.5	3268.981481
442.4166667	3270.041667
504.8	3271
553.2	3273.4
783.0833333	3273.666667
940.0714286	3274.047619
884.3928571	3274.5
478	3275
837.7234043	3277.06383
719.0803571	3277.25
425.2142857	3278.357143
659.3125	3278.5
734.2	3279.433333
471.3684211	3280
678.5434783	3280.586957
918.8928571	3280.928571
346.5	3282.5
534	3282
641.1904762	3282.047619
762.2884615	3281.942308
779.6388889	3283.527778
443.7045455	3284.886364
429.3962264	3286.075472
336.7142857	3287
487.8095238	3287.857143
845.7407407	3288.407407
786.6666667	3289.888889
700.4301075	3290.16129
878.5	3289.777778
744	3291
814.6938776	3290.77551
912.3589744	3291.102564
834.2631579	3292.368421
408.6761905	3292.152381
422.8333333	3292.833333
712.32	3294.32
752.6818182	3294.090909
481.0909091	3295.909091
732.3333333	3295.9375
312.5151515	3297.909091
468.9609375	3298.648438
520.2	3298.5
661	3298.2
509.1785714	3298.517857
767.3333333	3300.666667
794.5	3300.875
453.9230769	3302.038462
801.875	3302.125
868.75	3302.4375
493.5641026	3303.948718
548.6666667	3303.125
501	3304.2
428.8225806	3305.185484
847.0526316	3305.078947
448.5	3306.5
861.6538462	3305.769231
403.5322581	3306.5
907.5	3306.777778
933.3529412	3307.823529
367.2666667	3311.333333
501	3311.526316
824.0283019	3310.679245
407.5	3314
720.9333333	3315.2
466.2978723	3314.255319
907.125	3315.6875
526.5	3317
754.8628159	3317.638989
403.35	3318.65
519.1015625	3317.109375
535.6888889	3318.622222
413.3	3320.7
688.8717949	3321.358974
929.2903226	3321.709677
952.2142857	3321.666667
595	3322.5
464	3323.8
440.3333333	3323.888889
567.5454545	3325.409091
826.5	3325
877.8181818	3325.181818
919.5384615	3326.589744
456.5	3327
779.6086957	3326.347826
802.2191781	3326.794521
811.75	3327.636364
453	3329.5
696.6538462	3328.903846
733.85	3329.15
855.3023256	3329.302326
403.5	3330.5
429.8658537	3330.243902
554.8666667	3330.333333
681.1176471	3330.411765
537	3331.2
459.3333333	3332.888889
682.875	3334.875
903.04	3334.24
449.7272727	3336.886364
299.3272727	3336.109091
777.5112782	3337.150376
456.5	3338
740.2222222	3338.5
410	3339
545.0740741	3340.407407
767.8	3340.566667
875.8	3340.92
862.8285714	3341.257143
869.5	3341
481.0384615	3345.769231
772.8611111	3346.611111
700.6690647	3347.76259
447.9534884	3348.302326
745.8125	3348.958333
914.9090909	3348.69697
943.4722222	3348.944444
715.5	3349.633333
832.5952381	3350.785714
367	3351.5
466.5	3352.5
431.325	3352.975
755.8536585	3353.682927
354.6666667	3354.916667
414	3355
443.225	3355.35
871.3333333	3356.974359
720.1176471	3358.411765
931	3359
861	3360.5
939.1578947	3359.842105
463.8947368	3360.578947
491.8333333	3362.222222
332.2352941	3361.941176
372	3362
791.8	3363.96
817.5238095	3363.619048
357.9210526	3364.368421
393.5	3364.5
746.6571429	3366.052381
420.6923077	3366.487179
444.7291667	3366.416667
699.8823529	3366.215686
397.6	3367.4
939.4117647	3366.882353
352	3368.5
567	3368
465.8421053	3369.157895
834.7368421	3368.842105
852	3369
498	3371
392	3371.75
502.6153846	3373.615385
902.075	3373.2
344.5	3374.5
411.25	3374.181818
527.5	3374.5
921.3333333	3374.117647
276.875	3375.125
421	3375
470.6	3375.2
803.0571429	3374.971429
460.1632653	3376.653061
517.5957447	3376.978723
849.1794872	3377.051282
467	3377
479.3265306	3377.571429
910.8333333	3379.166667
409.5	3380.5
944.7910448	3380.014925
339.097561	3381.512195
451.6	3380.925
745	3381.183333
297.2	3382.5
397.7567568	3382.378378
791.25	3381.75
265.6666667	3383.888889
995.6086957	3382.782609
478.5	3384.5
805.8285714	3384.514286
487	3385
429.4117647	3385.882353
438.6818182	3386.333333
860.0833333	3386.777778
921.5797101	3387.73913
876.1714286	3388.685714
497	3389
813.5	3389
962.4897959	3389.122449
420.3108108	3389.689189
491.3846154	3390.384615
660.2926829	3391
516.9354839	3390.370968
740.8666667	3391.533333
847.5	3391.5
450.95	3392.7
833.0882353	3392.794118
361.1020408	3392.673469
759.6304348	3392.326087
866.4117647	3392.647059
907.5148515	3392.782178
890.1744186	3395.290698
465.2916667	3395.708333
477.1538462	3395.461538
492.8648649	3397.72973
537.91	3397.61
783.7567568	3398.972973
439.0512821	3398.948718
375.3846154	3400.384615
702.78	3399.58
714.5	3401
837.9130435	3401.391304
860.3170732	3401.146341
730.2068966	3401.965517
925.5	3402.285714
386.5208333	3403.604167
397.1764706	3404.308824
443.1666667	3403.833333
794.2321429	3404.196429
878.6315789	3404
323	3405.25
364.5	3405
685.1153846	3405.192308
652.3913043	3406.391304
821.0555556	3406.333333
953	3406
431.5952381	3406.904762
458.7884615	3406.615385
910	3407
373.5517241	3408.862069
865.547619	3408.904762
722.5319149	3410.06383
856.9310345	3411.413793
471.0561798	3411.58427
618.3846154	3411.615385
784.4827586	3411.068966
963.1	3411.04
771.84	3412.16
924	3413.285714
876.5609756	3414.439024
931.5	3415.294118
733.2916667	3416
746.5	3416.818182
855.5	3418
858.6666667	3417.666667
979.4347826	3418.086957
506.9041096	3418.465753
902.6333333	3419.366667
870	3420
765.6	3421.8
478.7222222	3424.111111
714.6976744	3424.744186
947.4705882	3424.960784
462.8888889	3426.666667
732.6153846	3427.615385
890.3461538	3427.346154
823.4333333	3430.266667
487	3431.5
906.9722222	3430.916667
508.5	3432.5
868.125	3431.875
393.0526316	3432.789474
511.7142857	3436.5
651.3636364	3436.090909
873.2	3435.925
312.1142857	3437.485714
417.952381	3437.5
902	3439
816.1016949	3440.457627
463.4404762	3440.630952
445.8837209	3442.116279
735.5172414	3442.103448
847.0581395	3442.988372
729	3443.5
949.05	3442.9
855	3444
869.5666667	3444.4
908.6415094	3444.150943
862.5454545	3445.581818
794.5	3447.5
361.5	3448
700	3447.595745
900.2857143	3448
888.5714286	3448.809524
834.875	3451.196429
413.3333333	3452.333333
461	3452.714286
731.2105263	3452.368421
539.9117647	3454.264706
714.9166667	3453.916667
390.3255814	3455.767442
476	3455
858	3456.139535
826.4622642	3455.867925
510.4324324	3457.945946
850	3459.095238
467.2857143	3460.142857
755.9753086	3460.037037
810.9919355	3461.112903
870.5362319	3462.594203
918	3462.363636
926.9090909	3462.090909
940.2857143	3463
773.5714286	3464.265306
961.3055556	3464.694444
732.7575758	3466.424242
569	3467.5
883.5	3467.2
845.5882353	3468.588235
395.1851852	3470.12963
452.9285714	3471.5
462.4117647	3472.647059
775.125	3472.875
915.7142857	3473.657143
968.53125	3473.8125
327.3243243	3474.540541
751.8421053	3474.473684
816.5	3474.785714
875.2	3474.4
925.1724138	3474.103448
414.5862069	3475.448276
856.7647059	3475.882353
513.9210526	3476.052632
427.4590164	3478.819672
718.0625	3477.84375
802.4615385	3478.307692
935	3477.631579
269.8333333	3479.166667
525.7142857	3479.5
731.8148148	3479.37037
409.2857143	3480
440.4508197	3480.229508
466.5679012	3480.901235
611.5	3481.5
785.3333333	3481.222222
775.9333333	3482.6
298.875	3484.125
911.1714286	3485.971429
370.2352941	3488.039216
471.8	3488
699.6666667	3487.958333
799	3489
520.1086957	3489.565217
730.075	3491.9125
777.0847458	3491.559322
838.9393939	3490.090909
380.7894737	3491.210526
944.6538462	3491.423077
297.1666667	3493.833333
416.7735849	3494.132075
589.2857143	3494
759.5	3493.5
405.6829268	3495.02439
501.1666667	3494.777778
733.6666667	3495.333333
398.4736842	3497.157895
902.8717949	3497.128205
653.5	3498
788.814433	3497.865979
846.3529412	3498.470588
544.5	3499.5
362.3333333	3499.875
473.5068493	3501.479452
497.3461538	3501.346154
953.75	3501.5625
867.2045455	3503.113636
394.2105263	3504.368421
723.4458874	3506.835498
938.0909091	3506.909091
800.025	3508.325
279.5625	3509.75
423	3510.777778
841.7941176	3509.911765
815.6153846	3511.615385
865	3511.333333
403.3278689	3512.672131
331	3513.166667
395.5	3513
504.0208333	3516.083333
670	3516.285714
741	3517.5
802.1860465	3518.744186
829.4166667	3517.291667
862	3518.5
909.25	3518.214286
471.8125	3520.6875
386	3522.25
927.2	3522.4
933.137931	3522.37931
527.9117647	3524.794118
313.5	3525.5
485.5	3525.5
418.4222222	3527.488889
498.5696203	3527.56962
785.1923077	3528.192308
858.5897436	3529.641026
875.2105263	3529.631579
733.4347826	3529.913043
922.6136364	3530.795455
809.5	3531.5
552.2439024	3533
765.4727273	3535.272727
393.125	3535.875
432.4186047	3535.465116
698.4285714	3535.571429
379.0666667	3537.4
796.0131579	3538.157895
890	3538.913043
497.1636364	3538.212121
858.7142857	3540.5
373.5	3541.5
423.1219512	3540.341463
827	3541.34375
947.0789474	3542.947368
474.9615385	3543.307692
459.8181818	3546.030303
921.8867925	3545.716981
785.5348837	3547.255814
860	3547.5
398.8139535	3548.976744
495.74	3548.16
261.8	3548.6
425.8648649	3551.486486
736.4117647	3552.676471
796.5	3552
850.8191489	3553.606383
676.2	3555.8
894.3333333	3556.333333
460.15625	3557.375
712.8	3557
756.82	3558.42
902.1	3558.55
423.5	3559.5
801.96	3559.6
861.1	3560.95
709.3421053	3562.394737
742.3592233	3562.533981
833	3563.5
915.2777778	3563.888889
818.6129032	3564.935484
861.5757576	3568.575758
875.6666667	3568.044444
711	3569
392	3569.904762
420.5333333	3570.755556
846.8888889	3570.722222
533.4482759	3572.586207
699.9230769	3571.673077
430.9302326	3573.465116
514.5	3573
802.875	3574.875
711.3846154	3575
461.90625	3578.03125
791.2105263	3577.368421
818	3577
912	3577
731.6666667	3579.133333
988.9428571	3579.685714
471.7291667	3580.666667
562	3580.4
772.7083333	3579.854167
849.5384615	3581.846154
493.7192982	3581.350877
582.3	3583.5
443.7096774	3584.193548
657.5	3585
541.4655172	3586.310345
368	3587.5
741.8285714	3587.057143
812.1630435	3587.163043
833.025641	3587.25641
415	3588
716.1382114	3584.422764
848.7857143	3590.028571
878.2727273	3591
404.15625	3592.65625
899.2765957	3592.914894
798.0833333	3593.388889
378.452381	3594.333333
742.2	3594.4
861.4444444	3594.407407
478.5	3595.5
580.5	3595
820.4222222	3596.511111
403	3597
457.1290323	3597.709677
691.4516129	3597.193548
922.2439024	3597.804878
415.5	3600
513.5666667	3600.166667
880.5	3600.5
712.75	3600.361111
788.6590909	3601.636364
833.7297297	3600.594595
343.5	3602.5
704.96	3601.76
481.1538462	3603.538462
523	3603.2
905	3603
331	3604
393.3333333	3604.416667
406.3492063	3604.349206
504.6153846	3604.384615
852.7534247	3605.390411
938.1111111	3607.666667
918.5675676	3608.567568
875.96	3608.9
325	3610.5
344	3610.8
770.5	3610.5
747.875	3611.875
829.5	3611.5
468.7272727	3613.690909
885	3613.5
427.6666667	3615.333333
446.8823529	3614.588235
398.8	3616.4
522	3616
365.2	3616.833333
732.8367347	3617.77551
914.7083333	3618.75
492.1020408	3619.102041
875	3619.5
930.3333333	3619.044444
869.2647059	3620.132353
373.9310345	3621
944.6585366	3621.585366
719.3488372	3621.813953
820.8163265	3622.367347
530.3181818	3623.090909
753.125	3622.875
458.1176471	3624.411765
829.44	3624.32
1040.333333	3626.916667
465.1086957	3627.369565
743.5909091	3628.022727
724	3628
858.7058824	3627.852941
851.5	3629
340.4385965	3629.666667
513.2666667	3631.333333
525.4324324	3631.054054
490.2105263	3633.631579
837.3076923	3632.961538
884.4375	3635.15625
416	3636
834	3636
389.0833333	3638.25
502.6470588	3637.372549
921.53125	3637.1875
757.9444444	3639.25
771.1176471	3641.382353
847.7272727	3640.954545
880.55	3641.316667
418.5	3642.5
256.2857143	3643
802.5	3643.5
441.1842105	3645.684211
511.5	3645.5
1030.769231	3645.487179
918	3646
1014.647059	3646
718	3647.757576
937.7333333	3647.253333
736.5757576	3648.969697
844.78	3653.78
357.0757576	3654.681818
479.4242424	3654.969697
369.744186	3656.325581
436.5	3655.5
717.173913	3657.5
397.7142857	3658.5
456.4677419	3659.354839
870.987013	3658.948052
292.5	3660.714286
274.1111111	3662.722222
739.8148148	3662.5
1202.5	3662.5
417.2	3662.64
919.8823529	3663.588235
720.3829787	3667.382979
382.5862069	3670.586207
404.7826087	3669.913043
764.7096774	3670.548387
905.4666667	3669.666667
422	3674
454.6	3674.6
520.5396825	3674.380952
817.3409091	3674.977273
940.7446809	3674.744681
407.4857143	3677.514286
736.3191489	3676.957447
891.4375	3677.75
792.5	3678.214286
977.3023256	3677.627907
490.0847458	3680.322034
388.0882353	3680.647059
400.6363636	3682.909091
385.1578947	3688.157895
396.5483871	3689.096774
818.9	3690.05
501.9285714	3691.071429
401.6666667	3691.666667
945.6363636	3692.909091
475.0972222	3692.736111
685.5	3694
764.6428571	3694.428571
897.2291667	3693.666667
529	3696
688.5	3696
717.26	3696.44
485.625	3697.729167
520.7333333	3698.166667
456.6136364	3699.886364
743.2222222	3700.111111
752.2352941	3700.235294
334.5	3702.5
347	3702
405.3333333	3703.25
772.9411765	3703.911765
850.46	3706.54
805.6380952	3706.895238
375.1086957	3709.521739
915.3636364	3711.545455
928.975	3711.4
327.28	3712.16
741.3076923	3711.784615
467.76	3713.04
823.0163934	3715.459016
997.7142857	3714
433.835443	3717.316456
806.875	3717.125
848.8	3717
800	3720.714286
369	3721.285714
714.025974	3720.753247
528.3809524	3722.785714
517.5	3723
906.1785714	3723.357143
379.7333333	3723.866667
705.5	3724.5
757.4102564	3724.871795
728.6666667	3727.333333
425.2	3728.5
494.5	3730
812.5	3729.5
894.5	3731.5
865.125	3732.125
918.5	3733
698.3738318	3732.299065
821.8987342	3733.620253
322.3333333	3735.277778
785.6	3735.2
903.8888889	3735.333333
725.2222222	3738.333333
427.1142857	3739.114286
418.1111111	3740.333333
767.1324503	3739.629139
477	3741.714286
739.2	3740.755556
806.7368421	3741.657895
512.0434783	3743.391304
461.1585366	3744.268293
749.5833333	3744.020833
714.9375	3745.5625
813.047619	3744.380952
483.9777778	3745.688889
786.5277778	3746.138889
691.4347826	3747.043478
728.7777778	3747.5
420.2643678	3748.609195
500.6533333	3748.226667
473.5	3750
800.1538462	3749.519231
826.7073171	3750.365854
908.3333333	3751.095238
757.3076923	3751.846154
688.5384615	3754.846154
359.3846154	3758.384615
793.5405405	3758.837838
475	3759.935484
775.6785714	3759.214286
697.4468085	3760.361702
806.4528302	3761.018868
419.974359	3763.25641
443.5	3763.777778
456.1818182	3765.181818
501.8656716	3765.447761
759.8367347	3765.428571
723.92	3765.36
333.5	3767.5
437.2222222	3768.5
716.5897436	3772.128205
736.5	3772.5
488.75	3774.25
901.2758621	3774.586207
791.4285714	3777.678571
499.4693878	3779.22449
331.8674699	3779.156627
467.6153846	3779.384615
383.0526316	3782.078947
757	3782.3
716.826087	3783
375.2903226	3785.451613
701.5	3788.5
412.65	3789.875
523.2	3789
789.5833333	3790.75
333.9428571	3791.242857
452.6666667	3790.666667
838.7	3791.225
879.6865672	3790.701493
376.7419355	3793.612903
675.5	3793.5
894.9142857	3793.542857
664.5865385	3795.759615
713.5434783	3794.391304
367.4814815	3796.407407
762.1428571	3798.028571
820.6052632	3796.605263
848.125	3796.40625
854.5	3796
444.25	3798.375
835.6666667	3798.75
791.4827586	3800.206897
456.5	3800.5
704.8076923	3799.586538
859.1176471	3802.411765
389.3846154	3804.384615
716.6666667	3807.111111
598.75	3807.5625
319	3809.5
855.6363636	3812.454545
325.4137931	3813.275862
592.8888889	3813.666667
757.7380952	3813.190476
838.0062112	3813
174.5	3816
907.6530612	3817.081633
739.9767442	3818.418605
876.2328767	3818.520548
789.8414634	3821.560976
474.9090909	3822.151515
715.0625	3823.145833
634.2105263	3825
375	3826.714286
737.3636364	3827.090909
859.2857143	3828.428571
820.7777778	3832.555556
702.8461538	3834.769231
269	3836
346.1578947	3835.842105
328.1904762	3842.952381
864.5	3843
881.5	3844
847.28125	3846.71875
739.4210526	3846.894737
260	3848
792.5757576	3848.030303
612.0909091	3849.636364
665.3	3851.3
769.1282051	3852.128205
795.5	3854.5
789.047619	3856.190476
826.5	3859.294118
877.8	3858.6
959.047619	3859.619048
642.5813953	3860.186047
849	3865.714286
409.5	3866
418.2222222	3866.722222
715.1566265	3870.144578
767.3709677	3873.83871
836.5	3875
695.4285714	3876.380952
758.9130435	3877.434783
599.2142857	3878.357143
825.8823529	3882.764706
649.2941176	3884.705882
697	3885
714.5641026	3890.128205
917	3895.5
659.6153846	3897.615385
981.5	3897
744.7777778	3901.380952
726.6129032	3902.258065
688	3905
708.1078431	3905.578431
639.5	3908
664.75	3909.083333
718.6896552	3910.258621
357	3912.5
691.3777778	3912.266667
679	3914
734.9411765	3916.823529
307.3333333	3919.666667
655.9655172	3918.517241
368.3478261	3921.195652
718.75	3928.711538
693.125	3929.875
380.6153846	3933.384615
688	3935.727273
639.9130435	3937.782609
780.6	3938.45
753.952381	3940.190476
594.5	3943
641.6923077	3944.923077
724.975	3945.75
743.2	3952.4
929.5428571	3954.2
303	3957
602.4545455	3957.636364
830.027027	3956.756757
621.6086957	3960.086957
655.0909091	3960.090909
756.1296296	3961.185185
727.9818182	3961.236364
808.4318182	3964.363636
622	3965.75
864.6415094	3966.886792
956	3966.5
664.0714286	3968.809524
714.25	3970.573529
918.7446809	3970.680851
708.3333333	3975.111111
928.0909091	3977.757576
731.5471698	3977.767296
646.5	3980.5
710.25	3982.03125
421.0909091	3983.909091
928.1315789	3985.421053
744.6829268	3986.853659
860.9	3987.05
688.9090909	3988.090909
814.6865672	3988.746269
617.6666667	3990.083333
725.0816327	3990.489796
998.5	3992.5
836.5526316	3993.973684
883.8095238	3994.952381
713.9318182	3995.954545
1030.285714	3996
806.3888889	4000.861111
678.1764706	4005.235294
648.6041667	4005.520833
927.1666667	4005.125
750	4006
874.8695652	4006.521739
687.1282051	4007.128205
726.66	4009.18
736.3333333	4012.888889
400	4014
936.2758621	4014.586207
866.5652174	4014.913043
622	4016
901	4017.333333
668.3636364	4019.909091
787.72	4019.96
741.0625	4021.6875
928.125	4021.666667
605.5	4023.5
718.5	4025.5
745.8888889	4026.333333
636.1333333	4027.466667
764.3368421	4028.252632
862.2777778	4026.888889
999	4027
650.5	4028.5
792.8076923	4028.192308
661.7	4031.9
343	4032.5
619.1525424	4031.762712
786.3469388	4032.653061
884.2631579	4032.407895
1038.15625	4032.25
673.2758621	4033.517241
801	4033.833333
795.0909091	4035.045455
649.1463415	4041.317073
785.2857143	4041
802.3235294	4042.588235
877.9047619	4042.357143
711.875	4042.666667
628.4545455	4045.136364
859.3529412	4044.470588
932.147541	4045.737705
952.2391304	4044.543478
671.7378641	4045.330097
684	4046.5
638.4545455	4048.090909
660.5294118	4047.352941
792	4047
739.3	4047.733333
372.8461538	4049.974359
607.4705882	4052.382353
648.225	4053.6
663.1578947	4053.157895
803.8965517	4052.827586
895.3695652	4053.891304
904.9166667	4055.083333
659.2	4057.6
835.9423077	4057.884615
857.5	4058.5
403.875	4059.125
696.5757576	4059.242424
991.6666667	4058.916667
1005.169014	4059.591549
626.6029412	4061.088235
757.5	4061
407.8	4062.4
470.25	4063.75
906.9506173	4065.049383
954.6153846	4065.615385
562	4066
872	4067
755.0204082	4068.22449
781.1851852	4068.037037
603	4069.5
840.7096774	4069.129032
392.5	4072
959.5	4072.5
456.875	4073.875
506.5294118	4074.235294
885.3888889	4074.861111
834.375	4075.083333
718.4047619	4076.190476
594.0705882	4077.376471
916	4078
660.0789474	4078.973684
682.7283951	4080.901235
700.4375	4080.958333
765.8235294	4081.254902
794.8	4080.263158
605	4083
958.4	4083.6
701.1875	4087.6875
893.8809524	4087.119048
837.8	4088.8
989.3255814	4088.186047
951.3684211	4090.473684
628	4091
852.0277778	4091.916667
864.2592593	4091.055556
874.5	4091.5
660.1969697	4091.833333
604.6567164	4092.985075
295.2857143	4094
594.3333333	4094.296296
804	4094.736842
878.8461538	4094.461538
918.1025641	4094.025641
452.8421053	4095.157895
825.0714286	4096.261905
959.7857143	4096.380952
1069.882353	4098.411765
687.8181818	4099.818182
811.5925926	4099.444444
638.9705882	4100.911765
744.2307692	4103.019231
795.9782609	4104.608696
698.8333333	4107.277778
945.7241379	4110.413793
663.8955224	4110.970149
836.925	4111.975
938	4112.5
957.04	4112.4
950.6666667	4115.333333
605.2857143	4116.5
917.9871795	4115.435897
507.875	4117.125
825	4117.236842
891.8666667	4117.466667
680.8571429	4118.166667
839	4118.5
412.5	4119
756.5714286	4121.057143
932.3529412	4123.529412
965.6666667	4122.416667
595.8064516	4124.290323
709	4125.5
898.1006289	4123.257862
679	4126.5
790	4126.833333
848.125	4126.666667
831.95	4128.75
1010.623188	4127.652174
733.6363636	4130.909091
809.5675676	4129.567568
921.2790698	4130.767442
653.1666667	4131.166667
902.5882353	4131.117647
552	4131.75
633.3913043	4132.043478
686.7083333	4132.520833
964	4133.5
859	4134
455.3142857	4135.828571
742.9423077	4134.942308
618.0833333	4136.666667
605.0909091	4137.636364
490.6153846	4138.384615
711.4166667	4139.375
756.3469388	4139.653061
575	4140
780.5	4140.5
544.027027	4141.108108
965	4141
904.1886792	4141.981132
767	4143
454.7291667	4144.229167
868.4482759	4144.413793
913.4516129	4146.419355
978.7272727	4145.5
923	4147.5
746.9189189	4148.135135
947.1960784	4150.137255
954.7142857	4149.5
653.1219512	4150.146341
851.5333333	4150.422222
1005.5	4150
755.8888889	4152.277778
636.6923077	4153.538462
688.1538462	4154.025641
786.5733333	4154.653333
925.4666667	4154.833333
1002.6	4154.4
971.016129	4156.258065
736.952381	4157.380952
718.5	4158
993.5	4157.727273
750.1428571	4159.795918
846.6781609	4159.183908
725.0909091	4159.909091
821.0680272	4160.29932
485.5	4162.5
595.4675325	4162.025974
704.754902	4161.745098
803	4164.2
939.5666667	4165.2
694.1428571	4165.828571
927.9428571	4165.285714
954.0224719	4165.044944
809.9130435	4170.217391
1002.909091	4173.090909
954.0952381	4175.380952
1023.744681	4174.968085
568.0243902	4178.02439
651.875	4177.75
708	4178.5
618.7391304	4178.826087
766.3333333	4179.666667
857.1351351	4180.108108
676.4137931	4180.724138
659.76	4182.04
771	4182.5
795.9130435	4182.5
811.5	4182.5
922.5	4182.285714
585.95	4182.75
929.625	4183.375
902.6538462	4184.346154
982.74	4184.34
546.5	4185
913.5	4186.5
552.25	4188.4375
962.2727273	4187.795455
1021.356164	4187.273973
868.8888889	4189.296296
678.0909091	4190.363636
883.0444444	4190.266667
752.6153846	4191.384615
950.5641026	4190.74359
1044.434211	4191.855263
971.46875	4193.8125
792.5333333	4195.044444
823.7575758	4193.969697
913.3	4194.3
732.8947368	4195.789474
566.6923077	4196.923077
527.5	4197.5
759.5675676	4197.594595
935	4199.5
743.2222222	4199.851852
892.0444444	4199.377778
837.7555556	4204
964.8360656	4207.47541
690.0606061	4208.424242
701.5833333	4208.75
900.52	4207.9
387.9090909	4209.363636
534.5	4209.5
828.5	4209.578947
600.2162162	4211.918919
674.248366	4212.535948
758.4	4212.228571
623.2758621	4213.655172
550.8888889	4214.333333
807	4215
915.5217391	4215.586957
743.2788462	4215.519231
652.4166667	4216.916667
893.25	4218.666667
337.5	4219
378.0576923	4218.653846
842.5	4220.5
596.9230769	4221.25641
713.3414634	4220.97561
971.25	4221.25
344.6857143	4222.914286
824.6	4221.8
921.9710145	4223.449275
884.2	4223
561.6333333	4224.633333
789.5	4223.5
936.9591837	4223.673469
988.2407407	4226.203704
510	4226
699.2	4226.166667
744.4814815	4226.888889
1029.5	4228
1053	4228
611.1551724	4230.137931
815.0869565	4231.130435
883.6333333	4231.366667
895.5	4233
654.8611111	4234.194444
1059.86	4233.84
686.25	4235.583333
1049.648148	4236.333333
776.0886076	4235.455696
943.8974359	4236.512821
558.0632911	4235.835443
722.8181818	4238.090909
673.8611111	4238.25
758.2777778	4238.833333
476	4240.153846
792.106383	4240.893617
1157	4242.5
706.7741935	4242.806452
843.0638298	4243.468085
867.5	4243.5
995	4243
935.9285714	4245.309524
656.6060606	4248.484848
690.0377358	4248.716981
756.2727273	4248
1038.321429	4247.964286
784.5135135	4249.135135
799.3584906	4249.150943
811.0192308	4248.788462
994.9375	4252.5625
768.5888889	4253.044444
458.6923077	4254.788462
683.3666667	4255.633333
622.2291667	4257.020833
757.5	4256
833.66787	4257.01444
427.44	4256.66
899.4	4257.6
988.1034483	4258.517241
585.5	4260
672.9655172	4261.198276
998.5	4261
481.3846154	4262.615385
874.5	4262.5
1019.285714	4262.5
947.5	4263.704545
770.2758621	4264.413793
1150	4264
578.8139535	4265.418605
637.4807692	4265.153846
458.84	4266.84
694.6551724	4266.465517
740.1282051	4267.128205
468.5	4268.5
809.0909091	4269.090909
358.8095238	4270.095238
884.9772727	4270.613636
999.1481481	4271.296296
776.7202073	4273.564767
843.875	4272.333333
1009	4273
1049.769231	4274.769231
1060	4275.5
819	4277
861	4277.8
797.875	4278.125
969.5625	4277.71875
348.5208333	4280.1875
801.7272727	4280.454545
362.9090909	4283.090909
624.5	4282.71875
763	4283
809.3333333	4284.125
755.7945205	4286.520548
796.2857143	4285
1037.5	4285.285714
984.3863636	4285.795455
327.2978723	4287.574468
878.05	4287.175
1108	4290
845.68	4292.65
783.8461538	4295.538462
808	4295.285714
439.0714286	4296.714286
551	4296
481.2121212	4298.454545
774.4222222	4297.955556
764.3333333	4300.333333
986.5882353	4301.323529
323.5	4302.5
432.5	4302.5
552.125	4302.25
755.2857143	4302.285714
782.3846154	4302.384615
1067.342105	4302.526316
874.1333333	4303.288889
208.2	4305
441.6333333	4306.633333
846.6153846	4306.615385
349.725	4308.675
619.3181818	4309.5
495	4311
1021.8	4312.6
869.877551	4313.857143
517.5	4315.285714
805.5833333	4315.583333
856.6571429	4315.057143
527	4316
698.6	4317.4
438.88	4318.24
504.0810811	4318.243243
789.3170732	4318.439024
1131.6	4317.8
277.5	4319
416.5757576	4320.242424
769.9534884	4320.255814
206	4322.714286
385.8571429	4323.035714
674.4393939	4321.909091
882.375	4322.25
704.5294118	4323.647059
857.32	4324.98
509.3448276	4327.275862
304.804878	4328.731707
399	4328
1042.272727	4329.613636
1164.5	4331
1016	4332.5
314.2258065	4333.419355
891.1538462	4332.974359
452.6	4333.6
704.875	4336.875
971.96	4337.4
374.5714286	4337.457143
465.5714286	4339.55102
875.5652174	4340.086957
855.2	4341.88
789.0952381	4345.619048
1062	4347.5
861.04	4351.4
448.4193548	4356.064516
336.9666667	4357.166667
413.0294118	4361.294118
853.4186047	4361.023256
723.5	4362
728.2	4362
376.3076923	4363.230769
538	4363
1089.666667	4364.083333
900.7894737	4369.631579
514	4370.5
968.6428571	4370.914286
356.5	4372
893.6333333	4372.633333
978.4285714	4372.171429
477	4374.285714
843.2857143	4375.5
443.1666667	4383
781.6666667	4391.916667
526	4407.5
535.25	4409.333333
488	4417.5
1052.52381	4417.095238
936.5208333	4418.979167
518.8823529	4430.411765
911	4430.241379
826.7142857	4434
933.8333333	4434.8
868	4439
1024.5	4441.392857
543	4444.2
163	4449.5
943.2	4449.5
733.6363636	4456
866.6666667	4455.666667
879.3461538	4457.653846
933.0909091	4466.090909
539.2857143	4471.5
733.8	4472
879.5555556	4472.5
721	4474.8
532.3571429	4474.904762
165.2666667	4476.666667
838.7297297	4475.675676
568.5	4478.5
726	4477.5
714.6153846	4479.384615
721	4479.5
736	4482
518.3333333	4483.333333
926.9019608	4485.098039
794.625	4486.180556
881.2424242	4488.378788
910.8275862	4488.448276
947.0689655	4488.310345
831.4468085	4491.574468
722	4493
744.5	4497.285714
852.4375	4497.078125
211	4498
928.8181818	4498.272727
731.5037594	4499.270677
971	4499
966.097561	4505.146341
581.7931034	4506.965517
753	4507
1165.666667	4509.333333
849.9552239	4513.537313
887.375	4513.625
947.9090909	4516.883117
938	4516
723.8090909	4517.654545
981	4520.8
696.9444444	4521.888889
902.5181818	4522.909091
961.7	4524
933.2727273	4525.333333
992.8108108	4529.810811
863.3877551	4531.020408
733.9333333	4530.622222
610	4532.714286
972.0555556	4531.777778
924.1428571	4533.833333
995	4536
212.5	4540
953.8823529	4544.5
901.5925926	4548.925926
699.6153846	4549.384615
864.5	4551.285714
974.8333333	4551.166667
965.5	4552.575
614	4552.75
783.5	4556.5
832.5	4556.8
892.5	4557.5
901.8421053	4556.789474
1021.482759	4556.724138
960.1666667	4558.833333
774.8333333	4563.166667
953.5641026	4563.74359
786.125	4565.125
911.2352941	4566.352941
851.9285714	4568.285714
976.5833333	4567.75
928.056338	4568.338028
879.1578947	4571.605263
610.8769231	4576.661538
664.6666667	4574.666667
667.3333333	4584.083333
780.25	4583
712.875	4584.125
944.6153846	4584.615385
1044.8	4584.6
638.5	4586
994.6181818	4587.090909
703.983871	4588.016129
916.8153846	4589.815385
937.9152542	4591.40678
579.1818182	4592.181818
636.4487179	4596.141026
584.5	4596.5
988.6129032	4601.741935
843.7647059	4603.235294
857.5306122	4604.061224
1018.769231	4609.215385
1128.848485	4608.848485
868.6666667	4611.666667
985.4	4612.075
922.9444444	4614.12963
561.425	4617.233333
875.5	4617
863.084507	4617.535211
617.5	4621.5
899.4117647	4624.529412
860.7352941	4629
703.0909091	4630.363636
883.3076923	4631.461538
651.3947368	4632.605263
588.9428571	4633.142857
850.5	4633
978.2142857	4634.642857
532.9090909	4637.090909
948.9876543	4637.851852
1007	4637
615.5	4641.5
632.1238095	4641.390476
572.5	4642.5
563.4651163	4643.069767
648.3846154	4645.615385
925.6	4646.04
885.8157895	4647.078947
1074.875	4651.125
909.2	4652.422222
1011.346154	4652.269231
652.2432432	4653.756757
1042.275862	4653.586207
711.4411765	4653.735294
571.6428571	4654.464286
884.5	4655.285714
997.4042553	4655.12766
705.5	4656.5
626.2857143	4657.5
1019.653846	4656.653846
1007.172414	4659.793103
874.05	4661.025
945.775	4661.55
899.8780488	4662.682927
957.3478261	4663.347826
940.2	4665.4
631	4666
919.4318182	4667.159091
574.9555556	4668.666667
851.5714286	4667.928571
602.9813433	4669.514925
885.5	4671.5
845.0526316	4672.157895
968.2	4672.4
865.8441558	4673.766234
558.7352941	4675.323529
996.125	4677.875
707.4	4678.8
717.9107143	4679.357143
872.75	4678.916667
563.75	4681.625
552.6875	4684.625
583.9375	4685.75
601.5847458	4690.152542
613.075	4690.975
897.8478261	4691.021739
640.6666667	4692.666667
859	4693.5
623.8214286	4694.392857
911.75	4695.5625
1195	4696.5
645	4698.8
1027.925926	4698.592593
748.1578947	4700.157895
638.4333333	4702.983333
657.6060606	4704.515152
679.8085106	4704.808511
1061.5	4704.5
231.2857143	4706
888	4706.072289
571.53125	4708.8125
611.7333333	4709.066667
955	4709.5
673.0714286	4710.285714
617.1875	4712.46875
633.2	4711.925
529.6153846	4714.384615
921.5405405	4714.202703
636.6597938	4721.226804
674.1875	4720.1875
701.0666667	4721.266667
611.3846154	4722.384615
690.625	4722.84375
615	4726
626.8913043	4727.652174
574.8363636	4729.509091
593.2962963	4730.222222
925.1333333	4732.444444
589.1886792	4738.113208
901.4230769	4741.846154
526.1276596	4745.021277
558	4746.291667
582.8793103	4747.448276
840.0588235	4750.088235
577.0714286	4753.714286
633.3333333	4754.666667
612.2888889	4759.466667
702.1363636	4761.545455
620.2641509	4764.113208
602.1538462	4766.538462
640.0508475	4766.101695
677.2	4773
603.5	4785.5
610.5625	4797.28125
635.975	4800.325
552.0625	4800.90625
577	4802.358491
888.8709677	4803.709677
587.7826087	4803.869565
655.1052632	4804
731.6	4804.6
549.0526316	4808.842105
698.5	4812.5
614.0340909	4817.090909
687.4090909	4819.19697
657.952381	4821.73545
577.8333333	4821.833333
579	4826.5
943	4826
565.4117647	4826.882353
601.2040816	4826.591837
621.6111111	4827.861111
630.6538462	4830.403846
609	4833
674.7142857	4836
587.245283	4837.641509
486	4844
662.875	4847.333333
645.5	4848.222222
670.3389831	4848.610169
635.3235294	4849.823529
772.4285714	4850.942857
651.5365854	4852.536585
757.6538462	4852.346154
605.4285714	4852.628571
682.1081081	4856.972973
769	4858.916667
834.3793103	4860.517241
787.4074074	4861.925926
800.0816327	4863.734694
761.1666667	4865.5625
893.5	4866.5
675.7142857	4867.5
596.4074074	4868.481481
644.079646	4870.778761
692.3125	4869
716.125	4869.875
785.8166667	4876.4
626.7777778	4877.5
733.1666667	4878.166667
566.05	4879.375
476.3333333	4881.75
757.8	4880.6
685.2105263	4882.894737
766.1777778	4884.6
592.5	4886.5
644.125	4885.875
718.8	4886.714286
753.8918919	4889.027027
568.1052632	4889.666667
659.8928571	4889.75
834.6	4890.4
679.1428571	4891.816327
850.8333333	4892.722222
724.1904762	4893.904762
840.525	4894.075
819.3333333	4895.666667
665.1111111	4898.722222
734.7708333	4897.0625
607	4902.5
709	4904.2
803.5319149	4903.93617
855.6	4904.2
749.5	4905.5
873.375	4905.25
662.1976744	4909.174419
598.0454545	4910.727273
690.9545455	4910.386364
813	4910.5
727.9411765	4912.647059
860.8727273	4914.436364
888.5652174	4915.73913
613.6333333	4916.5
625.6027397	4915.547945
754	4917.5
808.4	4917.4
715.3818182	4917.527273
750.125	4921.125
763.4444444	4923.333333
566.2807018	4924.298246
727.4	4925.6
875	4925
767.5	4926
791.0571429	4926.342857
810.675	4926.15
542.452381	4927.666667
775.5166667	4928.6
654.6944444	4930.972222
693.8823529	4929.509804
745.7777778	4930.916667
677.2195122	4932.268293
847.0338983	4933.254237
806.1666667	4934.166667
576.3962264	4935.075472
621.5	4935
799.5294118	4935.694118
692.8214286	4937.392857
705.2894737	4937.684211
867.7142857	4937
628.6666667	4937.916667
635.6666667	4939.511111
814.6363636	4939.909091
832.3913043	4939.217391
684.1612903	4941.177419
842.2916667	4943
562.4222222	4944.533333
768	4945.5
666.4074074	4949.074074
697.7473684	4949.178947
737.4418605	4952.55814
656.7666667	4953.633333
645.6944444	4955.972222
666.5	4955.5
596.7536232	4956.550725
582.559322	4960.830508
712.3521127	4957.661972
836.754902	4960.960784
683.96	4961.76
819.6153846	4962.384615
848.8	4963.6
904.3333333	4964.75
795.9722222	4966.527778
847.4117647	4971.666667
892.4102564	4971.282051
831.5	4973.090909
901.6153846	4974.615385
743.7142857	4975.5
820.5319149	4975.276596
670.4489796	4977.959184
586.8571429	4981.285714
790	4981.513514
813.5	4983
838.6153846	4984.615385
580.6	4984.6
595.5	4985.5
714.1395349	4988.034884
696.5514019	4988.46729
631	4989
670.3137255	4990.098039
612.1666667	4989.833333
852.974359	4989.794872
788.4230769	4991.769231
529.2888889	4993.288889
587.9354839	4995.806452
803.3947368	4996.342105
781.4482759	4996.827586
650.7096774	4999.064516
759.4411765	4998.088235
831.5	4999.5
750.1785714	5001.214286
628.2857143	5002.5
541.8307692	5002.553846
699.7096774	5003.709677
672.5333333	5005.022222
853.7857143	5005.428571
626.5348837	5009.72093
740.1494253	5009.471264
602.4210526	5010.921053
807	5012
838	5012.5
820.2758621	5014.844828
850.1142857	5013.742857
692.972973	5017.756757
633.5106383	5018.638298
723	5018.5
789.6666667	5018.307692
702.3428571	5019.942857
714.125	5018.875
778.2580645	5019.612903
591.6551724	5019.87931
648	5021
738.2698413	5021.396825
829.7037037	5021.851852
765.0625	5022.09375
513.6818182	5024.977273
584.6153846	5024.384615
527.2162162	5024.918919
841	5025
772.5227273	5026.340909
910.5151515	5026.909091
663.0810811	5027.540541
781.5	5028.5
677.2222222	5030.333333
690.1587302	5029.126984
722.3783784	5029.756757
788.8	5031.866667
839.7659574	5032.638298
577.0909091	5034.484848
747.8461538	5036.538462
707.4736842	5037.166667
781.4651163	5039.255814
807.5786802	5039.903553
951.2424242	5042.69697
531.6756757	5043.891892
638.3806818	5047.636364
832.0277778	5046.916667
508.1111111	5048.722222
787.8039216	5048.54902
853.3692308	5048.369231
612.7142857	5051
671.2325581	5051.162791
626.5	5052
797.15	5051.616667
823.5	5052
520.32	5053.24
730	5054
815.6585366	5054.902439
628.1666667	5056.166667
775.721519	5056.35443
665.5	5057.5
690.4810127	5056.810127
839.3846154	5057.615385
830.5454545	5058.181818
615.9307958	5061.972318
737.2916667	5060.791667
591.2142857	5061.732143
690.5	5064
842.5517241	5065.448276
678.6	5067.65
694.5483871	5068.903226
727.3333333	5068.666667
808.0714286	5069.809524
889.5714286	5071.085714
764.097561	5072
512.7407407	5073.592593
708.84	5073.18
856.8852459	5074.065574
647.28125	5076
680.5454545	5075.757576
781.4444444	5075.933333
498.34375	5077.5625
550.9090909	5078.636364
732.3859649	5077.824561
662.825	5079.525
633.3428571	5080.8
619.627907	5082.232558
756.6666667	5081.666667
815.8888889	5082.722222
717.021978	5084.043956
791	5084
869.8	5084.4
831.009901	5085.871287
704.5454545	5084.977273
1118.5	5087.5
810.5	5088
816.5	5088.5
548.5	5090.5
629.0909091	5090.636364
644.1351351	5091.297297
677.625	5090.625
824	5091
876.037037	5091.185185
497.4545455	5093.090909
691.9633028	5094.990826
603.6153846	5095.615385
807.7692308	5096.846154
951.6111111	5096.277778
631.8421053	5097.842105
760.9857143	5097.771429
719.3333333	5099.238095
831.1666667	5098.541667
1011	5099.5
575.8444444	5101.155556
640.8448276	5101.12069
519.6086957	5102.217391
657.8431373	5103.45098
785.6268657	5104.223881
846.9268293	5104.365854
797.3684211	5106.052632
744.0133333	5107.213333
569	5108
720.6	5110.2
1103.833333	5109.833333
646.7567568	5111.594595
974	5113.130435
728.9090909	5114.333333
771.4754098	5115.065574
600.8648649	5117.702703
660.1578947	5117.157895
833	5117.5
724.4705882	5118.705882
668.6744186	5119.55814
760.5106383	5119.553191
839.5384615	5120.333333
529.5510204	5123
705.9047619	5121.52381
826.9591837	5123
873.9210526	5127.552632
552.9487179	5131.25641
604.2470588	5130.835294
690.225	5131.3
751.7959184	5130.693878
802.8723404	5131.276596
714.2826087	5131.717391
815.4	5132.375
620.7948718	5135.384615
667.5	5136
685	5137.5
760.9090909	5137.909091
703.03125	5138.354167
779.3333333	5141.333333
649.2727273	5141.5
657.9294118	5142.364706
809.3529412	5143.676471
832.7012987	5146.311688
844.6986301	5147.082192
610.5777778	5147.955556
600.44	5151.32
782.4886364	5152.159091
487.4878049	5153.829268
577.4821429	5154.785714
625.2758621	5155.586207
855.9473684	5155.078947
867.6470588	5155
546.75	5157.5625
813.0172414	5158.689655
691.7647059	5162.117647
724.6363636	5162.5
756.8170732	5162.621951
676.15625	5164.375
822.425	5163.85
556.7241379	5165.103448
769.2142857	5165.071429
711	5167
666.6136364	5169.568182
705.075	5169.025
574.0789474	5172.026316
600.7931034	5172
697.1818182	5173.424242
786.6067416	5173.022472
532.9347826	5175.478261
726.3666667	5175.633333
954.2333333	5175.566667
639.4727273	5177.218182
682.0444444	5176.577778
811.5	5176.5
655.8269231	5178.192308
712.0232558	5180.418605
593.0487805	5181.634146
617.7777778	5180.911111
897.9846154	5182.061538
797.7142857	5182.5
630.4318182	5184.159091
747.047619	5184.619048
881.2857143	5184
585.0869565	5186.434783
887.0416667	5187.291667
601.030303	5188.181818
777.7134503	5188.45614
792.8888889	5189.666667
528.3043478	5190.804348
706.84375	5191.375
732.5	5191
862.2222222	5191.851852
684.5869565	5192.413043
823.7222222	5192.444444
592.0740741	5194.592593
698	5195
639.5	5196.5
752.1428571	5197.285714
570.2790698	5198.651163
667.8	5198
542.1818182	5200.272727
872.2	5200.4
737.5	5201
742	5203
758.2	5203.56
773.7333333	5203
721.8529412	5204.676471
806.7857143	5204.357143
880.047619	5204.190476
547.3142857	5206.914286
521.6	5207.266667
559.9090909	5207.636364
614.893617	5210.06383
794.55	5211.1
815.3939394	5211.515152
414.0333333	5212.733333
580.826087	5212.956522
876.9473684	5213.921053
782.5882353	5214.117647
561.5925926	5216.259259
656.2789116	5214.639456
546.375	5216.84375
619.6666667	5217.111111
721.6938776	5216.755102
741.0526316	5217.842105
681.8285714	5218.571429
765.3157895	5220.078947
592.125	5221.25
612.3243243	5221.378378
773.8541667	5221.083333
832.4130435	5220.695652
539.6	5221.6
871.3333333	5222.666667
707.5	5225
879.7083333	5225.416667
624.9166667	5226.333333
689.9148936	5227.042553
577	5227
736.5	5227.5
589.1578947	5228.842105
780.9104478	5232.328358
506.5	5233.5
654.425	5233.175
644.3	5233.9
708.1282051	5235.25641
814.9487179	5236.25641
856.962963	5236.814815
576.1111111	5238.888889
669.8666667	5238.711111
748.8333333	5240.027778
528.75	5239.95
833.9795918	5242.55102
621.2571429	5243.514286
612.1891892	5245.189189
758.4117647	5244.882353
654.76	5247.64
631.6071429	5251.357143
747.7777778	5250.962963
853	5251.5
649.1025641	5252.358974
879.5	5252.222222
594.3033708	5254.258427
528.8181818	5255.181818
582.4242424	5255.939394
813.2222222	5255.488889
777.1851852	5256.753086
832.703125	5257.046875
799.5581395	5260.883721
519.673913	5263
583.7352941	5264
639	5262.5
698.8823529	5263.882353
651.3414634	5266.414634
630.8611111	5268.611111
618.3846154	5269.384615
820.3333333	5270.666667
853.5	5270
586.6	5271.4
830.3814433	5271.56701
656.6666667	5272.333333
758.6521739	5272.086957
837	5272.25
664.7	5272.9
778.6025641	5273.576923
815.0833333	5273.472222
645.7222222	5274.722222
583.5	5276
864.5	5276
633.7352941	5278.294118
713.8846154	5279.711538
548.3469388	5281.285714
652	5281.714286
695	5281
758.2564103	5280.923077
605.1313131	5281.40404
793.7894737	5284.052632
776.2142857	5285.357143
658.0408163	5285.734694
584.8965517	5287.172414
634.5681818	5286.727273
744.5360825	5287.319588
696.05	5287.75
852.7058824	5288.5
613.75	5292.409091
564.5	5294.5
677.0322581	5293.903226
795.8965517	5293.827586
571	5295
629.9444444	5294.888889
862.75	5296.583333
693.9130435	5297.586957
791.7142857	5301.5
729.5	5302
662.3692308	5304.107692
800.8	5304.6
533.5	5306.666667
608.825	5306.05
843.5384615	5306.153846
735.875	5308.125
778	5308
634.106383	5308.989362
741.826087	5310.673913
751.7068966	5312.103448
831.5	5312
550.2307692	5313.346154
584.9	5312.9
653.14	5313.04
699	5313.5
597.952381	5315.190476
672.8181818	5315.409091
683	5317.285714
519.3181818	5317.795455
809.7173913	5317.913043
658.7647059	5320.235294
777.5	5320
625.0357143	5321.107143
728.6521739	5320.782609
786.9761905	5321.547619
633.2857143	5322
640.483871	5326.419355
848.375	5326.1875
597.75	5327.6875
810	5328
706.0714286	5326.803571
584.2571429	5333.2
689.609375	5331.765625
729.2638889	5331.861111
753.7709924	5332.801527
795.6190476	5337
574.3142857	5338.914286
770.3181818	5340.75
836.1111111	5340.333333
870.6666667	5339.875
608.9745763	5342.360169
652.5	5342
638.9761905	5343.571429
534.5517241	5344.586207
704	5344.5
744.7575758	5344.30303
574	5345.5
792.5757576	5346.060606
890.1153846	5347.346154
625.8333333	5347.5
803.05	5351.4
796.3636364	5354.75
722.7	5357.175
590.2432432	5364.067568
642.2280702	5362.570175
848.9565217	5362.217391
707.6451613	5364.967742
445.0888889	5366.333333
620.4230769	5366.634615
675.8611111	5366.611111
573.875	5370.666667
596.6666667	5371.333333
794.5	5371.5
812.5641026	5371.538462
838.0227273	5370.5
846.2916667	5370.958333
591.2916667	5372.958333
708.5858586	5376.424242
628.8666667	5376.533333
660.125	5376.3125
680.9555556	5378.733333
695.95	5382.175
726.5384615	5382.057692
522.0689655	5383.724138
766.8421053	5383.157895
436	5383.842105
733.1290323	5386.129032
445.875	5387.875
505.5	5386.714286
851.4285714	5388.142857
610.6357616	5393.019868
522.7826087	5390.913043
680	5391
704.2	5392
426.3404255	5392.978723
595.8510638	5395.148936
577.4285714	5396.380952
389.3333333	5397.194444
765.4408602	5398.913978
637.0526316	5402.236842
775.3333333	5402
801.5	5402
658.7438017	5401.628099
792.6190476	5402.761905
814.4545455	5403.181818
563.8	5405.35
391.5	5406.5
429.8181818	5407.818182
686.9649123	5404.763158
443.5833333	5409.583333
790	5408.75
634.9090909	5409.909091
835.9354839	5410.16129
770.0285714	5411.285714
627.025	5411.625
710.1463415	5412.219512
694.3670886	5412.822785
641.075	5417.275
714	5417
840.4	5417.2
891.875	5417.875
748.5	5418.392857
461	5419.5
721.5875	5420.4
788	5419
807.7142857	5420
497.2413793	5420.931034
739.6363636	5422.090909
459	5423
665.2051282	5424.384615
794	5425.285714
634.1428571	5426
417	5428.5
769.3846154	5427.442308
704.08	5429.76
469.5	5431
683.4888889	5432.488889
835.6666667	5432.282051
364	5433.285714
400.3684211	5432.754386
587.9130435	5433.391304
759.3913043	5433.304348
456.5	5434.5
788.2807018	5435.245614
396.6	5438.8
584.1818182	5440.659091
633.5945946	5440.513514
725.9480519	5443.948052
566.9130435	5444.217391
648.7377049	5443.885246
694.7986111	5443.756944
609.8	5445
796.4736842	5444.763158
366	5447
600.4634146	5447.463415
808	5447.5
734.7959184	5452.040816
790.8372093	5452.72093
542.2692308	5453.153846
620.5789474	5456.894737
684.3636364	5457.272727
604.2926829	5458.04878
652.627907	5458.023256
835.8214286	5461.392857
571.5641026	5461.692308
612.7222222	5465.111111
385	5467
646.5853659	5468.195122
479.6666667	5471.333333
486.5	5473.5
601.6428571	5475.303571
640.2352941	5473.323529
654.4	5473.4
695.5681818	5473.318182
854.4545455	5473.636364
792	5475.5
578.9193548	5476.483871
413.6666667	5477.333333
393.1818182	5480.454545
631.0576923	5480.019231
716.875	5480.375
788.8947368	5481.789474
756.375	5483.25
726.547619	5483.857143
741.7619048	5485.547619
661.6153846	5487.384615
593.952381	5488.214286
765.6666667	5488.333333
806.5714286	5488.085714
613.8076923	5489.384615
697.4754098	5489.032787
580.6896552	5490.551724
772.8333333	5492.166667
660.9333333	5493.266667
432.7307692	5493.615385
765.9032258	5494.935484
573.2083333	5495.458333
599.6046512	5496.046512
745.8888889	5496.666667
789.6	5496.4
776.5	5498
836.1833333	5497.733333
511	5498.5
722.4878049	5498.926829
380.5454545	5500.145455
662.6176471	5501.970588
673.4634146	5502.414634
751.0196078	5503.372549
292.2857143	5506
580.5714286	5506.380952
600.25	5508.95
570.3846154	5511.615385
775.1578947	5512.157895
651.0491803	5511.590164
725.5642857	5512.085714
613.3142857	5514.114286
739.8452381	5513.952381
635	5514.75
390.1333333	5517.533333
678.8823529	5517.745098
713	5518
651.5	5518.714286
642.5	5520
701.5	5521.5
659.5	5523.777778
687.5952381	5524.190476
593.9756098	5526.243902
699	5526
750.3714286	5526.228571
668.5	5529
622.6511628	5530.953488
795.0952381	5532.47619
677.6774194	5533.935484
440.5	5535
694.2685185	5535.842593
721.2571429	5535.914286
637.5142857	5537.6
706.7692308	5538.423077
738.9117647	5538.647059
774.9622642	5539.264151
802.6956522	5541.347826
577.1282051	5549.102564
659.1111111	5549.666667
590	5550.2
618.625	5551.229167
738.1190476	5552.119048
799	5553
701.4042553	5554.723404
746.0555556	5554.222222
641.952381	5554.809524
724.2641509	5556.113208
406	5558.181818
798.2424242	5559.575758
492	5561.5
619.7272727	5561.242424
636.173913	5562.565217
664.95	5562.1
767.8	5562
651	5565
738.6	5564.4
776	5564.5
714.7575758	5570.606061
777.94	5572.58
761	5574
702.3255814	5574.813953
756.5	5576.5
631.8133333	5580.333333
580.3658537	5581.926829
708.6111111	5586.805556
756	5586.529412
600.4	5588.8
656	5592.5
646.2	5595
583.6363636	5596.25
412.5	5598.5
538.8	5598
763.9615385	5599.346154
801.0857143	5605.542857
730.8064516	5606.774194
592.7380952	5606.952381
649.6666667	5607.333333
641	5610.5
578.4375	5613.75
806.4411765	5612.852941
755.5681818	5618.75
709.5	5623
642.9347826	5626.304348
528.8181818	5626.818182
558.8421053	5631.842105
573.36	5635.08
601.0655738	5635.57377
717.5	5635
974.1111111	5635.666667
702.3666667	5637.633333
643.974359	5638.846154
544.1764706	5639.852941
718.0217391	5642.804348
667.5	5644.5
748.6046512	5644.069767
541.7407407	5647.407407
561.5	5651.5
649.5	5651.5
638.5	5661
693.625	5660.75
672.2	5665.5
661.3823529	5666.970588
583.0909091	5670.909091
617.0208333	5673.354167
733.1666667	5672.875
584.3870968	5682.741935
603.2105263	5683
693.36	5689.52
657.125	5692.125
879.4418605	5693.976744
628.8064516	5696.096774
729	5696.285714
586.2835821	5697.492537
655.65625	5699.8125
728.5	5704.625
644.5428571	5706.914286
661.2413793	5706.137931
688.6829268	5706.926829
597.4444444	5707.333333
661.4230769	5714.5
672.6538462	5716.769231
565.5	5718.777778
415.8333333	5721.833333
554.625	5726.84375
688.68	5728.44
700.4590164	5732.557377
774.5	5732
610.0909091	5733.090909
597.6153846	5739.192308
565.3125	5740.125
698.58	5746.38
572.7021277	5747.510638
635.0519481	5749.376623
595.0294118	5754.382353
616.8571429	5755.142857
605.5	5764
677.6	5767.6
693.4074074	5770.518519
595.0588235	5773.470588
686	5777
693	5777
674.4556962	5779.468354
660.25	5781.333333
665	5789
658.7636364	5798.563636
740.5	5803.5
600.6666667	5804.604167
583.3448276	5808.344828
611.3684211	5817.526316
637.7241379	5827.655172
662	5842.2
588	5844.189189
651.2040816	5852.540816
734.3478261	5854.086957
601.7555556	5865.244444
738.5	5872.5
349	5875.5
588.0909091	5884.090909
886.5	5884
519.1818182	5890.818182
908.9090909	5891.363636
629.05	5896.25
503.3809524	5901.785714
851.5	5902.5
596.5	5903.5
569.5	5906
590.375	5912.75
558.2432432	5920.108108
617.75	5923.805556
410.8333333	5923.833333
788.1111111	5924.666667
564.2631579	5943.078947
574.8529412	5944.470588
566.1754386	5959.77193
552.2075472	5969.169811
631.4193548	5976.870968
616.5454545	5980.909091
406.5862069	5992.448276
596.6792453	6001.188679
820	6006
813	6008.5
685.3333333	6012.25
535.4242424	6012.757576
594.8095238	6015.857143
554.175	6018.05
583.6410256	6023.076923
801.1538462	6032.846154
610.4	6043.625
822	6052
515.6875	6057.75
785	6062.5
483.4482759	6067.051724
544.1818182	6073.181818
520.9090909	6077.090909
605	6104
776	6105.5
460.5	6116.5
503.5	6119
467.3030303	6125.757576
405.9117647	6151.970588
422.8181818	6169.818182
520.7142857	6170
564	6179
433.8235294	6209.058824
503.3333333	6213.875
549	6214.285714
545	6216
717	6219
446.5	6226.5
735.5	6233.5
727.5	6234.5
748.5	6254.5
396	6276.62963
431.3125	6279.0625
730.5	6280.5
449.8333333	6282.166667
632	6282.5
723.5	6282
434	6285
726.4	6289.2
715.875	6290.125
720.7142857	6290.5
684.5	6312.5
710.5	6318.5
704	6332
462.2666667	6335
678.75	6357
663.3846154	6382.461538
657	6389.5
335.5	6405.882353
434.3888889	6436.722222
408.0571429	6551.428571
