X	Y
0	0
0	6857
6857	0
6857	6857
700.5	340.5
589.6666667	411.6666667
694	464.5
728.8095238	475.1428571
559	477
763.3333333	505.3333333
732.1	505.95
777.6153846	513.7692308
811.3333333	531.6666667
556	532.5
745.2857143	538.3571429
735	558.5
797.8	562.5
841.5	563.5
826.5	570.5
780	572.5
703.6666667	573.6666667
670.4782609	579.0434783
800.5	586.5
763.4761905	600.1428571
796.8	600
711.9090909	603.6363636
730	606.2857143
747	609.5
796	609
654.2	615.6
851.8	617.5
668.5	625
659.6666667	635.1111111
710.5	636.5
803.4285714	637.7142857
754.8333333	641.5833333
790.2	642.4
633.3846154	645.3846154
686.4666667	644.8666667
707.8125	651.625
808.3703704	653.8518519
751.4545455	657.1818182
792.25	656.25
682	658
828.125	658.125
753.5	660.5
666.3846154	667.6153846
777.4285714	669.3809524
791	671
687	672.5
689.4117647	676.6470588
734	691
740.6666667	697.3333333
766	714
811.36	716.12
766.6666667	718.5
816.6666667	765.5833333
601.3333333	802.3333333
697.7368421	828.0526316
681.95	829.75
733.5	932.5
735.3333333	937.6666667
715.5	975.5
692.5384615	977.8461538
745.7058824	991.7058824
694.5	998.5
703.2777778	997.6111111
714.6666667	1021.333333
683.6666667	1037.466667
778.3	1046.7
816.8	1048.1
753.7857143	1052.642857
845.5	1054.5
822.7142857	1060.428571
802.75	1064.05
686.25	1068.4
722	1077.5
788.5	1077
721.5882353	1084.647059
812.875	1095.125
816.5	1095
841.8181818	1095.227273
744	1098
824.0909091	1100.909091
792.5263158	1107.578947
753.2333333	1109.766667
655.5517241	1110.62069
876.125	1113.6875
826.3333333	1116.666667
710.125	1117.125
732.8	1122.4
716.3333333	1129.666667
776	1130
738.5	1131.7
678	1140.8
733.2857143	1142.5
657.3684211	1142.947368
838.0357143	1142.589286
903.5	1146.5
734.6666667	1147.888889
670.3333333	1160.666667
777	1166
788.5714286	1168
860.0909091	1167.909091
755.6666667	1169.916667
694.6666667	1172.333333
730.8	1176.4
698.3333333	1179.208333
749	1179.826087
669	1180
842.5652174	1182
684.8125	1184.1875
781.3333333	1185.333333
787.3	1189.371429
752	1189.727273
856	1193.5
647.9166667	1195.083333
769.3636364	1196.545455
741.5	1197
885.5	1200.5
680.875	1203.875
803.2727273	1205.5
680.6666667	1208.888889
864.0666667	1213.733333
744.6666667	1222.111111
886.5	1222.5
905.9090909	1222.818182
919.6	1222.2
678.2307692	1226.769231
842.4117647	1226.588235
888.0833333	1227.166667
785.5	1228.285714
820.8888889	1229.444444
793.875	1230.125
834	1230.307692
757.6666667	1232.666667
901	1234.5
822	1237.5
761.3571429	1239.214286
894.2142857	1239.357143
797.6666667	1239.666667
780.1818182	1241.545455
745.8823529	1241.588235
797	1242
697.6	1244.333333
889	1244
740.2727273	1246.909091
880	1251.5
751	1252
703.6666667	1253.333333
688.6666667	1255.666667
818.4210526	1256.578947
850.68	1257.32
681.5	1258.5
793.6666667	1258.142857
711.625	1261.1875
777.7777778	1262.388889
862.4210526	1265.052632
878.1785714	1264.214286
804.6666667	1265.333333
659.7333333	1267.2
885	1267
852.6666667	1268.125
805.5	1271
731.8888889	1275.518519
642.5	1277
866.5	1279.5
654	1284.5
707.4444444	1288.833333
915.8666667	1290.466667
634	1291
764.5	1293.5
811.5555556	1295.111111
748.3333333	1298.333333
723	1300
900.1	1300.95
726.3636364	1302.090909
693.3333333	1304.333333
780.5	1305.5
788.8	1304.6
811.1	1307.05
866.5	1308.5
618.6	1309.4
833	1311
1028.5	1310.714286
671.8	1318.666667
713.5	1319.5
831	1321.8
904.1666667	1320.958333
733.5	1322
743.5	1322
751.4	1322.8
799.1578947	1323.157895
660.25	1327.5
902.3333333	1327
817	1328
788.5	1330.5
731.4117647	1330.882353
808.4782609	1334.043478
691.9090909	1335.636364
734.2857143	1337.095238
753.1818182	1339.181818
836.3333333	1339.666667
652.1176471	1343.411765
814.5	1344
715	1345
697.1875	1349.53125
709.875	1348.666667
663.6470588	1354
819.2463768	1355.478261
904.030303	1355.909091
645.6666667	1357.666667
722.6666667	1362.333333
887	1368
729.6571429	1372.057143
673.3	1374.5
723.2857143	1379.571429
667.675	1382.25
781.7333333	1386.066667
687.8333333	1386.583333
672.5	1389
700	1389
757.5	1389.5
743.75	1391.3
879.2777778	1391.833333
696.2666667	1395.066667
870.9459459	1395.540541
735.5	1397.208333
762.5	1398.5
699.8666667	1401.466667
741.2857143	1408
633.4117647	1409.411765
820.5925926	1411.925926
748.5	1412.5
863.5	1412.5
719.5	1413
760.32	1412.06
665.5	1416.5
696.6086957	1417.956522
720	1419
802.1333333	1418.866667
616.3157895	1420.315789
709.5	1422
753.2307692	1428.333333
831	1428.5
655.3636364	1429.090909
798.8571429	1429.071429
719.5	1432
799.5833333	1434.25
835.875	1434.875
656.0833333	1437.166667
714.7	1437.7
719.4090909	1445.772727
819	1447.714286
760.5	1449
806	1452.2
830.8125	1453.1875
697.5882353	1454.117647
735.7	1455.7
746.6666667	1455.888889
800.1034483	1455.689655
872.3076923	1458.179487
659	1460
748.5	1461.5
822.5	1461
676.4545455	1463.181818
731.5	1462
767	1466.5
690	1467.5
636.5	1468
710	1468.285714
852.05	1470.1
805.375	1471.5625
817.4727273	1473.672727
629.4210526	1475.736842
690.3888889	1476.722222
854	1477.285714
790.1304348	1477.869565
756.6666667	1480.5
842	1480.5
684.5	1484
767.5	1485
715	1493
673.2162162	1494.810811
697.6153846	1500.615385
752.5	1505.5
722.6153846	1510.615385
730.0555556	1510.833333
803	1511.5
710	1516.5
721	1517
765.5	1517.5
637.5	1520.5
682.1034483	1521.413793
756.3157895	1521.526316
707.8	1522.6
804	1525.285714
735.6666667	1528.733333
720	1530
754.08	1532.52
672.4	1535.8
737	1536.714286
662.6	1537.2
607	1538
739.5	1540
776.5714286	1540.714286
695.5	1543.5
651.6086957	1545.521739
785.047619	1546.380952
853	1546.8
727.3333333	1548.333333
747.75	1550.333333
813	1559
617.5	1560
973.7	1561.8
747.8823529	1562.588235
735.3636364	1567.909091
782.5625	1567.25
807	1568.714286
746.8333333	1569.833333
653.4444444	1574.740741
756.3846154	1580.384615
752.6666667	1583.333333
703	1584.5
724.5	1587.5
717	1588
659.9230769	1589.384615
736	1592
700.2857143	1595.5
770.5	1598.5
663.9090909	1600.636364
797.5	1600.5
779	1604
829.5	1606.5
660.8888889	1609.222222
749.5	1609.5
590.5	1611
759.875	1613.125
704.5	1619.5
765.8	1624
672.8	1627.6
740.9130435	1628.521739
668.5	1629
723.4090909	1630.363636
761.5	1630.5
700.2	1633
732.2	1635.1
771	1636
782	1637.5
817.6363636	1639.454545
741	1640.714286
801.2380952	1641.047619
669.6	1645.6
710.9583333	1645.916667
746.5	1648.5
646.9166667	1649.75
736.5	1650
898	1650
666.6470588	1651.941176
715.3333333	1653.666667
703.3333333	1659.333333
859.6428571	1661.214286
739.8888889	1662.333333
812.6	1662.8
636.2777778	1670.388889
691.2857143	1672.5
634	1679.2
763.1162791	1679
798.5882353	1681.117647
851.1666667	1682.333333
891.8	1682.6
791	1688.5
642.1333333	1692.533333
763.5	1693
720.95	1694.5
831.5	1697.5
882.8666667	1697.466667
594.9032258	1700
611.44	1699.08
738.9375	1703.375
755.8	1704.5
624.5	1706
846.2	1706.4
665.6	1706.6
888.75	1707
636.3846154	1710.384615
703.5	1711.5
815.5714286	1711.285714
753.4	1712.95
838	1712.695652
567.4210526	1713.421053
806.375	1714.375
845.5	1715
799.6363636	1723.909091
706.6153846	1724.461538
877	1725.333333
565.6470588	1728.294118
711.5416667	1731.125
814.3125	1731.75
884.9615385	1731.730769
837.8181818	1734.181818
892	1735.5
576.7368421	1736.052632
815.8	1738.8
845.6363636	1739.909091
683.5	1740.5
762.2105263	1740
981.5	1740.285714
751.3333333	1745
870.5	1746.5
696.5	1749
743.952381	1749.047619
774	1749.888889
668	1756
753.8571429	1755
810	1754.833333
691.7826087	1761.630435
831.8333333	1760.666667
706.1666667	1761.166667
616.8461538	1762.538462
658.3809524	1762.571429
821.0952381	1763
640.5	1765.315789
559.5	1766
850.3888889	1767.277778
766.5	1769.5
846	1769.5
566.4	1771.8
629.4117647	1772.117647
610.5882353	1775.117647
743	1775.5
750.2	1774.76
764.8	1774.8
680.6153846	1776.538462
779.5	1777
826.2857143	1779.5
844.5	1779.5
864.5	1781.5
648	1782
776.375	1782.625
808.2307692	1783.769231
626.25	1784
844	1785
861.3333333	1786.533333
784	1787.285714
576.9375	1789.5625
703.5	1789.5
845.3333333	1790.333333
646.3333333	1791.333333
677.5	1791
685.6666667	1792.111111
617.6153846	1796.615385
669.1176471	1796.411765
637.2	1796.6
688.5	1797.5
722.75	1796.916667
589.8333333	1799.166667
768.3	1798.7
813	1799.5
873.6315789	1800.052632
685.5	1800.714286
615.6333333	1802.6
742.5	1804.5
836.5	1806.5
884.2857143	1814
835.4	1816.6
585.6875	1819.1875
667.3333333	1819.533333
773.8823529	1818.588235
686.5	1822.5
699.3055556	1822.416667
955.125	1823.875
779.3939394	1828.666667
795	1829
819	1830.5
810.2666667	1836.666667
700.0625	1837.40625
764.1111111	1837.666667
876.2857143	1838
670.5	1839.5
643	1841
658.5714286	1842.619048
753.5	1844.5
805.9411765	1844.411765
683.8333333	1844.833333
861.4545455	1845.636364
935	1846
811.5	1850.5
577.5	1853
666.0909091	1854.636364
866.875	1853.6875
730.5	1855.714286
900.6153846	1856.384615
851.8823529	1857.411765
886.5	1858.5
962.8125	1859.375
929.4	1860.8
811.8461538	1862
559.1578947	1863.842105
572.3636364	1864.090909
654	1864
623.9	1865.8
701.5263158	1866.157895
707.8421053	1866.157895
822	1867
722.5	1868.5
759.6666667	1868.333333
934	1869
870.7142857	1871
942.4782609	1870.913043
562.5	1874.25
882.0666667	1873.266667
672	1875.25
771.5	1875.5
712.3333333	1876
581	1877.333333
666.1111111	1879.333333
685.1538462	1879.538462
572.5	1879.714286
616.1666667	1881.166667
749	1881
895.3529412	1882.529412
768.3333333	1882.888889
823.375	1883
936.4545455	1883.636364
620.5	1888.5
648.3333333	1888.916667
816.1875	1887.625
799.5882353	1889.705882
565.1666667	1893.611111
646.5	1893.5
881.8431373	1894.392157
722.3333333	1893.888889
570.6	1895.2
656.5	1895
685.75	1895.625
1181	1898
755.3333333	1899.111111
605.25	1900.583333
621.6842105	1900.421053
873.0833333	1902.916667
814.625	1905.75
832.9285714	1905.214286
844.4	1905.6
575.8	1906.5
641.6538462	1910.153846
692	1910
772.3	1910.1
873.7142857	1910
935.8571429	1910
815.5	1913.5
709.8823529	1914.411765
923.8421053	1915
672	1915.5
601	1918
714.875	1918.125
907	1918
824.9090909	1920.363636
600.1111111	1924.666667
632.5	1926.5
741.6666667	1926.333333
813.8888889	1927.333333
551.9285714	1927.857143
560.5	1928
863.6153846	1928.615385
584.8333333	1929.166667
842.5	1928.75
591.1666667	1929.833333
754.4117647	1929
799.8823529	1933.588235
593.5454545	1935.818182
683.2941176	1934.882353
833.5882353	1935.117647
352	1936
647.4615385	1936.153846
708.2	1937.266667
934	1937.5
694.2432432	1938.108108
884.8333333	1938.166667
600.8571429	1939.428571
951.125	1938.875
767.3	1940.4
872.7647059	1943.529412
609	1944
676	1944.5
758	1945
941.1	1945
706.9333333	1948.733333
728.4285714	1947.904762
772	1948
879.6666667	1947.733333
714.8823529	1949.529412
734.9333333	1949.6
569.1764706	1950.352941
601.2580645	1949.451613
681	1950.5
947.2352941	1949.941176
868.5333333	1954.333333
671.1818182	1957.545455
742.1666667	1959.166667
603	1960
709.75	1961.5
771.5	1961.222222
555.5714286	1961.714286
800.5	1962.285714
869.6666667	1963.333333
878.6153846	1962.769231
642.3333333	1964.666667
747.7407407	1965.388889
920.6923077	1965
860.5	1966.5
548	1969.5
580.4285714	1969.142857
741.5	1972.5
618.4	1973.2
676.9333333	1974.266667
634.5	1975.85
825.8695652	1976.434783
656.7083333	1977.208333
790.3333333	1977.333333
859.6666667	1979.333333
881.2727273	1978.954545
717.4666667	1980.133333
922.4117647	1980.117647
746	1982.642857
637	1984
773.7272727	1987.454545
724.9803922	1986.666667
687.5882353	1989.352941
704.5	1989
613.4666667	1990.666667
749.952381	1993.714286
796.5	1994.5
760.3636364	1996.090909
898.7142857	1997.428571
903.1428571	1997.285714
814.92	1998.6
613.4375	1999.625
622	2000
646	1999.5
683.4285714	1999.285714
921	2000.846154
854.2307692	2003.846154
635	2006
704.3846154	2006.384615
812.0588235	2005.588235
897	2008
916.5757576	2009.30303
941.7142857	2009.5
651.5	2011
755.5	2011.5
840.8421053	2012.157895
669.3846154	2013.615385
608.1538462	2015.538462
649.6428571	2015.785714
857.5	2018.5
622.5	2020.5
589.7142857	2021
711.5	2022
736.2	2024.55
817.4210526	2023.421053
949.15	2024.55
643.5	2026.5
707.7619048	2026.190476
843.6315789	2026
777.28	2027.16
619.8333333	2027.833333
631.3333333	2028.111111
955.5	2030
615.1666667	2030.833333
893.0526316	2030.578947
693.5	2032
724	2032
863	2033.5
794.5	2035.5
919.6315789	2035.526316
687.3809524	2037.238095
833.2105263	2037.947368
898.4210526	2037.157895
711.875	2038.125
776.3636364	2038.454545
855.75	2039.95
814	2041.8
883.5	2041
822.3225806	2042.129032
962.7692308	2044.846154
755.8571429	2047.714286
833.875	2048.125
821.8421053	2050.157895
765.875	2054.875
848	2054.625
641	2056.5
839.5	2057.5
736.3571429	2058.428571
814	2059.5
888.5	2059.5
694.125	2060.125
676.3333333	2061.555556
697.6666667	2062.666667
737.7142857	2064
548.2	2066
640.6363636	2067.090909
803.6	2067.2
808	2067
871.4375	2068.75
745.5263158	2069.368421
600.8461538	2070.538462
789.5	2069.5
856.3648649	2068.837838
865.8333333	2070.166667
808.5	2071
698.46875	2073.0625
674	2075.5
745.6666667	2077.111111
726.2272727	2078.227273
737.7692308	2077.769231
809	2078.5
846.5	2080.5
674.0666667	2082.266667
654.1176471	2084.588235
798.5	2085
895.173913	2084.434783
884.9090909	2087.363636
744.3333333	2088.466667
730.1904762	2090.857143
857.6666667	2091.666667
903	2093.5
912.0909091	2095.636364
928.5	2095.5
682.7222222	2095.833333
821.55	2095.9
832.5	2097
892.5	2097.5
672.9285714	2099.738095
730.875	2099.125
725.7142857	2100
824.6086957	2101.565217
915.8888889	2101.666667
867.9411765	2102.117647
776.1666667	2103.666667
659.5	2105.333333
704.2	2105.266667
749.8571429	2105.285714
810.047619	2106.190476
910.2	2105.6
896	2107.5
718.5555556	2107.333333
853.875	2110.125
805.9130435	2111.347826
860.8125	2110.8125
919.3548387	2111.83871
731.0625	2113.6875
690.3636364	2114.545455
761.4166667	2118.833333
911.8	2119.5
703.3846154	2122.384615
899.5	2122
887.5	2123.5
806.95	2124.25
766	2125.5
859.5882353	2127.882353
767.5882353	2132.117647
946.125	2133.125
701.8039216	2133.27451
871.3333333	2133.888889
816	2135
884	2135
904.6666667	2134.666667
865	2136
722.5	2138.5
888.3333333	2137.733333
641.4	2140.2
816.1875	2141.6875
954.2	2142.5
638.0909091	2146
806.6666667	2144.666667
819.6363636	2148.909091
861.9285714	2149.714286
941.3636364	2150.909091
606	2151.625
881	2154
768.3928571	2154.785714
893.5	2155.222222
802.5	2157.5
717.0909091	2158.636364
903.5	2158.5
631	2160
744.7142857	2162.380952
912	2162.285714
843.0666667	2163.6
732.8	2165
928	2165.285714
973	2165.5
838	2167.5
713.7	2168.3
773.2857143	2168.5
926	2168.5
853	2171.5
861.125	2170.875
639.25	2172
733.8	2171.6
849	2172
726.7777778	2174.5
868.5	2174
800.4736842	2175.736842
653.32	2175.76
682.2	2175.6
719.9428571	2177.142857
840.4571429	2179.228571
610.5	2183.5
930.4	2183.6
734.44	2184.2
786.5714286	2183.619048
913.5	2184.5
679.0909091	2186.363636
858.0909091	2186.363636
686.0666667	2188.666667
815	2188.8
820.8888889	2189.333333
840.5	2189.8
865.05	2189.25
775.5	2191.5
882.1538462	2191
768	2192
650.1176471	2193.529412
866.5	2194
796.875	2195.875
678.75	2195.833333
687.4	2197.6
790.6363636	2198.090909
864.2142857	2200.357143
856.5769231	2201.307692
739.1304348	2202.217391
689.375	2203.541667
792.3846154	2204.615385
940.8571429	2207.071429
714.3414634	2208
763	2208
639.5	2210.5
777.125	2209.875
813.1666667	2210.083333
888.0882353	2210.205882
846.1111111	2213.111111
760.6153846	2214.730769
976.5	2214
809.5	2215
664.65	2216.45
744.8571429	2216.071429
952.5	2217
576.4	2219.6
772.9090909	2223.363636
717.5	2224.5
797.1111111	2224.111111
938.8	2224
785.6363636	2225.909091
690.5	2226.5
707.3513514	2226.405405
759.6666667	2227.333333
753	2231.5
919	2232
762.1818182	2233.454545
961.5	2233
713.5	2234
928.5	2235.5
710	2236
854.4	2235.8
920.3333333	2238.733333
696.1111111	2241
758	2241
887.2857143	2241.428571
668.8181818	2243.545455
731.4166667	2243.041667
928.5263158	2243.368421
775.3333333	2244.111111
803.7777778	2245.5
720.5	2249
675.4137931	2250.172414
734.1428571	2250.285714
796.1666667	2250.166667
658.5	2251.5
925.6666667	2251.333333
631.6666667	2252.833333
762	2254.5
965.9285714	2254.892857
867.3571429	2256.714286
748.4	2262.6
839	2263
925.5	2263
760.9444444	2264.111111
655.3333333	2267.666667
848.5789474	2267.578947
672.1860465	2269.534884
927.5	2269.222222
790	2271
947.3684211	2271.842105
1000.3125	2271.9375
909.6363636	2275.909091
809	2277
814.7142857	2280
584	2285
633.1176471	2285.588235
979	2286.5
911.6666667	2287.5
714.3333333	2289.666667
781.5	2291.5
886.7058824	2292.529412
765.2941176	2292.705882
751	2294
905.04	2294.6
709.2121212	2294.939394
943.6666667	2298.333333
673.5	2303
748.75	2303.416667
796.8823529	2303.411765
718.5	2305.5
735	2306
857.1111111	2306.666667
908.8888889	2307.333333
761	2308.714286
772.8	2308
844	2307.901961
975	2308.5
835.5	2309
851.5	2310.5
934	2310
946.4285714	2311.095238
825.3333333	2313.111111
1004.352941	2313
710.5625	2314.8125
787.5	2314.5
856.75	2314.625
846.5	2319.947368
995.6	2321.4
896.2857143	2322.5
783.9411765	2325.176471
830.3846154	2325.384615
841.3333333	2325
824.4	2326.6
941.2142857	2325.964286
773.6666667	2328.875
806.6666667	2329.533333
867.5	2329
744.4	2331.44
835	2333.5
712	2334
900.3333333	2335.666667
871.8461538	2337.538462
758.9090909	2338.636364
685.6842105	2339.842105
886.9047619	2338.714286
784	2340
742.5	2341.5
791.5	2341
748	2342.5
896.2857143	2342.5
827.5454545	2345.090909
850.2068966	2345.241379
936.1212121	2347.757576
774.8	2347.6
877.6666667	2351.888889
769	2361.708333
850.6363636	2362.090909
992	2362
745.6666667	2363.111111
828.1	2362.7
885	2363
684	2364.714286
891.8	2365
901.7142857	2369
994.5	2369
803	2370.5
724.5	2373
979	2374.5
736	2376.5
902.5	2377.5
765.9655172	2378.689655
895.4705882	2380.117647
954.9285714	2380.285714
697.4545455	2383.818182
801.6	2383.4
883	2383.461538
685.5416667	2384.166667
967.75	2383.875
733.9444444	2384.888889
776.9444444	2386.722222
899.5217391	2388.26087
828.3333333	2389.666667
908.3	2389.7
990.5	2389
694.125	2389.875
936.8571429	2389.928571
958.56	2392.88
729.9722222	2393.916667
770.5882353	2394.764706
810	2395.5
835.3333333	2397.333333
887.3	2398.8
791.1666667	2404.916667
809.6153846	2408.615385
679.5	2409
738	2411
729.5	2413
800	2413.285714
951.5	2413.5
830.8333333	2413.833333
759.4761905	2416.071429
859.6	2417.933333
966	2423.5
702.08	2424.56
738.6666667	2424.111111
880.8666667	2424.466667
846.0416667	2424.625
927	2424.5
951.9117647	2430.235294
667.5882353	2433.882353
806.3333333	2434.111111
875.968254	2433.15873
912.4054054	2434.567568
841.1176471	2437.411765
933.5	2438.5
779.4	2440.8
761.5	2442
703.9090909	2444.181818
917.3846154	2444.576923
757.1666667	2445.833333
842.7391304	2447.26087
808.952381	2447.809524
748.3636364	2449.909091
794.3947368	2449.236842
904.3333333	2453.666667
888	2454
758.8333333	2456.833333
868.1111111	2458.592593
711.3333333	2461.666667
899.8965517	2461.172414
975.5	2462.166667
932.3333333	2462.277778
794	2465.5
818.4117647	2464.764706
642.8095238	2465.952381
1000	2466
777.4210526	2467.894737
922.125	2468.125
730.75	2471.214286
783.4545455	2471.818182
907.05	2472.85
1247	2473
879	2475
934.5	2477.5
674.5	2478
754	2479.166667
822.3243243	2481.486486
929.7692308	2484.461538
941.5	2487.5
726.5	2488.5
761.5	2488.5
848.3823529	2488.558824
776.8275862	2489.034483
840.6428571	2489.285714
785.5	2489.5
875	2490.611111
939.5	2490.5
818.2631579	2492.526316
914.2894737	2494.657895
930.75	2494
838.5	2495.8
950.1666667	2497.25
826.7777778	2498.5
872.5	2498
773.4	2498.8
701.125	2500.875
920.8	2503.64
687.4117647	2504.882353
729.5	2505
748.6153846	2506.615385
800.4347826	2505.826087
806.5882353	2509.352941
909	2509.714286
929.6923077	2513.730769
785.6153846	2517.615385
861.5	2523
851.3636364	2525.060606
675.5833333	2527.25
888.4166667	2528.75
854.5	2534
863.5	2534.5
745.8823529	2535.411765
753.6666667	2535.111111
916.75	2537.416667
865.8	2542.333333
771.8421053	2548
863.8823529	2550.470588
901.5	2550
841.4	2551.066667
886.4411765	2553.058824
550.5	2566.5
842.3846154	2568.384615
878.25	2568.875
790.3057851	2574.322314
813.24	2576.32
543.5	2581.5
871.5	2582.5
908.1111111	2583.888889
868.5882353	2591.117647
928.2424242	2591.393939
907	2592.285714
816	2593.285714
942	2593
842.0666667	2594.6
823.0909091	2598.636364
852	2602.789474
950.6363636	2604.090909
802.2	2607.4
998.3846154	2608.384615
942.6153846	2611.384615
936.2	2614.6
879.8421053	2615.842105
838.625	2621.1875
897.7142857	2622
927.5	2623
950.8823529	2621.588235
950.3333333	2627.916667
882	2629.846154
965.1666667	2628.833333
958	2632.285714
866.5	2634
897	2635
796.5	2637
833.5	2637
906.875	2642.5
859.5	2652
1031.9	2654.9
570	2656
829.8571429	2655.857143
964.125	2655.875
837	2662.285714
800.75	2663.05
865.4	2664.04
555.3571429	2665.178571
934.6	2667.4
513.2	2669
835	2669.5
864.9473684	2671.368421
888.95	2671.25
944.5	2672.5
808.5	2673.5
817.0967742	2674.548387
911.3448276	2675.586207
524.5	2676.5
575.5	2678
856.8666667	2681.533333
827	2683
884.125	2683.125
577.5	2683.714286
791.4210526	2685.684211
819.0909091	2689.363636
990.6190476	2688.571429
946	2690.8
821.6153846	2697.615385
769.5	2698
808	2698
814	2698.2
796.8095238	2700.047619
927.7826087	2707.869565
504.5882353	2709.882353
978.5	2710
870.4444444	2711.925926
938.3043478	2713.217391
912.3529412	2714.529412
582.875	2720.875
792.5	2721
863.6	2721.6
496.2307692	2726.230769
874	2727.5
942.0555556	2726.888889
810.2857143	2729
818	2729.5
535.5	2731
830	2731
551.4375	2732.25
863.5	2732
880.1818182	2732.545455
978	2732.740741
527.5	2741.5
968.5	2741
534.4	2742.6
576.4117647	2741.882353
848.2307692	2746.153846
591.7741935	2747.290323
867.6153846	2748.384615
516.9411765	2752.117647
564.5	2754
511.875	2755.875
854.76	2757.6
584.3846154	2760.615385
829.0714286	2760.785714
819.3333333	2761
887.2857143	2761
630.3333333	2762.466667
845.3333333	2762.333333
985.8823529	2761.588235
567.5	2764
782.5	2764.5
790.4615385	2766.615385
841.7391304	2768.173913
942.9	2768.3
768.1666667	2770.166667
827.1111111	2770.444444
591.3076923	2773
969.4	2773.8
517.6666667	2776.458333
558.7142857	2777.571429
947.8333333	2777.916667
929.9230769	2782.769231
712.6666667	2783.333333
956.25	2783.583333
936.1875	2784.5
521.8	2786
871.5	2787.222222
893.5	2787.5
1008.888889	2788.333333
612.2857143	2791.5
771.4666667	2791.333333
851.25	2790.916667
891	2794.5
520.4375	2795.25
544.1538462	2795.384615
805	2795.5
867	2795
965.25	2796.25
883.5	2797.5
874	2798
929	2803.5
896	2808
944.6	2808.6
605.5	2811
651.8571429	2811.285714
908	2811.285714
982	2812
626.5	2813.5
857.6	2814.4
883.7083333	2814.041667
558.9411765	2816.647059
580.2	2816.3
873.9375	2819.6875
990.0454545	2821.090909
897	2823.714286
849.2	2824.4
508.9298246	2829.22807
622.5	2831
765.6666667	2834
806.8	2835.5
975.4117647	2836.117647
533.3478261	2839.391304
1038.8	2840
540.3333333	2843.466667
596.1176471	2843.588235
831	2843.1875
981.1428571	2844.714286
768.5909091	2846.772727
841.5	2849
629.5	2852.5
817.5	2853.5
945	2853.5
974.6666667	2854.666667
480.8823529	2855.235294
874.5	2855
802	2863
909.6666667	2864.666667
878.6	2865.6
565.9090909	2867.636364
578.5	2867.5
748	2867.5
852	2867.5
866	2869.5
755.8333333	2870.083333
897.1428571	2870.857143
930.1875	2872.375
881.7567568	2874
916.3043478	2874.217391
595.7857143	2876.642857
750.0909091	2876.363636
802.5	2877.5
809.75	2877.05
964.7142857	2878
846.969697	2879.181818
939.5581395	2880.72093
971.4	2881.3
981.4117647	2882.647059
766.0526316	2882.947368
835.5333333	2883.666667
809.5	2884.5
820.6363636	2884.090909
892.7	2888.1
819.125	2889.125
885.6875	2889.53125
541.5454545	2891.363636
867.5	2891.5
814.6923077	2893
921.5	2898.5
824.6153846	2899.615385
569.5	2900.8
896.5	2901.5
966	2901.5
803.0357143	2901.75
759.5	2903
943.5	2903.5
843.0555556	2904.777778
885.1111111	2905.666667
676.6	2906.05
973.3333333	2907.666667
619.3333333	2910.75
733.5	2910.5
846.9166667	2911.25
712.5	2914.5
821.4	2914.371429
753.7142857	2915
717.5	2916.5
751.2857143	2919
926.5	2919.866667
944.7	2921.3
961	2921.5
1026.363636	2921.090909
459.5	2922.5
851.6451613	2922.548387
756.8478261	2923.608696
744.1578947	2923.263158
731.0769231	2925.038462
699.1111111	2926.333333
835.8181818	2926.818182
904.5333333	2927.666667
886.875	2928.875
1000	2928
768.2	2928.6
923	2929.5
866.8461538	2930.423077
933.9090909	2931.636364
895.3478261	2934.76087
712.1428571	2935.928571
761.6363636	2935.090909
882.25	2935.083333
839.8333333	2935.833333
911	2936
732	2937
876.0666667	2937.2
946.5	2939.333333
975.8888889	2939.888889
709.5	2942.5
718.1538462	2942.730769
769.5	2946
837	2945
503	2946
900.6111111	2947.5
983.037037	2946.185185
742.7	2948.3
806.5	2948
855	2948
816.3846154	2950.538462
832.8333333	2952.777778
935.0810811	2953.567568
827.6	2956.4
980	2956.722222
998.8	2957
714.5	2958.5
952.5	2959
987.5769231	2958.961538
580.8	2961.333333
675.4	2962.6
909.9230769	2961.5
879.1891892	2964.162162
749.5	2965.5
757.25	2965
769.0909091	2967.636364
732.0909091	2968.636364
899.125	2967.875
808	2969
775	2969.75
864.5	2970.5
759.875	2970.375
695.5	2973.5
926	2973.285714
940.875	2973.125
821.6153846	2978.615385
958.2	2979.4
796.3333333	2981.125
679.5	2982.8
811.5	2982
827.5	2983
847.75	2984
709.5	2985
887.7692308	2985.769231
838	2987
952	2987
764	2988
686	2989.5
711.4	2989.2
887.5	2992
740.875	2995.875
757.7368421	2994.973684
872.6666667	2995.333333
751.65	2997.25
888.25	2997.125
810.9090909	3001.636364
1016.4	3004.6
650.6153846	3004.538462
735.8	3006.6
928.3636364	3007.909091
678.2	3008.4
890.5	3011.5
698.5	3012.5
934.1666667	3013.166667
969.5	3013
766.6086957	3013.913043
684.5	3017.5
719.1666667	3017.4
1269.5	3017
928.9444444	3019.888889
864.6666667	3021.888889
941.6	3020.933333
700	3023
719.9117647	3025.735294
899.4	3025.8
959.5555556	3026.333333
909	3028.8
820	3031
849.5	3031.5
660.6666667	3032.555556
684	3032
758.9393939	3032.515152
511.5	3033.5
898.2	3033.5
692.7631579	3035.842105
769.7692308	3038.230769
923.6666667	3038.25
728.5789474	3040.105263
751.1	3039.633333
657	3041.5
764.325	3044.125
773.95	3043.75
631.6666667	3044.666667
956.8571429	3044.857143
904.375	3045.8125
976.9285714	3047.285714
1057.363636	3048.909091
834.8214286	3050.035714
720.5	3052.5
631	3057.461538
748	3057.428571
764.1538462	3057
666.5	3058.5
817.875	3058.375
561.8421053	3059.473684
679.8787879	3060.090909
839.9444444	3060.583333
899.5	3060.5
450.8888889	3061.666667
428.5	3062
725.2941176	3063.294118
894.5	3064.8
846	3065
957.8181818	3066.818182
834.8823529	3067.529412
702.5238095	3071.095238
720.5	3071.5
849.1176471	3071.705882
812.1333333	3073.366667
715.1111111	3074.111111
799.7142857	3074.892857
664.1538462	3079
532.125	3079.875
902.25	3080
758.9473684	3082.105263
812.7333333	3082.2
672.4	3082.8
736.9166667	3083.833333
661	3084.5
773.7222222	3084.111111
825.0434783	3083.869565
805.25	3086
707.6153846	3088.153846
849.5	3088
865.7045455	3089.136364
660.6111111	3090.666667
745.7777778	3091.5
825	3091
1073.909091	3092.636364
909.1176471	3093.176471
692.125	3093.875
764.9655172	3093.862069
790.125	3093.875
731.125	3094.875
838.3333333	3097.111111
480.5	3098.5
651.4117647	3098.882353
899.8421053	3099.263158
697	3100
882.3333333	3100.666667
674.7333333	3102.333333
778	3102
891.7333333	3103.666667
828.0588235	3106.411765
698	3108.5
882.5	3112
925.9230769	3115.384615
672.3157895	3116.368421
886.12	3119.28
806.5	3120.285714
857.9473684	3120.5
655.0740741	3122.592593
681.1111111	3122.666667
669.4117647	3123.117647
753.3333333	3123.666667
730.5555556	3125.407407
939.5882353	3125.647059
645.3333333	3126.333333
739.4782609	3128.652174
661.6111111	3129.722222
694.375	3132.5
752.9	3131.95
853.1315789	3132.421053
400.5	3133
632	3132.75
721.3846154	3133.615385
479.6153846	3136.384615
828	3136.2
475.5	3139.5
780.12	3138.8
437	3143.285714
921.5	3143.5
729.2142857	3144.642857
749.2222222	3144
827	3144.714286
429.25	3145.964286
445	3145
672.5	3145.5
720.7142857	3146.428571
763	3146.5
694.5	3149.222222
917.5	3149.5
934.7272727	3149.454545
863.5	3150.285714
733.5	3151.5
809.7272727	3152.181818
843.0357143	3153.821429
884.8367347	3154.959184
653	3155
787	3156.363636
736	3158.2
803	3158.2
669.6	3158.8
701.9090909	3159.636364
769.55	3159.375
863.5714286	3159.321429
657.7142857	3161.071429
742.1851852	3161.777778
855	3162.5
630.75	3163.05
721	3164.5
842.3684211	3164.263158
879	3164.157895
919.5833333	3164.75
925.0909091	3166.363636
914.1578947	3168.526316
734.125	3168.875
850	3169
487.4	3171.6
669.875	3172.125
676.3846154	3172.615385
837.4117647	3172.117647
792.4117647	3174.117647
806.0238095	3174.285714
822	3174.714286
714	3175.285714
761.6818182	3174.863636
524	3177
849.9090909	3177.363636
694.5882353	3178.882353
637.5	3181
670.4117647	3179.882353
834.7692308	3181.769231
870.8461538	3181.615385
731.8461538	3181.769231
459.3333333	3183.111111
720.6	3183.4
754	3183.285714
852.6666667	3187.111111
652.875	3188.125
714	3189.8
724.1875	3189.1875
800.5	3189.5
796.2857143	3190
739.3125	3191.1875
781	3190.75
763.8666667	3192.666667
731.2142857	3194.785714
809	3194.5
910	3194.5
657.05	3194.75
671.2978723	3194.978723
771.8571429	3195.285714
594.6	3197.2
651.7142857	3197.142857
867.4117647	3198.117647
888.8421053	3198.842105
794.9411765	3201.352941
855.5	3201.5
721.0909091	3202.090909
807	3203.142857
688.875	3204.625
576.5	3205
455.6666667	3208.333333
477.3684211	3208.315789
943.8	3210.6
722	3212
838	3213.5
690.5	3216.285714
591.7222222	3219.055556
849	3219
752.5	3223.5
782.5	3224.222222
798	3226
871	3227.037037
812.7272727	3226.954545
962.5862069	3227.344828
793	3228.071429
433.5	3229.5
638	3230
700.5	3230
918.2647059	3229.941176
783.5	3232.5
805.5	3232.5
607.875	3233.125
481.3333333	3233.666667
751.2	3235.5
827.4347826	3235.217391
693.3333333	3236.888889
486	3238.5
769.5789474	3238.105263
875.8888889	3238.666667
754.1578947	3240.421053
842.6875	3240.1875
864.5	3241.5
720.5	3244
849.5	3244.5
708.5	3245
770.6666667	3246.888889
784.3157895	3249.947368
920.8888889	3252.555556
488.125	3253.875
748.2	3254
898.8235294	3256.529412
696.8	3257
772.4166667	3258.25
940.6428571	3258.785714
762.4	3259.4
841	3259
473.5652174	3261.869565
830.5384615	3260.923077
801.8125	3262.625
764	3263.5
878.4117647	3262.882353
806.375	3268.1875
793.9473684	3269.026316
936	3269
719.2	3271
913	3273.2
922	3273.5
682.4444444	3274.361111
831	3274.4
766.3	3275.2
632.3333333	3276.333333
700	3276
873.4210526	3276.105263
736.5	3277
755.7142857	3278.5
782.2285714	3278.371429
894.5789474	3278.421053
936.6470588	3279.470588
912.6666667	3280.333333
840.4883721	3280.767442
863	3281.5
770.5	3282.5
868	3282.5
810.5	3283
979.4444444	3283.833333
458.4666667	3286.866667
470.1666667	3286.833333
857.0740741	3287.148148
720.1666667	3288.916667
711.5	3289.5
938.9473684	3289.631579
765.0487805	3292.439024
715.85	3293.55
973	3294
734.8666667	3295.533333
855	3295.285714
826.88	3299.4
468.6666667	3301.666667
777.75	3302.4375
462.3	3302.85
962.125	3302.875
472.8666667	3304.066667
853.5	3304.5
687.4615385	3307.384615
764	3307
758.4375	3308.25
900.3333333	3313.111111
870.5	3314.285714
776.8888889	3315.666667
512	3316.5
786.4761905	3319.619048
874.9259259	3320.407407
481.7692308	3320.384615
882.45	3321.35
766.5	3322.5
768.5	3325.5
913.5833333	3325.416667
942.8571429	3324.928571
475.5	3326.111111
838.0588235	3326.411765
776.2727273	3327.090909
937.5	3327.5
856.75	3330.5
753.9333333	3331.733333
886.1538462	3330.923077
914	3331
851.3157895	3333.578947
732.9166667	3334.083333
961	3335
768.3333333	3336.333333
944.2666667	3336.933333
710.8	3337.6
761.5	3339.5
840.7777778	3339.833333
888.547619	3342.595238
713	3346.5
765.5	3346
505.0833333	3347.166667
923.1428571	3347.964286
917	3352
863.1538462	3353
743.4166667	3354.055556
755.4444444	3354.777778
821.8	3358.4
752.5	3359
900.2666667	3361.666667
791.2	3362
924.5294118	3362.352941
853	3363
424	3364.285714
979.2916667	3365
955.5	3365.714286
881	3368
497.6	3372.5
788	3374.714286
821.3529412	3375.470588
847.3666667	3375.4
499.5	3378
929.5483871	3379.096774
718.8888889	3381.518519
837.625	3381.25
494.4	3384.4
460.5	3386
723.5882353	3388.647059
910.5	3388.5
452	3390.285714
491.5	3390.5
862.1875	3390.375
446.8	3390.6
879.5813953	3391.162791
969.4	3391.6
829.4	3392.3
919.4117647	3393.117647
724	3395.2
769.5	3395
900.6363636	3395.090909
960.3333333	3396.666667
906.3333333	3399.666667
728.5	3401.5
757.875	3403.875
776.7142857	3405
938.3636364	3407.090909
437.6666667	3407.666667
877.8888889	3409.666667
900.4	3410.266667
549.1333333	3412.533333
715.6363636	3412.909091
437	3413.5
841.3888889	3415.425926
830	3416.285714
914.8333333	3416.083333
887.3333333	3419.111111
899	3419.8
856.8378378	3420.081081
548	3422.5
533.2777778	3423.111111
1097.5	3424.5
759.5	3425.333333
944.3333333	3425
898.5	3426.5
850.5	3428
873.5	3428.5
486.3	3430.15
820.5294118	3431.117647
773.9	3432.95
735.95	3434.25
881.5	3434.5
846.2	3435.6
855.5	3436.5
876	3439.2
745.3125	3440.1875
840	3440
830.7058824	3443.705882
409.4	3446.6
713.8	3448.4
799.1176471	3448.823529
745.5217391	3449.73913
410	3452.5
758.2083333	3453.125
886.6363636	3453.636364
406.5789474	3458.105263
447.2	3459.4
838.1764706	3459.176471
509.75	3460.083333
884.75	3464.666667
895.2941176	3464.705882
393.5	3465.2
967.5	3467
807.5	3467.714286
513.3235294	3469.705882
922.3846154	3470.230769
1034.8125	3471.1875
894.8	3472.35
780.4	3474.333333
846.4	3475.4
880.5	3477.5
923.2	3479.6
938.5	3483
972.3125	3482.1875
768.6333333	3483.9
755.9285714	3484.142857
877.2	3483.6
471.8181818	3487.909091
499	3487.5625
790	3490
836	3491
773.75	3494.416667
940.1176471	3495.588235
706.6	3496.8
750.6666667	3497.666667
796.0714286	3498.142857
862.8333333	3499.166667
776	3500
882.4545455	3500.636364
469.5	3502.5
564.4	3503.2
914.1842105	3502.894737
696.3333333	3504.666667
777	3506.714286
798.5	3506.5
725.7368421	3507.157895
864.5	3508.5
933	3509.5
454.1538462	3511.538462
826.5	3513.5
538	3514
449.5	3516.5
907	3516
846	3517
775.2666667	3518.666667
949	3518.263158
470.3571429	3521.071429
830.2105263	3521.947368
851.25	3522.4
935.5	3523
768.0666667	3527.266667
913.5	3527.714286
1033.875	3528.125
751.6875	3529.0625
1049.8	3529
893.4117647	3530.882353
1077.103448	3531.034483
826.5	3534.5
977	3535.285714
453.2777778	3537.472222
464.5652174	3539.652174
874.3	3539.3
857.4615385	3540.384615
485.1578947	3540.263158
828.6	3542.2
919.5	3543.5
441.1333333	3545.333333
744	3544.5
844.8823529	3546.588235
1013.5	3549
610	3550
501	3551
824.7307692	3551.192308
813.0434783	3553.26087
483.2	3554.5
892.1666667	3556.166667
806.1818182	3557.659091
783.5625	3559.625
494.5	3561
864.3846154	3562.615385
1097.294118	3563.588235
501.5833333	3564.291667
831.125	3564.6875
533.0909091	3565.636364
461.8	3567
895.5	3567
444.5	3568.5
473.9090909	3568.636364
615.5714286	3569.380952
853	3569
488.5	3571.5
785.9411765	3572.411765
549.3333333	3574.111111
836.5	3574.5
572.125	3575.75
476.2857143	3576.071429
906	3576
761	3577.5
514.5882353	3578.117647
751.44	3579.8
1075.772727	3581.227273
833.55	3584.9
922.3333333	3585.111111
788.3333333	3586.333333
1017.933333	3586.133333
793.6666667	3588.666667
932.2857143	3589.5
923.3333333	3591.888889
687.5	3593
888.5	3595.5
451.8823529	3595.588235
878.4	3597.1
938.8571429	3597.714286
856.9	3598.45
974.3333333	3597.888889
512.3333333	3600.083333
845.1	3599.95
814.4117647	3600.882353
506.2857143	3603
747.8695652	3603.217391
754.125	3602.875
829.5	3604.285714
1017.5	3607
811.1	3608.9
869.875	3611.333333
857.6666667	3612.888889
764.4285714	3616.714286
483.7333333	3616.933333
908.4	3617.8
452.6	3618.8
492.375	3621.1875
748.6944444	3621.972222
895	3621
932	3622
730	3624.5
518.2857143	3625.571429
842.4375	3624.625
956.6	3625.4
433.9333333	3626.266667
826.1875	3626.6875
922.5789474	3627.105263
425.4	3628.6
914.1666667	3629.833333
790.1818182	3630.848485
451.1111111	3632.666667
868.5	3635.5
355.5	3639.5
730.5	3639.5
765.8604651	3639.209302
724	3640.2
717.6666667	3641
739.5	3641.8
968.2666667	3641.333333
822.4	3642.6
918	3642
544	3643
877.8285714	3643.771429
791	3645
434	3646.285714
855.5	3646
522.7647059	3646.882353
767	3650.5
849.0909091	3650.909091
789.9090909	3652.636364
887	3653
715	3654
409	3655.5
780.56	3655.2
561.2	3658.266667
910.4	3659.4
824.2857143	3660.5
854.8918919	3660.486486
838.5714286	3661.857143
731.5	3663.5
847.5217391	3664.391304
809.5	3667.714286
847	3669.5
462.45	3669.65
495.2941176	3670.294118
729	3673.5
784	3673.5
790.8	3673.6
706.5	3675.5
845.1	3675.05
504	3676.153846
884.9714286	3676.028571
800.7777778	3678.055556
857.5294118	3678.235294
697.8888889	3679.555556
422.5555556	3680.111111
737	3680.714286
814	3680
839.5333333	3680.666667
390.5416667	3682.833333
706.3333333	3681.666667
716.9411765	3683.647059
801	3685.5
769.5	3688.5
648.2631579	3689.315789
557.6153846	3690.384615
706.5	3690.5
471.25	3694.416667
834.5	3696.5
751.5217391	3697.347826
717.6153846	3698.615385
760.2666667	3700.066667
491.5	3701.5
517.25	3701.375
776.5	3703.777778
479	3705.304348
790.1428571	3706.190476
1034.714286	3708.428571
777.0909091	3715.363636
846.4878049	3714.707317
711.625	3718.1875
514.85	3719.35
783.2142857	3721.071429
773	3722.333333
526.25	3723.083333
400.6666667	3724.333333
890.7058824	3728.294118
406.2	3729.32
669.875	3729.125
463	3732
897.7333333	3731.8
402.7692308	3735.230769
489.3846154	3735.615385
678.2941176	3735.294118
740	3739
807.5	3740.5
466.5	3741
782.5	3741.5
446.6428571	3742.642857
890.9166667	3742.833333
548.2857143	3747
704.6666667	3748.333333
805.4	3748.4
398.2666667	3748.933333
884.037037	3748.925926
740.875	3750.125
859.8421053	3752.157895
465	3754
685.5	3754
987	3754
812.3636364	3756.5
785	3766.714286
512.9090909	3767.636364
459.6	3767.8
850.5	3769.5
689	3770
725	3770.5
800	3773.285714
831.6428571	3772.928571
877	3774.5
808.4375	3777.75
487.6666667	3778.066667
507.5	3778.5
871.5333333	3779.133333
689.875	3783.3125
696.64	3784.32
502.5833333	3786.833333
666	3795
761.6363636	3797.090909
771	3797
740.5	3801.5
798.5	3805
705.3333333	3809.666667
738.1395349	3809.046512
712.4081633	3814.306122
649.7333333	3817.333333
683	3822
741.0588235	3823.411765
722.0714286	3824.142857
660.3333333	3830.111111
645.7333333	3838.933333
743.5	3847
862.3636364	3851.090909
639.9473684	3852.631579
896	3856.5
704	3859
637.0333333	3863.333333
685.5	3863.5
500.5	3864.5
969	3866
668.4545455	3870.636364
692.5	3870.5
733.3947368	3870.342105
649	3871
963.8421053	3872.526316
640.875	3878.875
714.5	3879
884.6666667	3880.75
668.0833333	3881.416667
689.3571429	3882.214286
678.6666667	3882.666667
607.2857143	3885
691.5384615	3889.230769
767.2857143	3893
835.875	3893.125
744.4	3897.2
905	3899
717	3901.5
929.1333333	3902.133333
868	3903
994.4	3902.8
664.125	3905.875
717.6666667	3906.333333
832	3905.777778
947.2631579	3906.368421
740.5	3907.409091
703.8888889	3910.722222
748.6666667	3911.666667
872.5	3914.772727
845.75	3915
715.2121212	3918.939394
793.1818182	3919.545455
725.6	3926.676923
756.5	3926.5
945.36	3927.84
934.32	3929.32
822.1851852	3931
917.1578947	3932.157895
639.3333333	3934.238095
723.2	3935.6
629.2	3938.8
839.9818182	3941.418182
818.9565217	3942.086957
913	3943.285714
936.375	3943.675
366.4166667	3944.333333
730.6	3943.8
798.5	3944.5
906.05	3943.75
538.7222222	3944.833333
635	3950.2
826.2	3950.5
863.6111111	3950.722222
783.2777778	3952.722222
875.6	3951.8
890.8	3953.48
719	3954.285714
758.2941176	3953.705882
922.7727273	3955.681818
857.0769231	3957.076923
827.6	3959.4
956.5	3962.5
681.5	3968.5
837.6666667	3969.333333
900.6	3968.933333
971.75	3969.375
647	3970.2
861.5	3970
947	3970
827.9230769	3971.128205
687	3973
534.875	3974.125
817.6666667	3977.333333
913	3977.5
796.5	3978.5
845.7142857	3978
733.1428571	3980.357143
859	3980
675.1666667	3981.166667
1001	3981
788.4651163	3983.116279
864.2	3983
877.3461538	3982.230769
931.8333333	3982.833333
892.5	3984.222222
773.5	3986.5
812.7857143	3987.678571
522.5	3988.5
605.5	3988.5
882.6315789	3988.789474
980.1666667	3988.833333
852.6511628	3990.72093
953.9090909	3990.636364
758.4210526	3993.105263
835.1875	3994.125
522	3995.714286
721.625	3995.875
991.6296296	3997.62963
940.5	3998.3
784.6521739	4000.652174
1046.818182	4001
648.0666667	4001.266667
859.0425532	4000.425532
701	4002
817.6363636	4002.090909
966.1428571	4002.571429
563.1666667	4003.666667
805	4004
844.8214286	4004.214286
871.6	4005.4
611.5	4006
524	4007.5
811.1509434	4008.471698
761.5454545	4009.636364
958.7887324	4010.309859
724	4012.5
890.6666667	4012.333333
598	4013.5
730.3571429	4013.214286
789	4013.5
645	4015.5
763.125	4015.6875
876.375	4015.5625
824.6666667	4017.533333
867.9090909	4017.818182
598.2777778	4020.388889
777.25	4019.95
891.5	4021.5
1011.190476	4021.428571
943.0909091	4022.363636
692	4025
623.4117647	4026.117647
820.8333333	4025.833333
665.0434783	4028.347826
681.5	4029.5
800.5882353	4028.882353
646	4030.5
657.7142857	4030.357143
849.6470588	4030
989.8571429	4031.190476
757.5	4032
819.6	4032.366667
1011.909091	4033.363636
926.1111111	4034.666667
588.5	4035
849	4035.714286
965.8571429	4035.071429
600.8	4036.6
783.8571429	4036.761905
699.8461538	4039
746.9	4039.05
765.6875	4040.9375
607.6666667	4041.666667
884.6	4041.6
860	4043.26087
995.3076923	4043.115385
906.7647059	4043.764706
625.1818182	4045.909091
751.6	4045.4
930.4117647	4044.882353
1036	4045.5
597	4048.2
670.5	4048
815	4048.153846
680.3636364	4050.090909
824.7647059	4050.117647
951.9	4051.15
1013.533333	4053.333333
732.3571429	4054.785714
960	4055
744.2666667	4057.333333
759.1875	4057.5
975.6190476	4057.380952
1072.571429	4057.285714
585.65	4059.1
612	4061.5
773.3636364	4061.090909
666.1538462	4062.461538
829	4063
686.8333333	4064.833333
804.5	4066
1001.5	4066
961.6	4067.2
970.7083333	4068.208333
821.6315789	4068.921053
943	4070.136364
652.4473684	4071.526316
839.75	4071.625
881.1666667	4073.425926
1033.125	4075.875
948.8333333	4078
607	4077.938776
733.25	4078.5
959.95	4081.25
518	4083.75
665.0833333	4084.166667
750.3333333	4084.138889
641.7307692	4085.884615
796.85	4087.3
837.9230769	4089.307692
927	4088.285714
1037.8	4088
613.8181818	4089.818182
698	4089
706.5818182	4089.4
722	4090.714286
941.6363636	4091.545455
802.2857143	4093.928571
557.3125	4094.9375
927.6315789	4095.526316
817.6	4095.8
954.5	4096.5
605.7894737	4098.368421
889.5	4098.2
742.0882353	4099.323529
944.7142857	4099.571429
1025.615385	4099.615385
850	4100.5
816.5	4101.5
842.18	4101.08
920.9565217	4101.391304
633.0909091	4103.909091
662.4210526	4104.157895
527.5	4105.5
706.4117647	4105.941176
817	4106
980.5	4106
1021	4105.5
872.125	4107.125
822.4864865	4109.621622
926.5555556	4107.703704
1036.12	4108.24
773.6666667	4109.666667
738.1052632	4111.421053
855.5555556	4111.333333
880.9285714	4112.142857
966.2173913	4112.26087
897	4113
621.875	4114.875
919.125	4114.875
1085.090909	4114.909091
648	4117.5
807	4118
881.6666667	4118.916667
737	4120
869.5	4121
703.7142857	4123
730	4123
763.75	4123.416667
959.75	4123.4375
968	4123
714	4124
914.3333333	4123.875
683.1538462	4125
793.5	4127
865	4127.5
568	4128
723	4128
449.9047619	4128.714286
834.0454545	4128.909091
998.6428571	4130.785714
900.9807692	4130.423077
1063	4131.5
555	4132.5
713.9444444	4131.888889
979.125	4135
795.0740741	4136.037037
883.0869565	4136.043478
1051.647059	4136.588235
1081.5	4137
839.1111111	4138.333333
558.625	4142
942.3846154	4143.384615
862.6538462	4143.423077
956.2	4144.4
651.5	4147
658.7142857	4147
763.1578947	4147.157895
830.9230769	4146.711538
1104.333333	4147.333333
716.1578947	4147.842105
676.1111111	4151.444444
485.5	4152.285714
423.2857143	4154
472.875	4154.875
705.8823529	4154.411765
828.3333333	4154.333333
923.875	4154.125
383.625	4155.8125
952.1578947	4157.157895
845.4117647	4157.882353
714.3636364	4159.121212
767.4117647	4159.058824
992.5	4158.5
639	4160
582.5	4161.714286
725.3846154	4162.538462
688.4210526	4164.578947
884.5	4164
843.1666667	4164.833333
496.7142857	4167.571429
656	4168.157895
903.3333333	4169.666667
893	4170
980.2857143	4170.428571
713	4172
767.0434783	4172.782609
855.6	4172.6
601	4175.692308
997.3333333	4175.666667
496.6666667	4176.888889
986.65	4175.9
740.6666667	4181.666667
768.1578947	4182.842105
1052.964286	4183.678571
828.4545455	4185.818182
970	4186
1007.5	4185.5
958.6153846	4187.615385
744.8333333	4188.166667
406.6666667	4189.333333
668.3571429	4189.714286
868.125	4190.15625
363.3333333	4191.5
739	4191
859.6470588	4191
892.8	4192.85
804.5	4192.714286
660.5263158	4196.842105
770.875	4197.1875
786.5	4196.5
922.4137931	4196.413793
808	4198.5
443	4199.294118
505	4199
849.2857143	4199.428571
943	4199.5
651.5789474	4202.315789
724.9090909	4202.363636
418	4205.409091
953.875	4207.125
1005	4209.684211
499.875	4211.125
488.2608696	4212.782609
399	4213
852	4213.851852
907	4214.285714
846.6363636	4216.909091
953.0666667	4216.666667
1012.2	4216.5
449.5	4217.5
481.8333333	4217.722222
869	4218.863636
992	4218.5
970.15	4220.1
466.1176471	4221.411765
473.2	4221.3
804.5	4221
999	4221
796.6	4221.6
506.8666667	4223.466667
901.5789474	4224.421053
807.0909091	4225.363636
491.2173913	4225.869565
637	4227.5
994	4229
999	4229.5
817.9166667	4231.375
763.5	4231
1025.125	4230.875
496	4233.333333
1017.0625	4233.6875
666.8235294	4236.882353
1007.882353	4236.588235
504	4238
830.125	4237.875
961.5	4238.5
970.7692308	4238.846154
1036	4240
411.4516129	4240.483871
839.6	4242.15
1056.636364	4242.454545
916.4	4243.6
725	4247.5
523.7142857	4251.190476
959	4254
826.2352941	4255.058824
967.1111111	4264.111111
863.875	4272.875
405.3333333	4277.125
492.7142857	4277.5
865.6	4279.6
947.4444444	4280.888889
979.46875	4286.0625
893	4294.714286
864.8333333	4300.166667
840	4315.5
913.5	4316
870.5	4330.8
975.5	4332.291667
675	4352
1145.8	4358.5
953.173913	4359.434783
889.5	4365.5
1001.5	4365.5
870.3478261	4369.217391
862.0344828	4371.413793
879.3846154	4374.384615
951.9411765	4374.411765
929.5121951	4380.853659
894.625	4381.8125
985.5	4382
967.1538462	4385.769231
975.375	4387.8125
1041.5	4389.5
866.5882353	4389.882353
891	4392
928.9285714	4400.142857
956.8	4420
588	4427.5
861.875	4429.125
950.625	4430.625
613	4434.8
768.2777778	4433.611111
856.6666667	4438.333333
636	4451.2
572.1578947	4451.526316
960.8333333	4453.366667
646.6666667	4456.111111
596	4459
638	4462
840.3461538	4477.846154
470.6666667	4478.666667
854.05	4478.25
587.3333333	4486.333333
609.3461538	4489.269231
814.5	4489.5
654.5	4490.5
878.173913	4496.369565
610.5	4499.5
935.6666667	4511.6
608	4516
669.8235294	4528.647059
854.5	4530.5
1092.769231	4529.538462
854	4536
618	4537.761905
584.375	4538.8125
1096.5	4540.5
686.5	4541.8
700.9285714	4540.857143
1065.038095	4540.752381
1079.568182	4542.340909
679.5	4548.5
1065.827586	4551.603448
1074.789474	4552.421053
935.2857143	4552.571429
999.5	4553.5
1081.5	4554.5
1077	4559.5
1085.96	4561.24
635.5	4565.2
1091.5	4565
607.5714286	4570.380952
768.5	4570
1024.277778	4573.666667
618.2	4579.5
675.7333333	4580.933333
662	4582.5
610.3076923	4584
870.5	4591.5
981.8823529	4590.588235
996.5	4598
941	4598
874.8095238	4608.952381
643.1428571	4611.285714
661.375	4611.75
752.6363636	4619.454545
637.5151515	4622.121212
857.08	4629.04
904.6666667	4629.111111
437.8181818	4630.454545
925.3846154	4630.615385
736.1176471	4635.411765
973.8823529	4635.588235
640.4285714	4639.285714
797.75	4639.375
698.6666667	4647.740741
759.5	4649.5
675.5	4650.5
907.1578947	4652.157895
717.05	4656.6
648.8695652	4663.956522
657.5384615	4665
629.2631579	4672.157895
727	4682.5
755.9	4688.05
689.75	4694.5
702	4697.5
825.1176471	4706.588235
654.6666667	4712
846	4718.5
669.0555556	4719.777778
804.5	4727.5
735.8125	4729.8125
959.6666667	4730.666667
655.35	4732.45
233.5	4733.5
880	4737
658.2307692	4740.307692
772.5	4741.5
331	4744
932.7	4753.6
712.5882353	4754.705882
776.1176471	4757
654.6666667	4761.333333
708.3333333	4762
853.1111111	4762.333333
674.92	4763.56
681.5	4763.5
653.9090909	4768.636364
796.9166667	4770.333333
719.5	4771
812.2	4773.5
688	4776.5
230	4779
640.0434783	4780.26087
719.75	4784.5
630	4785.285714
648.8421053	4785.157895
791.5	4786
844.4444444	4787.777778
688.75	4790.05
801.9285714	4796.142857
785.32	4797.08
815.5	4799.7
677	4807
576	4809
635.4864865	4810.540541
833.5	4813
692.125	4814.5
698.4	4814.6
845	4814.2
852.5	4816
833.875	4818.125
848.1333333	4819.466667
746.6	4819.866667
861.5384615	4820.846154
655.8888889	4822.333333
677.5	4825
603	4828.625
665.0769231	4829.576923
859	4830.5
872.3846154	4831.615385
615	4832.5
862.5	4835.5
753.0666667	4839.266667
851.8888889	4839.333333
667.5	4840.233333
704.6129032	4840.483871
823.25	4846.625
739	4848.5
787.3043478	4848.217391
604.5882353	4851.117647
753.1904762	4852.619048
760.0714286	4852.142857
817.5	4855
697	4857.5
688.5	4858.5
631.75	4859.428571
768.7333333	4860.066667
737.6153846	4861.923077
895	4861.285714
700	4865
780.75	4865.25
610.5555556	4868.222222
734	4869.5
632.5238095	4869.428571
811.6617647	4873.044118
600.875	4877.875
792.5	4877.5
906.35	4880.95
834.9473684	4882.684211
892.5	4885
629.5	4887
689.6666667	4888.333333
758.5	4890.2
588.3	4891.3
633.1666667	4891.611111
784.5	4894.5
799	4893.5
561	4895.5
677.9047619	4895.142857
687.1851852	4896.259259
707	4896
822.6666667	4896.388889
747.6153846	4901.384615
906.5882353	4901.117647
823.5	4905
570	4906.5
905	4906.5
818.5	4907
796.5	4908.214286
811.1860465	4908.232558
837.2058824	4907.352941
652.6666667	4908.666667
564.3846154	4910.923077
747.6	4910.8
582	4913
730.7	4913.4
824	4914
773.5	4914.714286
808.9230769	4915.384615
746.125	4916.125
831	4918.5
896.8181818	4918.818182
800.1111111	4922.666667
613.3125	4924.0625
742	4924
562.2	4925.6
731.8333333	4927.083333
854.3333333	4927.333333
886.8333333	4927.833333
635.56	4929.2
805.9	4931.8
739.7586207	4934.241379
561.8888889	4935.666667
569.5	4937
812.25	4938.25
1074.285714	4938
548.5	4940.5
668.875	4941.875
680.8333333	4942.611111
726.1363636	4941.772727
778.5	4942
873.5882353	4941.882353
889.5789474	4943.421053
544.6	4949.2
804.6	4949.4
896.1111111	4949.833333
857.8333333	4951.833333
916	4952
759	4953.157895
875.8	4953.4
737.4347826	4954.173913
839	4954
542.125	4955.125
724.6666667	4956.333333
776.4117647	4959.117647
865.1666667	4959.166667
783	4960.285714
893.902439	4961.512195
774.3913043	4965.913043
835.6153846	4966.615385
558.7333333	4967.933333
724.7142857	4969.357143
878	4969
848.5945946	4971
891.5357143	4973.5
812.5	4974
720.875	4976.75
729.6666667	4977.533333
766.9444444	4978.111111
697.5	4979
890.2	4985.4
862	4987
560.9285714	4988.142857
802	4988.5
830.8421053	4987.526316
608.5	4989.5
746.25	4990.95
916.6190476	4993.095238
627.8125	4994.0625
699	4994.8
668.3333333	4995.666667
808.0714286	4996.285714
828.4285714	4996
748.5	4997
938	4997.5
574.2857143	5002.5
861.5	5002
801	5003
806.8	5005.4
612.3333333	5006
814	5008.5
836.4285714	5011.714286
845.9166667	5011.833333
881	5011
709.6666667	5011.666667
563.7142857	5013
833.5	5014.5
639.1333333	5015.866667
820.1333333	5016.533333
724	5022.2
749.7391304	5022.478261
795.125	5024.75
572.8	5029.6
688.4666667	5030.666667
713	5032
818.5	5033.5
874.5	5035.5
668.1666667	5036.833333
752.6153846	5038.384615
771.7142857	5038.904762
632.5	5040.375
589.3095238	5042.071429
814.6363636	5041.772727
670.3846154	5042
758.5	5043.5
680	5044
614	5048
729.5	5053.5
749.5	5054.5
861.6666667	5054.888889
714.8333333	5054.833333
927	5056
721.6666667	5057.333333
792.5882353	5056.941176
888.6666667	5058.111111
753.2692308	5061.461538
622.6666667	5063.333333
678.9090909	5063.363636
668.5	5064
903.6	5067.2
627.0833333	5071.333333
721.5	5071.5
596	5072
729.1428571	5072.714286
845.3684211	5075.263158
759.8461538	5077.461538
601.2692308	5078.230769
683	5080
742.5	5082.5
727.25	5084.583333
717	5084.875
1023	5085
707.3478261	5089.391304
696.9375	5090.75
795.5	5090
840.3157895	5090.157895
608.5142857	5090.171429
851.1578947	5092.315789
741	5093.8125
752.3333333	5093.296296
939	5093
640	5094.5
768	5094.8
859	5099
898.6666667	5099.111111
762.6875	5100.9375
749.4117647	5102.352941
663.25	5107.875
721.2857143	5108.5
712.125	5110.125
836.5	5114.5
710.3333333	5116.333333
719	5116
675.5	5122
712.3529412	5122.411765
762.5	5125.5
692.6666667	5129.333333
742	5131
831.375	5130.958333
865.8125	5133.3125
683	5134.5
901.8888889	5134.333333
622.2857143	5137.5
712.375	5137.9375
786	5138.5
848.0555556	5139.833333
878.5714286	5140
687.5	5141.5
817.96	5141.6
608.3	5142.3
653	5142.5
673.5	5142
871.6666667	5143.533333
761.125	5143.875
695.7857143	5145.5
831.44	5145.96
612.5	5148.5
712.2068966	5147.689655
659.6	5149.933333
827.5	5150.5
842.6666667	5150.333333
738.3	5153.2
629	5157.285714
723.8518519	5158.185185
610.5	5158.5
715.8888889	5158.722222
793	5163
828.125	5162.875
816.8	5166.6
661.1875	5168.625
668.5	5168
703.6153846	5168.384615
854.2142857	5168.642857
819.4545455	5170.636364
844.6	5171.4
862.4117647	5173.882353
716.0416667	5181.5
848.875	5182.125
702.5	5183.5
783.2222222	5183.944444
697	5186.714286
653.4444444	5188
710.7368421	5189.578947
764.4	5190.6
855.4705882	5191.882353
674.8888889	5194
744.75	5194.25
664.75	5197.05
705.5	5200.5
615.5	5201.5
848.8125	5201.625
784	5207.5
878.6666667	5208.666667
643.1875	5210.1875
693.5	5210.5
871.2	5210.4
813.1764706	5212.588235
821.8823529	5213.411765
835.8823529	5214.823529
660.3333333	5215.888889
700.6153846	5218.615385
692.1538462	5222.346154
610.9333333	5226.6
703.4	5226.6
668.6296296	5226.851852
809.4	5227.4
852.9	5226.95
768.3333333	5229.333333
830.5	5230.5
675	5233
761.15625	5233.71875
839.9722222	5235.527778
645	5236
663	5238
740.1333333	5238.6
822.5	5238.5
778	5241.1
797.0909091	5242.363636
787.5	5244.5
836.9090909	5247.363636
697.25	5248.833333
711.5294118	5249.823529
725.12	5249.28
453	5251.285714
656.1923077	5252.076923
635.5	5258
705.0833333	5260.166667
446.3333333	5261.6
435.6666667	5265.333333
701.5925926	5265.962963
893.5	5265.5
736.0555556	5267
523.7333333	5270.066667
641.2	5271.9
697.3333333	5274.266667
778.7142857	5275
745.5833333	5279.75
758.875	5279.125
663.0666667	5279.733333
769	5280
635	5281
754	5282.833333
430.5	5283
737.0666667	5283.266667
605.5	5284.5
521.5454545	5285.818182
681.5	5285
811.8181818	5286.454545
728	5287
498.5	5288.285714
641.6	5290.1
753.8648649	5291.486486
729.3529412	5293.470588
435.7333333	5298.066667
858.3333333	5300.333333
774.5	5303
758.3333333	5308.666667
654.5	5319.5
633.5	5323.5
640.5	5323.5
669.8333333	5325.166667
630.6666667	5331.333333
680.1666667	5330.833333
379.5	5334.5
650	5334.5
843.8125	5336.625
856	5336.5
670.5	5338
723.1333333	5341.533333
824.1111111	5341.666667
579.9166667	5345.666667
814.5384615	5346.153846
778.5483871	5352.709677
691.125	5354.875
716.3	5357.8
657.6785714	5360.035714
819.5	5360
700.05	5361.9
746.95	5362.25
607.3846154	5364.461538
792.5	5364.5
598.0833333	5370.083333
714.3333333	5369.888889
520	5371
911.7	5376.3
629.5	5379.5
639.3333333	5382.666667
738.0714286	5387.857143
622.8888889	5395.555556
791.2962963	5395.444444
673	5398.625
752.4285714	5402.285714
658.5	5403
609.6153846	5412.615385
782.9411765	5412.764706
742.125	5414
652.3846154	5422.846154
692.0588235	5422.647059
620.4666667	5423.6
595.5	5424.5
625.6666667	5434.666667
824.5	5435.2
704.5	5442.5
659.0909091	5443.363636
768.8947368	5443.578947
601	5455.5
763.875	5463.875
752.3333333	5465.333333
730.2857143	5469.428571
606.5833333	5474.833333
628.5	5483
775.875	5491.125
753.8333333	5493.833333
743.7	5495.1
624.375	5496.25
603.4	5499.2
585.1818182	5505.818182
627	5505
772.0714286	5507.142857
699.25	5516.05
587.5	5518.5
681.3846154	5519.615385
709.8333333	5520.833333
743.6666667	5522.75
665	5527.2
782.1111111	5531.666667
718.3809524	5533.571429
619.5	5540.5
608.5714286	5541.47619
722.9090909	5542.636364
641	5545.5
752.5	5548.5
606.2	5550.5
676.6470588	5550
664.5	5555.5
632.6842105	5557.842105
715	5561.5
696.5	5563.5
694.3846154	5575.615385
718.25	5577.333333
602.1176471	5583.588235
626.3636364	5584.545455
669.6666667	5589.533333
683.1666667	5591.833333
648.3333333	5594.666667
636.2	5604.4
754.8571429	5609.071429
697.5	5610
669	5626
727.6	5627.2
645.5	5637.5
628.0666667	5658.333333
716.5	5661.5
706	5663.5
675.8125	5668.0625
712.6666667	5675.666667
643.0714286	5677.214286
727.5882353	5677.117647
662.0909091	5700.090909
660.2666667	5711.066667
705.1666667	5765.166667
656.3333333	5770.111111
600.2727273	5785.727273
639.3333333	5849.333333
572	5853
639.5333333	5853.866667
518.3571429	5855.285714
613.5	5860
608.4736842	5879.631579
611.5	5887
355	5907
589	5916.590909
498.1666667	5919.583333
471	5942.5
534.2	6004
406.5	6253.5
339.3333333	6456.666667
