X	Y
0	0
0	5143
5143	0
5143	5143
1048	49.375
1112.913793	54.18965517
1009.823529	79.76470588
995.8095238	94.9047619
1038.625	97
1042.851852	98
1237.105263	98.42105263
1256.111111	97.83333333
1127.129032	98.58064516
1227.625	99.71875
1230.648649	108.2702703
1235.73913	113.0434783
966.5	122
974.65625	131.46875
1256.28125	131.65625
1041.626866	142.3134328
1138.6	142.5
1139.5	148.75
1051.625	149.4375
1145.461538	151.8461538
1000.12	153.56
1007.896552	154.1724138
1319.875	155.125
958.3684211	156.0526316
1146.074074	156.0740741
1018.307692	159.0576923
955.9333333	160
1149.483871	160.5806452
954.4181818	167.2
960.64	170.84
1148.66129	172.2258065
1151.129032	180.6774194
981.3157895	183.3157895
988.1891892	186.7837838
1377.111111	191.7777778
921.125	199.125
926.3214286	198.8214286
1331.5	199.5769231
1150.36	200.32
1153.653846	206.8974359
1322.5	215.925
915	218.5
1361.666667	220.125
996.3076923	234
1384.151515	251.1515152
1350.117647	252.4117647
971.56	255.92
1083.5	257
1120.875	263.125
884	265
1325.678571	266.5
1332.176471	267.6764706
1206.71875	270
1296.513514	270.8513514
1304.846154	270.3846154
1313.65	270.0625
1221.066667	271.4
1118.8125	272.96875
1288.875	274.875
967.12	276.16
1372	287.2222222
935.0833333	291.1666667
1275.5	291.5
850.7272727	292.4090909
922.28	295.08
1275.538462	300.6923077
1186.083333	309.8333333
1339.5	310.5454545
1213	313.5
1186.565217	315.9130435
1220.9	315.9
1028.956522	322.6086957
1194.888889	328.6666667
1290.2	338.5333333
899.5	341.5
1068.848485	342.1212121
1285.777778	341.7407407
1014.961538	347.1282051
967.9473684	349.2105263
1061	353.173913
1017.621622	354.9459459
1061.192308	357.8461538
1116.421053	358.8421053
1189.902439	360.4146341
1059.2	361.6
941.8695652	362.2173913
1190.878788	365.030303
807.5	369
1294.2	369.8
1005.44	372.0266667
942.1875	371.5
881.5882353	382.2941176
877.5882353	383.1176471
782	387.1538462
1217.616438	390.0273973
1379.566667	390.9
782.3030303	392
1382.1875	394.3125
842.5	403.5
1355.71875	403.84375
1019.928571	405.1428571
1268.5	405
1272.894737	405
952.3846154	406.9230769
991.3877551	408.7040816
1394.125	411.75
1018.169492	413.6610169
784.52	415.54
1020.741935	418.516129
1100.85	418.15
1097.057143	419.8571429
1373.914286	419.4285714
759.5862069	420.6206897
1091.557377	421.0327869
1128.787879	420.969697
1345.8	422.12
1393.882353	423
1032.636364	423.5454545
1390.264706	426.9411765
1089.535714	429.2857143
1099.459459	429.7567568
1125.863636	428.3636364
780.1081081	430.4864865
1021.808989	427.5617978
1121.407407	430.8148148
1393.55	430.85
1211.277778	431.8888889
1017.416667	434.8055556
1090.44	433.92
1219.16	435.4
1024.428571	435.3214286
985.84375	436.53125
1097.911765	436.6764706
1022.44186	440.3488372
1215.888889	438.5555556
1015.794872	441.9230769
978.4655172	441.2758621
1047.484848	443.3939394
1384.375	444.5625
984	446
1006.727273	445.5
1391.3	445
990.627907	442.8372093
1019.76	446.04
1023.924528	448.7358491
1253.791667	447.75
1349	447.7894737
992.26	447.66
1388.214286	449.4285714
998.7708333	450.1666667
1016.409091	448.9090909
1012.8	452.85
1004.589286	454.1964286
1384.142857	453.5714286
1258.48	456.74
1020.666667	457.1428571
924.9411765	457.7647059
1251.230769	457.6666667
1016.555556	461.8888889
1388.555556	461.2222222
1004.909091	461.9318182
1253.909091	463.5454545
1003.666667	467.4722222
1115.75	467.75
1378.296296	468.1481481
809.2941176	471.8823529
1007.529412	471.9705882
1111.4	474.6
1298.431818	479.6363636
1359.210526	481.8421053
740.9	481.95
1075.882353	483.4117647
1302.272727	484.0909091
885.2142857	484.5714286
1346.727273	484.8636364
760.4705882	487.3529412
1046.5	486.8
1191.371429	488.3142857
1349.657143	492.1428571
711.7272727	498.5
1228.375	504.5625
1220.677419	507.2258065
1115.761905	508.3333333
732.1714286	510.4
737.9642857	512.0714286
1307.612903	514.1612903
687.28125	514.9375
1101.421053	515.5789474
1054.655172	515.8275862
706.3636364	517.9090909
701.8636364	519
1007.266667	523.9333333
767.1111111	531.3333333
1006.139535	530.6976744
1241.285714	536.9047619
1076.076923	535.4615385
1163.423729	536.1186441
841.9090909	538.5
1156.8125	538.5
1074.357143	540.6666667
1184.6	542.9333333
949.6666667	544.25
989.5	546.9090909
994.8148148	546.2592593
1072.072727	547.7272727
1097.03125	549.3125
1303.866667	549.5333333
1132.854545	549.2727273
1130.377778	555.1333333
899.0909091	554.9090909
1097.288462	555.1153846
1118.414634	559.1463415
702.8709677	564.0322581
1137.589744	564.2307692
1162.470588	572.9411765
965.6363636	575.0909091
1158.75	575.4166667
1003.407407	576.5555556
1216.214286	577.2142857
672.3076923	579.5
1261.117647	578.4117647
1363.391304	583.2173913
904.5	592.5
1132.5	592.625
1134.68	596.64
924.1388889	595.8472222
1282.846154	597
905.8333333	600.3333333
1130.291667	601.75
1134.578947	601.1052632
771.7878788	602.2727273
1138.26087	601.6086957
687.2857143	604.5
1126.204082	604.6734694
1388	606.173913
904.8181818	608.5454545
915.8571429	607.1428571
1338.52	609.28
909.8139535	608.4651163
1133.666667	610.9166667
723.5	612.1666667
1129.578947	613.1052632
836.5	615.7777778
912.4814815	616.3703704
977	615.9069767
886.0333333	615.9666667
1130.571429	618.3928571
736.1578947	619.2631579
885.0833333	620.7222222
909.6956522	621
1160.909091	619.6363636
1125.485714	619.7714286
977.25	622.1071429
836	623.5
1127.473684	624.8157895
857.1666667	627.7619048
1185.285714	626.5
841.7631579	630.0526316
702.125	631.125
1069.769231	632.1282051
700.675	637.075
994.5675676	639.6216216
1086.8	643.5
772.75	643.6666667
997.5151515	647.1515152
1003.44	648.92
773.7037037	651
1330.368421	651.2105263
1026.724138	648.7931034
1031.05	651.7
691.2105263	652.6315789
1007	653
1333.111111	655.6444444
1143.875	657.875
1156.5	665
672.875	668.5892857
984.1960784	668.0392157
788.03125	669.65625
941.6666667	668.8888889
660.1176471	672.4117647
886.7843137	673.5490196
969	675.8
1269.75	675.9166667
1329.5	676.5
1406.013158	675.0263158
646.8510638	678.2978723
930.5727273	678.6181818
608.875	679.25
970.6666667	683.2666667
964.8484848	682.7272727
734.7291667	684.625
1232.631579	685.7368421
612.6666667	685.9444444
704.7	687.05
696.3888889	687.9166667
817.2857143	688.5
968.8571429	687.3928571
1352.608696	688.4347826
1093.391304	688.7826087
1360	689
610.2727273	690.6818182
972.2142857	690.5
1370.305085	690.5762712
888.84	692.12
976	692
1417.038462	692.3076923
1380.954545	694.3636364
881.7924528	695.6981132
1375.909091	694.7272727
645.9298246	696.9473684
1053.588235	698.8823529
1405.416667	699.6388889
1417.787234	699.1914894
642.3913043	703.3913043
1261.941176	703.0588235
639.5	707.5
1176.152174	708.2173913
930.125	712.875
1325.060606	713.7575758
639.3157895	719.2807018
860.862069	718.0689655
953.5833333	719.25
747.8181818	720.4090909
1020	723.2105263
798.6666667	724.4102564
1112.391304	724.2173913
861.725	725.225
638.5	727
1021.772727	727.0454545
867.3392857	729.8928571
634.3571429	728.8571429
1229.384615	730.3846154
622.1515152	731.3030303
628.4	731.5333333
868.45	738.775
1049.264706	735
1149.9	734.9666667
1336.380952	735.5238095
1404.227273	737.2272727
1397.28125	739.53125
598.8333333	745.9583333
839.1428571	750.8095238
918.5	751
1355.210526	752.5263158
723.5	754.3333333
1350.454545	754.1818182
619.4827586	753.6896552
1000.2	756.5
1428.5	757
912.2142857	757.2142857
597.2258065	762.3225806
1082.808511	763.6382979
1326.75	766.5
921.6153846	772.3846154
1209	772.8888889
1098	774.5
1077.333333	775.4358974
1150.105263	776.0263158
610.4347826	777.0869565
1074	781.2105263
1015.382353	781.4411765
1011.5625	782.25
1156.111111	787.5185185
1330.857143	791.7619048
922.6060606	796.1212121
1446.903226	794.3548387
711.875	797
805.6153846	799.3846154
1450.5	801
1426.407407	801.6296296
1014.980392	803.3137255
591.1	804.95
767.1	806.2
1452.181818	808.0909091
1439.253968	807.8412698
1447.666667	808.5757576
1022.619048	809.5714286
1016.875	811.125
766.6666667	812.75
1145.090909	812.9090909
1025.777778	815.6111111
1451.666667	816.5555556
699.3846154	819.3846154
869.8064516	820.1612903
796.5882353	821.1176471
893.1875	819.9375
1022.875	821.875
1446.9	820.85
1453.36	821.32
810.375	823.25
803.0357143	825.75
1030.055556	826.3055556
1069.47619	826.7619048
1247.875	826.875
1453.6875	826.5625
1413.75	830.25
1251.5	832.2142857
752.462963	832.5555556
1256.888889	832.6666667
947.3030303	835.7878788
1147.5	834.5
1259.263158	835.3157895
1268.612245	840.7346939
1150.882353	841.5882353
1150.9	845.8666667
663.1267606	847.028169
1216.826087	850
664.0338983	854.4745763
1176.066667	858.0666667
903	859.5
727.4782609	859.8695652
578.5	860.5
1267.5	860.6363636
1156.647059	863.0588235
577.862069	866.8965517
729	867.5
589.0344828	868.1034483
1313.925926	869.3703704
591.0909091	871.1818182
1454.133333	871.3333333
1309.217391	872.6956522
926.3333333	873.4444444
589.1538462	874.5
691.4	874.0666667
1386.5	874.5769231
993.6315789	877
1190.46	877.76
926.2	877.7
938.7058824	876.4705882
1366.666667	882.1111111
1054.333333	884.4444444
1211.053571	886.5803571
1220.460674	884.7303371
784.1153846	885.3076923
1163.411765	888.1176471
1366.472727	886.8909091
1358.173913	890.6304348
852.5	891.5
1164.526316	892.7368421
630.775	896.25
936.9444444	896.8888889
941.8	898.5
1127.222222	899.5
1175.089431	896.4878049
634.5	901.0714286
938.25	900.45
998.173913	901.1521739
1195	906.2
999.3703704	906.8888889
1046.181818	909.5454545
1177.571429	909.6428571
997.2692308	912.7884615
572.3636364	915.4545455
965.4411765	916.1764706
1375.458333	917.4166667
993.34	920.4
1197.419355	918.4516129
1303.032258	919.1935484
637.4565217	918.7173913
752.4255319	920.7234043
1162.782609	919.8695652
744.5	923
1111	923
1146.787879	924.7424242
1189.95122	923.4146341
735.1526718	926.1526718
951.3421053	927.5526316
989.0967742	927.1290323
565.5	932.2
577.6842105	932.8421053
583.1428571	932.3571429
734.7297297	935.7432432
1330.8125	933.1875
1183.4125	934.6125
564.2307692	940.4102564
741.1315789	940.9736842
580.5416667	939.8333333
1174.025	941.2
735.2545455	946.2181818
584.671875	947.484375
568.6428571	950.2142857
735.4242424	952.7272727
741.5	950.5
674.5185185	952.3703704
587	952.4782609
575.9649123	955.8245614
591.2972973	954.7432432
739.5666667	954.8333333
1118.714286	957.2539683
1162.736842	957.2631579
599.4390244	959.7804878
580.8	962.9
603.9090909	963.7727273
742.1052632	963
1068.714286	964.5
1240.692308	965.2692308
1119.75	968.3214286
1133.4	967.7333333
609.4	968.5666667
663.4482759	968.6896552
1275.333333	969.8888889
1170.333333	972.25
616.7352941	973.2352941
667.5172414	972.9310345
1069.5	973
1276	973.5
1201.932432	974.8243243
624	976
1172.708333	976.5
629.8846154	978.75
740.2857143	979.5
1122.7	978.7
962.5666667	984.4333333
1258.709677	983.3870968
941.2926829	988.1463415
738.8630137	992.0684932
966.8	993.1846154
1171.578947	994.0526316
962.0909091	997.3636364
956.5	998.6666667
646.4117647	999.1176471
741.7692308	998.3538462
814.4583333	1000.625
739.02	1004.82
744.3846154	1008.576923
737.6153846	1009.192308
649.16	1010.72
740.04	1013.36
901.8888889	1012.296296
583.7647059	1017.5
649.65	1017.45
573.5348837	1017.55814
735.27	1019.27
747.1041667	1016.833333
1165.5	1019.5
824	1020
1160.219512	1021.121951
1358.25	1022.875
751.3488372	1023.372093
1012.933333	1024.133333
588.25	1026.75
728.2327586	1026.034483
744.75	1025.366667
753	1029.021739
1006.2	1030.666667
737.8152174	1029.978261
991.2758621	1032.137931
999.96875	1031.484375
732.5365854	1035.853659
850.5714286	1035.095238
1391.344828	1037.137931
1395.727273	1038.272727
614.4230769	1044.576923
832.826087	1045
1183	1048.352941
615.35	1052.7
619.5384615	1053.153846
678.5333333	1056.366667
599.6875	1055.40625
905.5	1057
1009	1062.352941
1292.8	1062.7
1303.307692	1062.923077
1217.97561	1064.829268
935.7272727	1066.515152
632.2535211	1065.746479
1292.328571	1066.728571
729.5	1069.714286
1238.055556	1070.222222
1268.857143	1070.071429
752.8888889	1074.333333
1466	1076.5
712.4347826	1077.913043
840.8	1083.5
748.8333333	1084.333333
676.25	1085.75
899.9268293	1086.414634
750.5	1088.392857
906.0566038	1088.45283
1268.8	1089.32
743.2380952	1088.880952
1437.066667	1090.666667
851.2037037	1087.685185
846	1092.789474
705.625	1094.75
1100.735294	1096.235294
1343.666667	1096.888889
1356	1096.5
1097.470588	1098.470588
1092.727273	1099.704545
674.2222222	1100.5
824.90625	1101.46875
1100.590909	1102.772727
703.4642857	1102.660714
1185.271186	1101.423729
713.4107143	1104.428571
1091.789474	1105
565.0227273	1105.113636
587.2777778	1105.388889
1096.923077	1104.923077
527.0263158	1105.789474
1252.2	1107.142857
1259.708861	1106.734177
523.15	1110.025
531.75	1108.316667
576.53125	1107.90625
671.0714286	1108.892857
563.5757576	1111.333333
569.8965517	1109.689655
1096.7	1109.933333
476.4117647	1110.441176
1131.682927	1110.341463
577.9722222	1113.888889
558.6086957	1113.652174
1252.913793	1113.672414
1298	1114.5
471.8163265	1115.938776
500.6923077	1116.282051
566.4782609	1116.26087
622.4	1115.533333
485.483871	1116.774194
491.1111111	1117
522.969697	1116.484848
573.0833333	1116.583333
1072.8	1116.5
497.64	1119.76
995.5	1119.777778
472.3428571	1120.371429
484.5	1120.886364
1494.12	1121
465.0588235	1122.137255
1013.105263	1122.578947
1128.784314	1121.673203
578.1960784	1122.019608
587.5	1123.5
1330.416667	1122.833333
1218.607143	1124.035714
1337.875	1125.125
564.3833333	1123.483333
570.4333333	1123.666667
470.8	1128.433333
1504.52	1127.84
1130.896226	1129.707547
1201.736842	1129.368421
1288.153846	1129.461538
573.1724138	1130.034483
460.8125	1131.4375
879.9166667	1131.666667
1328	1131.5
618.3409091	1135.681818
636.625	1135.5625
1332.181818	1136.772727
1278.883721	1137.139535
698.5	1137.8
1274.2	1141
698.3333333	1141.888889
1386.5	1141.5
349.1153846	1142.961538
639.8387097	1143.193548
1085.764706	1142.941176
1166.578947	1145.105263
1170.909091	1146.113636
783.5757576	1146.424242
338.5	1148
345.5625	1150.8125
1197.714286	1151.5
1333.857143	1154.428571
340.2352941	1153.941176
413.5	1154.083333
1166.575	1151.75
330.654321	1153.728395
1163.272727	1156.772727
635.4	1160.038095
627.0952381	1162.380952
702.2051282	1162.948718
366.0208333	1163.895833
418.8888889	1164.333333
468.3846154	1163.615385
719.3846154	1164.615385
424.5833333	1164.027778
1126.411765	1166.117647
1189.648649	1165.621622
322.6956522	1167.217391
715.047619	1166.809524
359.5	1167.611111
901	1168.37931
705.6451613	1169.387097
669.7333333	1170.933333
684	1170.642857
315.8833333	1171.883333
420.6666667	1172.183333
1182.909091	1172.363636
514.3333333	1172.666667
517.875	1172.875
686.6818182	1171.113636
719.7333333	1173.933333
637	1176.421053
653.2553191	1176.638298
660.9090909	1175.636364
459.4807692	1178.769231
644.3461538	1177.615385
681.125	1179.125
723.6785714	1178.892857
1174.363636	1178.545455
659.36	1180.96
688.2222222	1181.481481
730.5862069	1180.448276
871.6363636	1180.454545
1027.5	1183
1497.1	1183.05
653.3095238	1184.690476
417.5909091	1185
461.5714286	1185.857143
381.8965517	1186.241379
317.3571429	1188
454.4146341	1188
691.6756757	1187.243243
497.5333333	1191.533333
1071.5	1194
507.3207547	1191.90566
563.1111111	1194.444444
700.0454545	1194.909091
760	1195.5
704.7647059	1194.617647
965.6666667	1196.636364
1010.122449	1197.591837
498.5789474	1197.894737
1003.88	1197.6
1017.321429	1197.178571
1435.5	1198.714286
902.3191489	1199.680851
958.3265306	1200.510204
561.9384615	1200.938462
677.0731707	1202.04878
969.2424242	1202.166667
309.6153846	1202.538462
1471	1203.769231
942.0952381	1204.571429
946.7058824	1204.588235
306.1315789	1208.894737
947.5	1209.833333
707.3243243	1211.378378
1209.232558	1210.186047
921.0769231	1211.923077
1307.5	1211.785714
722.8	1212.45
1433.863636	1213.727273
432.1470588	1213.5
1214.36	1213.52
765.6666667	1215.75
909.6363636	1215.909091
676.4375	1215.75
1210.916667	1216.416667
663.3055556	1217.638889
417.452381	1219.404762
714.3103448	1218.689655
396.3043478	1219.043478
675.2173913	1220.652174
428.6323529	1220.382353
1185	1221
1305.47619	1220.52381
666.45	1222.55
360.3714286	1222.8
656.3333333	1222.555556
687.3589744	1223.025641
1310.5	1222.5
1314.25	1224.125
678.4117647	1224.882353
669.2439024	1227.658537
681.8	1225.95
934.5084746	1226.440678
1024.269231	1228.538462
1274.821429	1230.785714
299.2307692	1232.692308
509.6744186	1234.186047
665.8888889	1233.592593
1217.710526	1233
304.4347826	1234.826087
1157.555556	1241.333333
1411.2	1241.56
505.0425532	1243.06383
1151.44	1241.48
1274.941176	1244.176471
503.5609756	1248.390244
938.15625	1248.53125
1013.111111	1249.111111
294.9333333	1252.066667
1368.96	1251.88
1009.766667	1252.333333
327.9166667	1255.5
954.5882353	1255.235294
1214.285714	1255.380952
399.7647059	1255.235294
399.3461538	1260.230769
963.5	1263.222222
1434.333333	1263.814815
1016.583333	1264.416667
1214.051282	1265.025641
404	1264.588235
1009.5	1265.5
1268.259259	1265.666667
392.3846154	1268.384615
1144.253731	1267.895522
1330.588235	1270.970588
913.2826087	1272
1218.285714	1270.892857
1015.571429	1272.904762
911.5	1276.714286
788.8636364	1278.318182
842.7692308	1280.435897
299.6153846	1279.615385
336	1280.363636
783.5526316	1279.157895
769.9166667	1281.75
779.7866667	1285.733333
789	1284.705882
341.4848485	1285.121212
793.0833333	1284.416667
785.1914894	1288.829787
994.1515152	1298.636364
875	1298.263158
749.3095238	1298.190476
306	1299
670.9428571	1298.485714
563.9583333	1300.291667
533.4444444	1301.222222
558.225	1303.5
998.3076923	1303.269231
827.9078947	1304.013158
702.875	1307.125
1002.410256	1309.730769
719.2093023	1310.139535
1143.384615	1310.538462
830.7692308	1311.923077
899.75	1312.666667
929.4857143	1312.085714
820.1052632	1314.421053
550.0348837	1314.197674
667.6086957	1314.782609
996.0333333	1313.8
874.5853659	1315.560976
628.1666667	1316.583333
677.0810811	1317.324324
836.5277778	1318.472222
664	1317.645161
877.1428571	1319.666667
669.0263158	1319.947368
690.5	1321.285714
845.4666667	1321.133333
999.9866667	1320.266667
1130.6875	1321.59375
549.7884615	1323
905.475	1321.85
799.4576271	1324.542373
1141.888889	1324.166667
642.8181818	1328.060606
644.2988506	1324.885057
1160.6	1325.4
471.8285714	1326.185714
1049.738095	1326.071429
909.75	1326.916667
1388.216216	1328.918919
538.3181818	1329.318182
469	1331.212121
1003.962264	1328.962264
1085.133333	1330.733333
485.125	1333.125
1008.516129	1332.516129
1020.923077	1331.282051
1012.941176	1334.588235
658.1904762	1335.214286
493.1176471	1336.72549
754.5	1337.5
1005	1337.352941
1018.921053	1337.710526
483.2777778	1339.111111
569.9411765	1339.588235
999.9	1339.3
306.5	1339.5
791.1	1340.8
1019.941176	1342.264706
1004.722222	1343.555556
1307.684211	1345.315789
516.25	1346.25
557.6	1347.25
1017.221374	1349.274809
554.6190476	1351.571429
720.1234568	1352.320988
925.8333333	1351.375
549.9375	1353.5625
712.5925926	1355.666667
1135.894737	1355.578947
317.483871	1359.612903
331.3125	1358.875
338.862069	1360.62069
647.0869565	1361.782609
463.5	1365
939.5	1368.5
1403.633333	1367.666667
942.2666667	1372.2
1251.518519	1372.851852
1104.882353	1373.529412
495.9117647	1376.176471
883.8333333	1375.083333
666.3846154	1377.615385
639.2857143	1380.5
858.2692308	1380.769231
849.2	1381
509.3636364	1381.636364
560.0740741	1381.444444
320.1	1383.8
979.8888889	1383.722222
1359.684211	1383
1388.923077	1383.205128
1258.571429	1384.428571
1263.857143	1386.071429
971.6470588	1387
1161.5	1389.821429
1362.535714	1388.642857
322.3548387	1390.483871
974.7826087	1390.391304
571.877551	1393
1370.882353	1393.411765
577.3333333	1395.592593
455.32	1395.56
606.2903226	1396.129032
906	1396.5
494.2727273	1398.727273
1372.56	1399.32
956.2	1400
1296.958333	1399.916667
718.2916667	1401
489.8181818	1401.909091
925.3333333	1402.25
352.75	1402.75
664.64	1403.12
660.1818182	1406.090909
665.483871	1407.677419
1160.365854	1410.609756
656.5945946	1411
1246.857143	1411.178571
939.6666667	1412.75
955.4615385	1413.307692
1275.8125	1411.8125
754.6666667	1414.111111
1269.714286	1414.821429
551.6842105	1416.736842
512	1417.2
942.9	1416.7
1015.421053	1417.894737
1154.548387	1421.16129
1089.622222	1421.688889
1167.2	1422.78
1184.981481	1423.037037
1306.7	1422.7
989.4090909	1422.772727
1175.826087	1424.130435
1203.777778	1423.730159
1346.466667	1424.633333
333.5	1426
1084.666667	1425.733333
1211.896552	1426.241379
762.6363636	1429.136364
989.9615385	1429
1080.32	1430.76
1246.061224	1431.693878
486.0322581	1431.516129
508.7272727	1433.151515
780	1435.5
667.4210526	1435.894737
735.6451613	1436.548387
969.5625	1439.375
497.828125	1439.078125
774.9333333	1441.3
902.1333333	1444.533333
487.6481481	1448.833333
1219.875	1448.125
671.9041096	1449.452055
1282.1	1449.95
1120.7	1450.6
670.875	1455.125
867.2380952	1451.47619
1115.363636	1452.757576
1395.826087	1455.086957
482.6451613	1454.612903
730.7142857	1459.5
549.7866667	1461.6
1186.12766	1460.170213
870	1461
960.2682927	1464.487805
1393.071429	1463.714286
1113.848485	1466.393939
1106.044776	1468.985075
333.4166667	1471.458333
1349.419753	1470.975309
1355.411765	1475.117647
1073	1476.383333
1342.862069	1475.896552
450.5	1476.5
693.9090909	1476.545455
1350.296296	1476.518519
731	1479
1264.673913	1479.586957
1079.973333	1480.306667
442.025641	1481.307692
1339.8	1479.5
593.2727273	1483.5
1005.8125	1483.1875
1056.959184	1483.44898
434.0232558	1484.302326
499.5	1490.363636
429.125	1491.333333
1055.875	1490.875
1394.925926	1489.567901
850.9047619	1496.380952
934.25	1497.166667
1104.028169	1497.098592
1082.222222	1499.5
1035.136364	1499.772727
1393.542169	1501.180723
1400.454545	1499.454545
999	1502.2
992	1502.619048
1094.8125	1503.375
1219.821429	1506.392857
433.3461538	1507.115385
465.4883721	1508.255814
228.9756098	1511.707317
1052.5	1514.5
1389	1512.191489
1143.233333	1517.066667
773.8888889	1518.111111
865.5925926	1518.592593
1381.928571	1517.464286
931.9	1520.2
1378.157895	1521.578947
421.0625	1521.875
520.3913043	1523.043478
1380.92	1524.24
455.3846154	1524.384615
603.5	1525
818	1529.05
863.2173913	1528.782609
521.96	1530.76
720.3684211	1530.473684
977.44	1531.4
1373.058824	1533.235294
739.1111111	1533.277778
996.4230769	1534.653846
991.2173913	1539.086957
849.6	1540
483.3125	1541.671875
450.8	1541.5
987.85	1542.3
567.75	1542.4375
427	1546.351351
1024.75	1546.333333
453.1	1548.05
647.8333333	1548.166667
850.7	1548.8
1083.117647	1548.588235
844.9428571	1552.028571
840.8666667	1557.746667
849.7586207	1555.37931
989.1111111	1556.277778
1029	1561.846154
141.4833333	1563.916667
618.0263158	1564.842105
842.7407407	1564.444444
848.45	1564.3125
839.5555556	1567.5
923.25	1568.25
431.2727273	1569.5
843.1025641	1571.307692
808.3714286	1573.571429
917.2068966	1572.62069
814.25	1574.05
849.4318182	1574.045455
458.2857143	1575.5
824.7916667	1574.583333
921.5853659	1576.682927
845.8	1578.44
426.875	1578.125
432.6363636	1577.681818
615.7142857	1580
803.1578947	1580.710526
418.7142857	1580.857143
1005.35	1581.075
1193.586207	1580.689655
437.7234043	1583.042553
651.4736842	1583.552632
706.3333333	1583.888889
984.05	1585.75
1057.071429	1584.857143
797.7666667	1585.633333
498.5	1586.5
703.375	1588.75
134.0740741	1588.777778
793.8181818	1589
751.7592593	1587.407407
702.9375	1593.15625
800.3529412	1595.470588
586.5	1598.666667
699.8529412	1598.470588
567.3235294	1599.676471
901.6	1601.4
574	1604.733333
696.5416667	1605.583333
1128.045455	1603.909091
1269.545455	1603.636364
312.5	1606.5
1312	1608
591.030303	1608.757576
780.5	1609.777778
587.0555556	1608.361111
582.5625	1610.1875
562.0212766	1612.361702
587.375	1615.375
596.9767442	1610.511628
578.7333333	1614.533333
128.804878	1616.390244
592.7755102	1616.653061
1261.97561	1615.804878
672.5769231	1618.076923
1077.714286	1617.5
1142.133333	1617.9
558.3636364	1619.272727
572.7196262	1619.046729
581.9722222	1619.694444
594	1621.5
244.0434783	1625.521739
577.9032258	1626.451613
127.7625	1628.55
375.5	1628.222222
890.95	1628.1
1092.826087	1631.73913
285.5	1632.5
375.8	1632
638.0833333	1631.166667
614.75	1632.590909
523.5	1636.5
1075.785714	1636
510.2580645	1639.725806
938.2826087	1638.282609
526.96	1641.82
517.5555556	1642.074074
582.1851852	1641.851852
532.3157895	1642.947368
1002.875	1644.125
1072.75	1644.03125
508.6923077	1645.192308
681.0909091	1649.363636
783.75	1650.05
534.4210526	1651.578947
731.05	1651.25
1104.0625	1652.53125
726.3548387	1654.548387
1057.30303	1655.333333
1116.846154	1654.769231
112.7777778	1656.277778
299.2173913	1655.695652
325.2333333	1655.666667
784.452381	1655.47619
305.5	1658.5
1147.3125	1660.875
717.2375	1661.95
325.4444444	1664.222222
674.5625	1664.40625
942.9516129	1665.241935
182.3636364	1664.909091
766.7391304	1666.043478
1188.034483	1667.275862
1068.352941	1668
1145.857143	1668.333333
306.1333333	1668.533333
312.4102564	1667.487179
319.8709677	1669.387097
1192.774194	1669.870968
826.6153846	1670.076923
1178.854167	1670.6875
1184.891892	1670.972973
179.7857143	1671.142857
309.7894737	1672.77193
303.625	1671.8125
948.3666667	1672.166667
1031.384615	1673.076923
1190.444444	1673.666667
315.0263158	1676.815789
1054.83871	1678.967742
324.3333333	1681.266667
328.7058824	1681.411765
642.25	1681.75
1116.769231	1682.384615
1212.62069	1681.551724
1093.3	1684.3
249.7333333	1690
1093.463768	1689.565217
253.6111111	1692.388889
359	1693
723.75	1693.25
1099.956522	1693.913043
948.6071429	1694.678571
490.4	1697.6
699.1428571	1697.5
894.2941176	1696.705882
1210.2	1697.5
1204.104167	1697.395833
678.6304348	1698.826087
899.76	1699.2
854.962963	1700.62963
791.4705882	1700.882353
864	1700.777778
348.1041667	1703.8125
441.6666667	1706.25
847.8064516	1706.16129
427.3846154	1707.384615
679.4545455	1707.727273
341.0823529	1710.894118
406	1711.8
682.4583333	1713.833333
834.5882353	1712.764706
527.2272727	1715.272727
532.5	1715.2
831.8888889	1715.888889
598.5	1716.5
961.1818182	1716.090909
1291.5	1715.5
336.3333333	1716.875
291.6666667	1718.111111
396.875	1719.875
823	1720.5
832	1721.28
838.5434783	1720.956522
761.5	1723.5
1212.5	1723.5
686.1666667	1723.166667
836.3636364	1725
844.2941176	1726.082353
855.9166667	1725.666667
440.1578947	1726.157895
239.75	1729.75
415.804878	1728.634146
448.25	1730.25
471.1333333	1731.933333
826.6625	1730.64375
834.65	1733.15
932.7837838	1732.608108
1056.171429	1733.942857
87.63636364	1734.636364
96.40909091	1735.681818
100.1764706	1738.176471
1181.75	1738.25
1075.888889	1740.555556
762.5	1742.2
1080.107143	1743.178571
430.7380952	1743.5
493.5454545	1744.727273
806.6451613	1743.709677
309.8888889	1746.666667
633.5	1747.5
824.8888889	1747.666667
71	1749.5
352.7058824	1750.5
307.5526316	1751.473684
739.875	1752.875
828	1751.25
831.8518519	1756.296296
307.3809524	1756.571429
345.5714286	1756.857143
826.9411765	1758.470588
1104.727273	1757.363636
225.3636364	1758.090909
864.6910569	1761.195122
1133.8	1764
369.9583333	1765.708333
722.3846154	1765.384615
796.3428571	1764.742857
800.875	1768.416667
774.5405405	1771.891892
1274.566667	1771.8
796.7619048	1772.15873
1209.666667	1772.75
1221.307692	1773.442308
663.6363636	1773.909091
139.8965517	1774.793103
1300.107143	1774.964286
751.0769231	1778.038462
65.18181818	1778.030303
347.8947368	1778.578947
802.2325581	1779.023256
1249.5	1779.5
68.31818182	1782.590909
329	1781.352941
347.8571429	1781.928571
552.6666667	1786
799.5531915	1788.212766
542.037037	1789.333333
1325.384615	1788.569231
725.3636364	1789.590909
1313.866667	1789.866667
547.8055556	1791
429.5909091	1793.068182
1309.818182	1793.909091
560.5	1795.285714
634.6333333	1796.222222
1116.923077	1794.384615
426.7931034	1797.62069
543.65	1797.7
1013.945946	1796.513514
1305.2	1796.72
794.0697674	1798.069767
874.125	1797.875
432.3809524	1799.761905
1034	1799.647059
628.8461538	1800.923077
742.9714286	1802.485714
669	1803
1050.375	1802.75
628.2571429	1805.314286
881.5	1805.5
1016.5	1805
1060.380952	1804.571429
972.0434783	1806.26087
547.0526316	1807.421053
791.8478261	1806.913043
975	1811.142857
123.5	1810.5
129	1810.736842
794.5	1811.5
841.1818182	1813.181818
969.1836735	1812.346939
978.5416667	1813.791667
1211.727273	1813.5
567	1813.8
938.056338	1811.661972
796.0434783	1814.695652
935.3571429	1818.178571
291.0833333	1818.875
799.1290323	1818.483871
1148.055556	1817.777778
337.7777778	1819.611111
803.1	1821.133333
1152.914286	1821.028571
794.4516129	1820.83871
122.9090909	1823.090909
1329.375	1824
117	1824.592593
991.9333333	1825.733333
820	1827
1219.333333	1827.25
535.0833333	1830.666667
995.6964286	1830.767857
801.037037	1833.925926
1098.188679	1833.339623
539.0689655	1833.413793
544.2075472	1833.698113
1044.925926	1833.185185
474.2564103	1834.205128
696.25	1835.423077
992.92	1835.74
1060.836364	1837.745455
1226.869565	1837.043478
1232	1836.5
1053.21875	1838.65625
1221.226415	1838.566038
999.3243243	1838.216216
1216	1840.5
773.6	1842.542857
1047.52381	1842
1212.565217	1842.130435
844.7647059	1843.823529
992.4310345	1843.655172
1101	1844.139535
1148.478261	1844.652174
322.75	1844.75
693.3333333	1844.75
1037.157895	1845.157895
560.8823529	1846.411765
998.1076923	1847.446154
840.195122	1846.073171
846.625	1847
1183.625	1846.3125
1152.688889	1847.733333
101.28	1850.16
993.125	1849.875
1167.470588	1850.352941
744.56	1852.12
947.76	1852.4
1182.789474	1851.526316
1187.892857	1854.107143
59.125	1856.541667
1168.621622	1856.108108
1176.382353	1856.470588
213.1875	1864.375
410.7333333	1862.433333
415.2857143	1864.714286
527.3333333	1865.714286
985.0909091	1864.818182
803.76	1865.96
406.5154639	1867.793814
988.5384615	1867.051282
414.2307692	1868.230769
605.9166667	1867.833333
624.7096774	1870.935484
219.12	1870.88
356.0689655	1872.724138
1080.916667	1872.166667
262.1111111	1872.666667
441.1111111	1873.740741
1090.407407	1874.074074
1138.588235	1875.117647
1176.111111	1874.666667
635.375	1875.375
223.5090909	1878.454545
263.3225806	1877.83871
724.372093	1878.604651
979.6129032	1879.354839
1133.575758	1878.757576
1033.612903	1880.032258
1155.842105	1879.947368
1193.857143	1882.380952
278.8888889	1884.333333
851.1304348	1884.26087
1156.766667	1886.2
1163.172414	1885.827586
1196.785714	1885.428571
1335.617647	1885.794118
880.4285714	1886
504.9459459	1889.540541
512.7613636	1889.227273
1239.565217	1889.391304
877.1395349	1889.488372
883.5818182	1890.836364
498.5882353	1891.431373
924.4	1892.96
504.7837838	1895.243243
1164.612245	1893.489796
1358.5	1894.153846
667.0625	1895.875
493.9428571	1895.971429
499.8571429	1898.964286
1362.934783	1898.804348
711	1901.833333
492.8275862	1900.965517
581.6363636	1902.090909
46.69565217	1903.217391
876.1176471	1904.411765
706.64	1908.28
1319.806452	1909.064516
42.13043478	1911.043478
752.8	1910.5
788.6666667	1913.083333
852.025641	1912.153846
1079	1913.333333
1363.863636	1914.681818
1084.666667	1914.791667
1234	1916.24
250.6153846	1920.923077
462.6296296	1921
601.5428571	1923.4
972	1922.5
1169.842105	1922.842105
55.25925926	1924.481481
740.6538462	1924.269231
61.64705882	1925.294118
1341.816667	1927.283333
729.6923077	1927.615385
1155.842105	1928.473684
976.5	1931.5
213.90625	1931.90625
1156.777778	1932.5
343.7307692	1931.961538
1271.761905	1933.333333
221.7906977	1933.790698
1203.451613	1934.064516
1258.904762	1934.333333
332.9428571	1934
514.5	1935.5
584.7105263	1937.289474
327.2888889	1937.755556
378.05	1938.1
335.0652174	1938.521739
628	1942.5
1124.111111	1941.722222
324.4642857	1942.642857
364.2666667	1942.933333
818.952381	1944.190476
815.1538462	1945.615385
1018.135135	1945.594595
326.5357143	1946.25
614.0555556	1948.222222
911.72	1946.64
1027	1949.551724
398.6923077	1949.961538
1162.309524	1950.166667
393.9722222	1951.472222
859.3478261	1950.347826
1032.555556	1951.222222
667.7222222	1953.166667
612.2307692	1955.615385
29.9	1955.95
398	1955.529412
878.8571429	1957.142857
832.5	1960.222222
836.4285714	1960.619048
100.8148148	1959.962963
376.7777778	1962.5
95	1963
709.5	1963.5
585.8823529	1964.411765
1326.827586	1964.103448
1112.785714	1965.357143
88.21212121	1965.575758
1227.1	1966.05
80.75862069	1968.655172
377.5833333	1967.972222
1151.878788	1967.787879
53.8	1968.4
550.3663366	1965.920792
589.5	1969.272727
61.60869565	1971.565217
545.0434783	1972.369565
55.09677419	1973.225806
1141.178571	1974
868	1974
1094.24	1975.76
50.84210526	1977.157895
215.4333333	1976.4
375.0645161	1974.806452
627.8571429	1975.55102
252.5	1977.5
1299.347826	1978.608696
372.8421053	1979.578947
597.3414634	1978.195122
369.25	1982.55
630	1983.5
1303.826087	1983.869565
337.4814815	1986
589.8	1986.72
121.2	1990.35
425.325	1992.2
113.4102564	1993.564103
1144.380952	1994.166667
527.03125	1994.3125
592.9444444	1993.462963
772.2631579	1993.157895
1060.571429	1995.085714
1150.64	1995.86
1191.666667	1994.648148
1066.888889	1995.666667
1185.157895	1994.947368
1197.358974	1996.384615
106.6666667	1997
163.1851852	1996.962963
766.1578947	1996.052632
770.2068966	1999.206897
775.2363636	2000.254545
1069.64	1999.84
176.5	2002
183	2001.285714
189.1960784	2001.784314
1012.913043	2002.565217
1063.081081	2001.459459
197.6363636	2002.386364
1032	2003
1072.285714	2003.619048
1067.90625	2005.4375
158.4956522	2006.182609
394.9295775	2008.971831
1266.214286	2007.642857
404.1428571	2009
1287.869565	2008.826087
385.5384615	2011.948718
17	2013.2
1076.235294	2013.117647
1194	2012.5
1266.595238	2014.666667
408.7777778	2013.822222
1248.913043	2017
1254.095238	2017.238095
1258.4	2018.12
407	2018.771429
1263	2019
484.6086957	2019.782609
1133.388889	2020.722222
1027.25	2025.25
449.9759036	2031.096386
919.6428571	2028.392857
1234.2	2029.75
604.3888889	2031.138889
834.5	2033.5
142.1153846	2035.5
859.3333333	2039.75
1073.780488	2040.829268
1198.393939	2041.545455
424.85	2043.45
554.375	2042.4375
1001.705882	2043.764706
317.0263158	2045.763158
558.8571429	2045.892857
1003.818182	2047.818182
1253.769231	2047.974359
429.2857143	2051.5
554.0576923	2051.788462
1087.166667	2052.125
1364.071429	2053.142857
335.137931	2053.482759
560.8780488	2052.707317
551.326087	2057.76087
566.9069767	2055.790698
554.4666667	2060.666667
562.5238095	2060.380952
1127.111111	2059.694444
658.7708333	2060.6875
276.2745098	2061.960784
405.9090909	2062.363636
1026.6	2064.4
428.4842105	2064.031579
653.4657534	2068.232877
559.2439024	2065.878049
664.9189189	2065.648649
669.4482759	2066.551724
280.8461538	2071
656.7391304	2072.086957
961.7272727	2070.409091
315.9318182	2071.5
357.8478261	2072.195652
674.6086957	2071.695652
689.8602151	2073.913978
854.5869565	2072.304348
1042.9	2071.95
365.56	2074.56
964.8709677	2073.645161
175.95	2074.1
180.7272727	2074.272727
680.92	2074.84
647.8	2076.3
655.0833333	2076
846.125	2075.875
1069.166667	2076.5
270.5555556	2077.222222
500.4444444	2078.333333
962.03125	2078.1875
641.5769231	2078.730769
316.6785714	2079.714286
93.5	2083.5
264.25	2082.916667
361.5	2082.5
395	2083.157895
386.6666667	2084.888889
1131.5	2085.285714
88.875	2085.6875
136.8333333	2086.055556
732.75	2085.75
822.7777778	2085.555556
1276.857143	2087.428571
1282.692308	2087
736.6764706	2091.588235
645.25	2091.5
387.6136364	2091.295455
941.1818182	2092.818182
509.5263158	2096.789474
727.4098361	2096
368.1818182	2099.090909
910.2	2099.5
219.1111111	2101
274.4545455	2100.971591
511.8947368	2102.789474
723.852459	2101.278689
893	2100.619048
1180.636364	2100.909091
1000.384615	2102.384615
1004.545455	2102.636364
678.1	2103.3
643.0672269	2107.596639
978.5	2104.25
1187.702703	2104.216216
221.8108108	2104.054054
717.2727273	2105
764.2727273	2105.272727
1032.384615	2106.384615
511.5909091	2108.5
918.8235294	2107.058824
622.05	2110.65
637.8148148	2109.444444
725.5813953	2109.093023
1314.111111	2109.444444
309.4	2111.3
715.7058824	2112.45098
255.7142857	2114.857143
635.4042553	2114.276596
649.9333333	2113.422222
151.7142857	2114.306122
338.7058824	2115.647059
805.2	2115.5
384.7027027	2115.810811
728.6122449	2115.918367
222.7333333	2118.933333
628.0588235	2117.352941
640.92	2118.14
269	2119.304348
535	2118.833333
648.9666667	2119.533333
256.0625	2119.9375
654.5	2120.8
720.2692308	2119.346154
725.5	2120.785714
263.75	2121.125
317.6666667	2120.888889
329.6326531	2122.469388
389.2857143	2121.160714
1014.3	2120.7
629.7384615	2122.584615
868.2857143	2121.657143
19.875	2122.875
722.6176471	2124.382353
856.5416667	2123.333333
6	2125
271	2125.5
330.5789474	2127.315789
549.2	2126.066667
872.0384615	2126.961538
366.5	2128.5
623.0833333	2129.166667
762	2129
14.88372093	2129.883721
359.875	2130.125
479.8225806	2130.370968
858.3636364	2129.763636
1047.615385	2131.384615
873.7222222	2132.472222
864.7777778	2132.740741
220.3265306	2136.142857
274.0930233	2137.5
857	2136.090909
242.5	2136.777778
615.407767	2136.514563
995.6666667	2138.916667
1219.777778	2139.5
974.875	2140
1262.023256	2139.511628
1351.307692	2140.923077
1021.710526	2144.657895
266.0526316	2145.368421
1309.34375	2144.84375
95.31578947	2146.350877
261.4285714	2146.928571
220.1935484	2147.903226
912.875	2150.666667
990.1538462	2152
1019.03125	2151.65625
916.9090909	2154.969697
241.9767442	2157.139535
348.5869565	2158.152174
1014.52381	2159.285714
670.5	2161.111111
83.875	2163.875
675.5333333	2164.333333
929.1052632	2164.210526
1216.411765	2167.323529
11.5	2168.875
71.86363636	2169.227273
869.52	2167.44
1090.894737	2168.578947
669.3928571	2170.642857
875.3225806	2170.580645
675.4482759	2171.689655
988.047619	2171.47619
871.925	2173.525
15.66666667	2173.666667
591.4444444	2174.888889
678.8235294	2174.823529
388.5714286	2176.771429
345.025	2180.925
685.6666667	2183.111111
529.3913043	2184.782609
928.9090909	2185.727273
1018.5	2185.5
1081.625	2183.791667
366	2187
908	2186.5
274.4	2186.984615
1199.545455	2188.363636
998.7142857	2189.5
930.047619	2190.809524
1115.482759	2190.586207
703.2666667	2194.333333
385.8461538	2195.461538
933.9428571	2196.257143
960.6666667	2196.857143
411	2198.692308
239.4736842	2198.421053
418.4705882	2198.313725
705.4545455	2198.454545
791.8039216	2200.254902
795.25	2204.791667
241.6285714	2204.657143
980.7333333	2203.933333
306.6363636	2204.909091
421.826087	2206.043478
876.2	2207
1058.758621	2207.034483
796.8571429	2209.873016
27.625	2210.75
787.1811024	2209.944882
845.9411765	2211.882353
922.2777778	2215.277778
798.4150943	2214.660377
27.71428571	2216.061224
602.7368421	2217.842105
843.9464286	2220.196429
1046.0625	2218.416667
786.2280702	2219.298246
799.8510638	2220.340426
596.4102564	2221.666667
788.6086957	2224.195652
1282.75	2224.291667
946.9090909	2223.909091
792.3333333	2224.666667
796.5942029	2226.811594
1042.217391	2224.869565
594.8378378	2228.27027
599.90625	2225.375
782.1034483	2227.344828
324.5	2227.8
834.8888889	2227.833333
948.5333333	2228.133333
790.8448276	2230.724138
840.4285714	2228.571429
590.8	2231.675
1031.5625	2230.8125
782.3636364	2232.090909
895.5588235	2231.764706
317.1190476	2234.380952
485.8125	2234.5
763	2235.5
842	2236
822.5	2236.5
979	2242
1143.258065	2241.645161
208	2244.2
798.9090909	2245.045455
92.76	2247.04
1128.066667	2249.977778
1243.608696	2249.782609
929.5	2253.5
1068	2256.5
969.6363636	2256.909091
988.5641026	2256.384615
254.4210526	2259.157895
259.125	2259.291667
24.03571429	2260.892857
535	2260.5
120.0882353	2265.735294
287.137931	2267.448276
295.5185185	2270.407407
235.4074074	2271.37037
381.2222222	2270.814815
616.3548387	2270.741935
376.7407407	2272.888889
610.125	2274.225
1003.666667	2272.777778
1262.902439	2274.414634
1321.85	2273.85
49.5	2275
950.6666667	2275
864.9090909	2275.636364
1178.035714	2276.928571
895.1034483	2278.517241
1012.411765	2277.117647
1110.625	2277.5
1258.285714	2278.5
724.6952381	2279.257143
1253.387097	2280.129032
1244	2281.5
740.7027027	2282.567568
747.9302326	2286.976744
771.7666667	2285.366667
660.5714286	2291.857143
1217.666667	2293.083333
441.4642857	2293
809.8181818	2294.727273
925.8709677	2294.774194
257.1515152	2295.69697
164.7272727	2296.727273
1170.47619	2296
47.62068966	2297.413793
806.2727273	2297.5
652.98	2299.58
814.5789474	2299.280702
808.5	2301.9
42.42105263	2301.684211
158.1538462	2301.230769
1125.428571	2301.75
519.0285714	2305.142857
817.6956522	2304.304348
39.2173913	2304.956522
828.8571429	2306
278.7142857	2307.5
658	2307.173913
823.0263158	2307.710526
35.37931034	2308.724138
829.4411765	2310.029412
731.0434783	2310.130435
834.8095238	2311.285714
903.8823529	2312.411765
981.8	2312
768.3116883	2310.961039
1036.694444	2313.166667
1273.4	2314.25
730.4931507	2315.726027
738.4081633	2316.040816
948.5333333	2317.133333
203.5	2318.2
734.875	2320
723.5531915	2320.106383
730.32	2323.64
726.2307692	2326.384615
448.3846154	2327.384615
721.75	2327.875
735.6603774	2328.924528
1215.846154	2330.846154
1127.521739	2331.347826
151	2333.615385
718.3728814	2334.084746
725.3243243	2333.567568
733.7540984	2333.819672
740.6071429	2335.464286
911.8181818	2335.909091
1098.112903	2336.209677
1238	2336
728.6734694	2337.918367
1105.346154	2338.153846
501.4925373	2339.208955
722.2142857	2339.071429
1009.090909	2339.090909
726.1538462	2343.384615
321.3478261	2343.304348
718.3333333	2342.261905
1010.428571	2343.571429
1155.266667	2342.966667
1130.638889	2344.111111
314.7407407	2345.185185
309.9090909	2346.772727
801.6666667	2347.25
677.6363636	2348.090909
720.3544304	2348.721519
806.0689655	2348.793103
1038.545455	2347.727273
1084.642857	2347.785714
305.65	2348.85
789.6590909	2349
1141.206897	2350.724138
265	2351.5
351.4615385	2352.307692
437.1666667	2353.125
1086.92	2353.04
792.6	2354.4
269.9411765	2357.279412
421.4615385	2356.846154
75.5	2358
953	2358.894737
667.3658537	2360.682927
590.8333333	2361.104167
1216.214286	2360.642857
70.87096774	2362.516129
483.2777778	2362.5
601.9411765	2364.352941
664.2307692	2364.384615
593.78	2365.3
668.4285714	2365.071429
484.7083333	2366.458333
267.1	2369.35
488.3333333	2368.238095
598.4333333	2368.666667
657.5806452	2368.322581
1234.5	2368.666667
1327	2369
64.575	2371.25
661.0740741	2370.555556
655.2894737	2373.815789
1332.225806	2372.548387
371.3928571	2373.821429
650.5	2373.538462
561.875	2374.375
768.9655172	2376.103448
1106.8	2374.68
830.2666667	2375.933333
836.45	2376.35
523.5	2378
380.1538462	2379
564.1111111	2378.62963
339.7586207	2380.172414
374.4761905	2381.666667
1192.125	2382.125
765.1724138	2382.344828
811.1	2383.133333
569.4444444	2384.37037
761.6071429	2385.214286
755.6842105	2385.842105
747.6333333	2387.733333
1320.551724	2390.413793
750.85	2391.2
760.875	2391.0625
1186.818182	2391.181818
744.875	2392.125
570.5571429	2391.885714
1325.761905	2392.904762
528	2394.8
891.75	2395.05
148.6	2398.6
574.9038462	2398.423077
1141	2398.5
1331.960784	2398.901961
538.0638298	2401.148936
252.6315789	2403.210526
1325.571429	2402.918367
246.5576923	2404.576923
1141.783784	2404.432432
1332.673913	2406.521739
717.375	2405.041667
1315.6	2409.05
1324.617021	2410.170213
587.2307692	2411.653846
464.6190476	2413.761905
780.6129032	2412.677419
1018.139535	2411.906977
940.7142857	2413.5
588.3333333	2415.424242
710.5	2414.3
1264.527778	2414.166667
1330.622951	2413.721311
1329.095238	2418.571429
1324.442623	2420.557377
434.88	2420.56
1300.590909	2419.977273
1332.723404	2422.340426
1256	2423
436.1944444	2425.166667
856.375	2425.75
446.9	2427.95
493.2142857	2427.857143
1321.073171	2428.121951
859.1428571	2429.666667
1001.615385	2430.384615
892.0588235	2432.294118
1302.666667	2430.833333
760.1764706	2433.617647
1188.2	2436.12
1304.842105	2435.447368
747.8888889	2436.222222
1285.5	2439.8
199.34375	2439.625
786.8235294	2440.764706
1001.935484	2440.064516
55.61538462	2441.230769
761.4	2443.25
269.2352941	2443.941176
873.8947368	2446.578947
1186.514286	2449
1295.779661	2448.525424
960	2451.5
771.7777778	2451.555556
1191.818182	2453.454545
1321.348684	2452.098684
436	2455.1875
1244.8	2455.76
164.372549	2458.137255
1167.857143	2458.714286
705.8695652	2459.586957
1311.25	2459.277778
1316.442623	2462.295082
141.2173913	2463.130435
880.95	2464.1
753.7333333	2466
554.28	2467.12
713.59375	2465.9375
1290.137255	2471.098039
1192.428571	2471.380952
1283.714286	2474.5
413.6153846	2476.846154
777.3823529	2478.897059
1178.903226	2477.806452
857.5	2479.78125
1308.574074	2479.166667
1128.411765	2485.117647
97.24390244	2485.853659
1281.8125	2489.84375
1294.857143	2488.928571
257.125	2489.875
685	2491.058824
691.2142857	2492.357143
108.1538462	2495.5
257	2497.96875
767.1935484	2499.580645
1288.035088	2495.877193
101.3	2499.7
122.3529412	2500.058824
201.5357143	2500.553571
1282.285714	2500.642857
111.7735849	2501.207547
828.5	2502.222222
416.3333333	2503.208333
888.9333333	2502.333333
1276.269231	2503.576923
104.7272727	2504.454545
116.125	2505.458333
632.8888889	2507.333333
1012.047619	2506.809524
1266.2	2507.45
1151.891892	2511.27027
1241.826087	2512
854.125	2513.875
110	2516
319	2515.827586
137.2	2520
129.6764706	2522.470588
1255.944444	2522.111111
1260.722222	2522.555556
1266.190476	2524.190476
1184	2526.173913
790.137931	2527.896552
1261.130435	2528.086957
949	2529.5
132.0588235	2530.676471
185.625	2534.4375
1199	2534.153846
138.6923077	2535
1225.36	2535.44
1208.9375	2536.3125
1236.086957	2537.608696
1218.193548	2537.548387
147.7777778	2542.888889
1253.396226	2543.037736
1037.571429	2543.619048
955.5	2546
928.1176471	2546.411765
1252.384615	2548.384615
181.9	2551.1
885.3888889	2552.333333
198.1428571	2552.642857
312.5789474	2554.815789
809.4642857	2553.285714
849.5147059	2555.852941
468.3076923	2557
1076.333333	2561.111111
854.6181818	2563.709091
1106.315789	2563.315789
1247.758621	2562.862069
1083.125	2565.15625
391.1724138	2567.137931
1096.5	2567.166667
1111.851852	2568.111111
668.0392157	2569.078431
856.9677419	2569.903226
461.4285714	2572.178571
674.9761905	2570.571429
671	2574.4
674.8787879	2577.30303
858.6666667	2575.466667
154.7666667	2578
333.2972973	2588.081081
952.0909091	2588.363636
890.875	2591
265	2594.775
442.7586207	2594.137931
165.1538462	2595.653846
445.877551	2597.877551
239.1666667	2602.611111
475.3255814	2602.209302
629.0961538	2601.634615
661	2603.375
971.6875	2602.5
238.0833333	2607.125
1219.542857	2606.914286
631.1621622	2607.621622
463.0588235	2612.352941
648.9090909	2613.090909
273.7936508	2614.84127
478.4181818	2616.945455
267.35	2618.7
474	2619.9
1147.722222	2618.388889
654.2380952	2626.547619
889.8235294	2626.529412
164.2592593	2628.185185
306.2	2628
479.68	2627.84
205.5	2630.5
1215	2629.789474
154.8333333	2630.458333
458.5	2631
737.7083333	2630.666667
287.6	2632.6
629.8888889	2633.222222
898.8666667	2633.2
732.5909091	2636.272727
742.2469136	2636.074074
656.8965517	2638.586207
190.75	2637.5
626.8181818	2637.545455
1089.333333	2639.111111
150.4705882	2639.941176
921.6	2640.4
195.9285714	2641.642857
691	2643
165.4358974	2643.384615
837	2646
167.5714286	2648
1138.857143	2648.071429
193	2649.37037
196.9285714	2655.142857
353.8888889	2656.555556
237.8571429	2660.857143
1217.5	2665.5
237	2667.5
411.55	2670.4
395.1	2672.7
403.4081633	2672.55102
410.5909091	2674.045455
416.6666667	2673.583333
230.5	2684.307692
240.3953488	2683.72093
229.4117647	2688
224.8	2689.927273
240.5	2690.1
245.6190476	2691.285714
1081.0625	2693.6875
237.5833333	2695.791667
248.2142857	2696.357143
231.8405797	2696.927536
650.6071429	2697.178571
1096.233333	2697.733333
638.125	2698.875
1211.512821	2699.333333
289.4666667	2700.1
603.8421053	2699.526316
1101.166667	2700.083333
240.375	2700.5625
1075.555556	2701.343434
1112.893617	2701.404255
1205.448276	2700.931034
1105.5	2702.5
285.625	2704.666667
573.1851852	2704.111111
579.7142857	2704.214286
610	2704
647	2704.5
618.9583333	2705.25
629.44	2705.64
1124.944444	2704.87037
248.3461538	2706.884615
556.3636364	2705.545455
599.8125	2706.171875
1050.461538	2705.820513
1214.7	2706.05
1219.689655	2706.275862
562.8378378	2706.945946
1043.307692	2708.512821
1139.074074	2706.925926
239.6111111	2708.138889
1171	2707.875
448.9487179	2709.589744
621.5185185	2709
570.5882353	2709.882353
585.516129	2709.016129
606.6521739	2709.217391
611.34375	2709.8125
631.6153846	2711.435897
1003.9	2712.55
596.6	2713.05
558.1486486	2714.337838
636.95	2713.15
607.6969697	2715.181818
613.4137931	2715.275862
602.1428571	2718.071429
344.3666667	2720.8
565.2727273	2719.939394
574.2307692	2720.846154
1137.904762	2722.785714
1144.647059	2724.352941
1041.65	2725.4
561.3636364	2726.454545
698.2142857	2728.142857
734.1025641	2727.102564
575.2444444	2729.177778
461.875	2729.875
567.6218487	2728.462185
1085.765957	2729.957447
694.6666667	2730.5
1067.083333	2730.583333
1074.814815	2730.851852
1106.5	2732.2
1091.833333	2733.125
456.6060606	2733.424242
556.6904762	2731.047619
1003.4	2733.48
440.1333333	2735.533333
447.3684211	2736.105263
499.1666667	2735.933333
639.3333333	2737.333333
271.859375	2739.171875
359.0909091	2741.818182
588.5714286	2741.428571
766.6666667	2742.111111
435.5869565	2742.021739
656.5	2744
276.5769231	2745.346154
698.7222222	2744.333333
1038.5625	2745.25
751.7272727	2747.5
649.9090909	2747.636364
1048.454545	2747.5
550.4	2749.066667
316.6333333	2750
567	2750
1038.926829	2752.365854
1268.217391	2750.695652
865.3461538	2752.230769
1234.888889	2751.666667
955.4347826	2752.26087
273.3846154	2753.615385
658.3170732	2752.926829
772.1111111	2753.166667
590.2777778	2755.240741
578.3636364	2756.318182
650.35	2756.45
774	2756
1228.238095	2755.666667
1265.2	2756
1156	2757.1
1236.5	2757.482143
595.3243243	2757.189189
1243.25	2758.666667
754.24	2759.64
509.4347826	2760.724638
1268.631579	2761.052632
296.5	2762
592.3947368	2763.921053
276.32	2762.84
805	2764.272727
499.2	2764.94
1159.108696	2764.630435
299.7407407	2766.407407
1147.037037	2763.740741
809.7894737	2767.210526
340.4705882	2767.764706
758.4333333	2771.066667
804.72	2770.62
942.2631579	2776.631579
1189.232558	2777.511628
776.2264151	2778.415094
631.05	2781.25
732.125	2783.791667
1161.111111	2784.222222
777.3846154	2785.384615
282.3707865	2785.94382
671.2857143	2787.5
355.5	2788.125
709.8928571	2788.035714
273.3666667	2790.933333
1227.263158	2790.263158
705.6538462	2791.846154
1223.8	2793.35
1019.2	2793.733333
1022.909091	2793.954545
371.0416667	2799.375
555.2	2802.5
737.6363636	2803.590909
773.25	2805.05
971.3636364	2804.909091
668	2805.566667
940.2	2805.571429
271.4411765	2809.235294
1269.888889	2810.666667
331.0714286	2811.857143
633.4117647	2811.882353
267.8157895	2814.763158
718.875	2813.875
735.6808511	2814.319149
759.1578947	2816.315789
1052.5	2817
1171.666667	2816.688889
262.8333333	2818.583333
662.9824561	2815.324561
1268.133333	2818.133333
733.3	2820.2
658.9487179	2824.179487
1260.941176	2826.323529
824.3125	2831.625
1109.189189	2831.135135
1258.5	2831.777778
1104.266667	2833.466667
1253.393939	2834.030303
1099.703704	2834.962963
1265.578947	2835.921053
740.3684211	2837.210526
1259.972222	2838.083333
1251.310345	2842.37931
1259.954545	2844.484848
1083.97619	2843.952381
257	2845.5
380.6666667	2845.888889
758.6521739	2846.826087
1077.95	2846.85
762.4642857	2848.857143
1071.619048	2849.333333
653.5714286	2851.107143
1066.382353	2852.558824
313.68	2852.92
651.75	2855.5625
782.7105263	2854.921053
912.9545455	2855.954545
263.4736842	2855.921053
728.0740741	2857.407407
1059.222222	2857.351852
1189.888889	2860.777778
263.2592593	2861.925926
1197.288889	2862.2
505.4230769	2863.346154
948.3333333	2862.888889
267.4	2863.933333
300.0714286	2863.857143
474.6455696	2863.43038
495.6666667	2865.75
898.3888889	2866.055556
264.875	2867.4
272.8421053	2867.842105
399	2868
775.5625	2868.625
1241.4	2868.4
284	2869
496.3529412	2869.470588
1251.75	2871.083333
1244.125	2874.333333
959.8571429	2877.428571
1024.833333	2876.916667
567.2444444	2883.688889
645.0769231	2884.076923
1266.083333	2884.166667
522	2889.5
304.2647059	2890.823529
563.6122449	2891.653061
1010.125	2891.5
1258.324324	2894.216216
1175.235294	2894.705882
854.2727273	2895.5
889.1081081	2897.351351
948.9166667	2896.583333
671.3888889	2898.111111
669	2900.75
666.6875	2903.3125
850.4545455	2903.575758
268.6744186	2904.186047
360.2985075	2905.686567
780.5483871	2907
1224.407407	2909.925926
774.4230769	2910.230769
768.7941176	2912.205882
958.9	2912.95
1125.277778	2915.111111
989.1538462	2915.564103
272.75	2920.027778
328.71875	2922.125
876.0869565	2923.217391
454.0784314	2924.666667
793.9545455	2925.931818
383.65	2933.875
503.6	2934.7
969.9090909	2934.909091
890.9285714	2937.142857
743.9333333	2940.166667
344.2592593	2942.407407
889.3181818	2942.272727
255.3333333	2945.666667
1198.378378	2944.945946
815.65	2947.4
1257.888889	2947.111111
815.5833333	2952.083333
634.2	2955.5
811.8181818	2954.848485
252.28125	2955.625
1000.944444	2955.611111
428.7777778	2958.5
1231.666667	2958.466667
422.9666667	2959.433333
883.15625	2960.125
809.6785714	2961.464286
999.7	2960.5
1018.333333	2960.888889
632.8095238	2961.285714
300.84	2963.16
971.9047619	2963.095238
1237.341463	2963.195122
597.0196078	2965.529412
850.0142857	2961.857143
630.5	2964
820.047619	2965.095238
895.6285714	2965.228571
278.56	2965.8
289.8709677	2966.225806
296.1923077	2967
267.9285714	2967.619048
628.1666667	2967.9
624.2121212	2969.424242
1231.608696	2969.130435
819.6	2969.6
311.0344828	2971.482759
268.2727273	2972.818182
597.1111111	2974.666667
902.5	2976
1235.904762	2974.714286
314.3684211	2976.421053
1119.769231	2977.769231
412.9411765	2979.294118
416.7368421	2978.631579
899.5882353	2979.882353
424.5	2980.5
993.3103448	2982.103448
792.9090909	2987.090909
321.8461538	2989.230769
899.3703704	2989.407407
577.2857143	2991.5
1231.697674	2992.965116
331.6585366	2994.219512
1164.484848	2994.727273
906.1929825	2996.017544
567	2998.6
1226.529412	2999.647059
569.5319149	3003.808511
565.9622642	3008.377358
1214.37931	3008.37931
572.4651163	3011.581395
1219.864865	3011.621622
673.5	3016.2
245.9615385	3020.576923
922	3024.130435
247.2692308	3027.730769
919.7777778	3027.666667
1189.875	3028.125
1159.6	3030.16
1186.111111	3028.962963
923.9393939	3030.424242
1184.714286	3035.2
403.28	3039.54
1011.341463	3038.926829
1203.35	3040.15
540.5	3043.5
964.4736842	3046.842105
1199.326087	3046.891304
953.8636364	3047.318182
464.1578947	3051.842105
949.4166667	3051.9
1143.37931	3055.034483
719.0416667	3053.875
959.9117647	3054.294118
973.4603175	3056.31746
297.1111111	3057.555556
981.8387097	3059.225806
1087.666667	3061.466667
294.3333333	3060.666667
719.1025641	3060.871795
299.3913043	3063.217391
722.2542373	3067.559322
947	3068.875
372.3125	3071.0625
905.2058824	3072.264706
503.8333333	3074.416667
1195.217391	3075.673913
717.5875	3075.75
948.4444444	3077.666667
983.2142857	3077.357143
439.8888889	3079.277778
720.6333333	3081
898.8823529	3082.411765
278.6666667	3083.833333
721.9459459	3085.594595
714.35	3085.55
978.8529412	3085.676471
897.3125	3088.0625
713.6060606	3090.484848
251.9333333	3091.633333
898.8571429	3093
978.3714286	3092.914286
279.0357143	3093.892857
1071.310345	3095.310345
980.1153846	3097.769231
1155.541667	3098.166667
1137.92	3099.2
1158.275862	3102.137931
345.6	3103.4
895.7666667	3109.033333
407.6363636	3111.6
900.7567568	3113.243243
858.66	3114.84
907.0857143	3115.057143
1181.407407	3115.333333
396.8421053	3116.842105
522.2340426	3120.212766
624.1666667	3118.333333
1179.380952	3120.142857
620.7096774	3122.193548
515.7619048	3123.285714
436.1111111	3124.111111
514.72	3130.48
314.2	3130.8
1097.666667	3131.461538
911	3133
314.5416667	3135.25
958.125	3135.125
301.0888889	3137.533333
257.5405405	3142.891892
415.9090909	3145.909091
477.1025641	3146.487179
1093.15	3146.15
853.9318182	3150.795455
740.6666667	3151.066667
913.3461538	3148.961538
916.3333333	3151.6
381.4857143	3152.6
468.3571429	3154.071429
910.2068966	3156.189655
895.5	3155.75
917.2063492	3156.714286
323.05	3157.4
892	3158.7
395.2857143	3161.619048
943.3076923	3161
322.6296296	3162.37037
669.5925926	3165.259259
300.4561404	3168.192982
392.7605634	3168.323944
600.8064516	3168.548387
890.4893617	3167.297872
291.1724138	3171.103448
884.3243243	3170.783784
889.6944444	3173.694444
1183.027778	3174.166667
670.7142857	3174.785714
881.7916667	3175.875
674.5263158	3176.368421
886.2352941	3178.558824
670.8378378	3180.567568
880.7105263	3181.394737
459.5	3183.5
913.5	3184.333333
667.875	3185.125
366.7619048	3190.547619
671.5441176	3191.529412
1203.038462	3192.730769
359	3193.945946
353.5185185	3195.814815
678.6538462	3193.192308
682.6071429	3195.714286
676.8287671	3203.917808
747	3198
326.7207207	3203.243243
338.4705882	3202.647059
286.5416667	3207.166667
1205.846154	3207.769231
645.46875	3207.8125
292.6428571	3211.678571
748.65	3213.55
948.6	3214.56
486	3215.125
446.75	3218.833333
751.255814	3220.488372
756.6923077	3223.307692
481.2626263	3225.222222
490.6170213	3226.276596
539.5	3224.5
484.3333333	3228.611111
770.0740741	3228.62963
945.3333333	3232.333333
492.3888889	3233.444444
632.2666667	3234.166667
967.2142857	3236.5
1186.136364	3235.090909
435.1578947	3239.315789
812.2916667	3244.791667
1210.185185	3251.222222
351.4	3252.1
1070.1875	3251.645833
593.2857143	3253.952381
878.9333333	3257.266667
1208.75	3256.5
752.8	3259.5
871.8275862	3258.62069
875.8181818	3259.909091
1206.891892	3261.675676
880.3793103	3262.310345
866.3448276	3264.862069
677.2857143	3267.5
329.8	3267.8
878.0930233	3267.860465
1201.608696	3268.521739
407.6428571	3271.071429
863.7	3271.6
1009.064516	3271.774194
702.4615385	3273.192308
940.4565217	3272.173913
1016.125	3273.125
1202.289474	3273.605263
870.0697674	3274.023256
383.3636364	3275.090909
1020.25	3274.75
927.4107143	3279.696429
959.8275862	3281.862069
485.5172414	3282.724138
973.6666667	3285.407407
1123.585366	3285.390244
486.7142857	3290.666667
488.3333333	3295.333333
941.7	3296.8
795.8666667	3299.466667
994.3947368	3300.131579
462.125	3301.125
641.137931	3302.931034
647.36	3302.78
332.5769231	3304.692308
378	3305.5
681.5	3305.5
638.5789474	3306.157895
774.1724138	3305.758621
1181.605263	3306.421053
645.8421053	3307.631579
368.75	3310.1875
363.5	3311.5
641.6727273	3310.690909
1089.333333	3313.111111
685.0625	3314.3125
903.3846154	3315.076923
933.125	3314.083333
1092.222222	3318.055556
415.0277778	3323.083333
645.1176471	3324.588235
774.3592233	3323.15534
783.6111111	3329
1056.938776	3331.081633
766.890625	3331.4375
776.7222222	3332.055556
1017	3330.5
1153.444444	3331.222222
765.0714286	3334.785714
758.7173913	3336.717391
985.3636364	3338.818182
763.6111111	3338.333333
1022	3338.25
442	3339.5
730.75	3340.75
1190.842105	3342.157895
368	3344
1002.645161	3345.387097
1071	3345
344.8923077	3344.676923
350.5	3346
729.0833333	3345.833333
733.4	3346.04
669.6923077	3347.923077
911.1111111	3348.722222
918	3348.714286
807.2142857	3349.642857
935.5	3349.145161
913.44	3353.2
957.6842105	3352.631579
961.8461538	3356.564103
1034	3358.561404
927.8064516	3359.241935
906.5833333	3365.25
910.8421053	3364.842105
630.7368421	3365.842105
741.2916667	3366.416667
909.3636364	3368.545455
981.9	3374.4
738.7692308	3374.576923
1186	3376.6
941.2361111	3377.583333
366.5	3379.5
596.9333333	3382.733333
678.5833333	3381.75
1115.043478	3382.782609
545.7857143	3385.928571
874.1538462	3386.230769
1111.75	3386.840909
357.3714286	3387.657143
679.7777778	3386.311111
826.5263158	3387.157895
1032.166667	3386.5
834.2580645	3387.903226
596.8333333	3388.666667
1197.926829	3389.560976
825.5	3391
829.6470588	3390.529412
888.4545455	3389.727273
349.9285714	3392.607143
679.3396226	3394.471698
407.1142857	3396.2
1149.157895	3396.842105
326.88	3399.72
675.1111111	3401.666667
680.6	3403.066667
822.6666667	3403.875
637.8965517	3405.965517
927.8823529	3411.098039
1159.615385	3413.615385
590.7058824	3414.882353
1035.756757	3419.945946
1077.16129	3420.225806
663.5	3421.722222
667	3424.727273
889.0714286	3425.214286
467.2162162	3427.324324
735.2121212	3427.424242
587.5517241	3430.172414
812.2068966	3429.965517
815.9473684	3430.789474
729.5882353	3430.313725
890.6315789	3433.157895
1093.62963	3433.666667
584.7857143	3434.5
736.3214286	3434.071429
727.2926829	3437.52439
702.5	3438.5
781.7	3438.3
734.5	3440.0625
423.96	3443.16
331.3684211	3445.894737
416.4	3444.457143
722.4878049	3443.597561
709.7692308	3446.384615
724.8285714	3448.914286
732.7058824	3446.411765
934.6808511	3450
1123.705882	3451.352941
728.0204082	3453.061224
734.5405405	3453.864865
647.5789474	3455.078947
554.3333333	3458
731.6551724	3458.172414
459.5135135	3459.324324
1165.388889	3458.666667
648.3584906	3460.377358
1104.454545	3460.060606
590.5384615	3460.846154
1096.363636	3461.848485
1149.387097	3463.354839
1126.966667	3464.733333
347.75	3467.916667
1182	3468.16129
351	3471.645833
947.1818182	3473.181818
1070.588235	3474.882353
655.6034483	3477.12069
349.3846154	3478.615385
456.1296296	3481.111111
348	3482
944.1666667	3484.5
347.8235294	3488.970588
476	3490.032258
469.5892857	3489.375
963.1875	3490.34375
911.6666667	3494.111111
944.1428571	3494
359.3518519	3494.175926
625.1333333	3496.533333
949.8297872	3498.595745
964.2291667	3496.166667
1151.607143	3500.321429
968.4126984	3502.603175
426.21875	3502.84375
443.6	3505.68
450.275	3509.375
970.5238095	3510.031746
459.4871795	3513.75641
847.6041667	3513.833333
525.8222222	3518
532.375	3519.03125
971.4166667	3519.666667
1032.7	3518.6
399.3714286	3521.2
1034.5	3521.5
574.7692308	3523.923077
1035.153846	3526.076923
1036.578947	3530.315789
888.4193548	3530.580645
1109.047619	3533.761905
456.1621622	3535.364865
902.5918367	3534.44898
1029.714286	3536.25
808.4444444	3538.277778
1033.894737	3539.263158
429.6585366	3545.073171
815.7241379	3542.827586
806.5319149	3545.276596
422.1428571	3548.071429
812.6764706	3548.147059
1126.695652	3547.782609
941.2352941	3549.235294
946.8636364	3556.454545
659.05	3573.1
654.6818182	3573.863636
792	3577
1144	3577.5
698.5483871	3580.225806
785.2307692	3580.192308
688.6160714	3583.116071
1063.75	3581.666667
704.4769231	3583.8
1013.923077	3583.384615
1154.727273	3582.878788
1136.730159	3583.714286
694.6341463	3588.918699
665.3777778	3588.688889
792.890625	3590.3125
660.7843137	3592.294118
887.7	3591.788889
924.1304348	3592.73913
797.3548387	3597.096774
802.0384615	3598.192308
866.9107143	3600.267857
952.9459459	3599.837838
959.7297297	3599.486486
680.6101695	3600.220339
804.173913	3601.26087
751.8837209	3604.162791
796.5357143	3602.928571
950.6551724	3604.896552
579.5609756	3603.195122
801.4666667	3605.333333
955.9545455	3605.272727
1089.136364	3605.409091
678.828125	3606.734375
1093	3608.153846
890.8571429	3608.285714
886.7173913	3610.195652
686.0609756	3609.231707
892.6	3614.371429
898.7619048	3613.333333
675	3612.435897
730.3333333	3614.111111
670.2380952	3615.428571
689.32	3614.36
857.3333333	3618.111111
666.6190476	3620.904762
684.3829787	3620.957447
908	3620.5
392.7894737	3623.421053
681	3624.2
679.483871	3627.193548
1135.461538	3625.846154
675.3513514	3629.783784
670.9090909	3632.409091
1138.24	3630.88
840.875	3632.5
837.5869565	3638.282609
842.6271186	3640
834.5652174	3642.826087
564.5	3644
701.3191489	3642.957447
707.4901961	3644.803922
833.8421053	3647.368421
704.5471698	3650.735849
1075.448276	3650.068966
572.9230769	3649.923077
492.75	3652.625
1120.534884	3653.744186
457.75	3660.25
838.56	3660.04
763.0833333	3661.472222
887.1666667	3664.166667
891.4468085	3668.446809
686.3571429	3668.952381
838.1818182	3669.272727
594.2857143	3674.357143
845.1538462	3673.346154
419.1388889	3676.111111
839.56	3677.56
1060.214286	3677.428571
591	3678.978723
507.7647059	3679.941176
1064.5	3680.868421
843.2121212	3682.909091
1069.5	3684.66
594.4117647	3683.882353
465.3333333	3687.083333
1075.448276	3687.068966
442.6666667	3689.2
841.9787234	3690.606383
983.8888889	3695.277778
1106.181818	3694.590909
591.6428571	3695.785714
988.8	3696.133333
1111.472222	3697.388889
834.125	3697.208333
447.2962963	3698.185185
568.7619048	3701.142857
838.9761905	3700.833333
452	3703.820513
663	3712.068966
434.7948718	3710.794872
1065.21875	3716.125
440.3666667	3719.8
598.5	3720.454545
660	3721.5
1069	3721.115385
463.027027	3721.337838
518.1052632	3723.578947
866.875	3723.875
850.6744186	3725.046512
938.5	3725.5
564.5	3725.5
916.8611111	3727.083333
1035.666667	3726.757576
657.9411765	3727.705882
594.875	3730.5
788.8863636	3740.863636
795.6	3739.5
1106.21875	3742.375
1039.913793	3744.758621
803.7058824	3746.941176
810.8032787	3747.42623
752.1333333	3747.533333
791.0833333	3748.138889
795	3750.956522
1067.818182	3750.818182
805.2	3751.933333
456	3753.117647
891.375	3755.125
478.7631579	3759.605263
731.4150943	3760.09434
641.1	3766.366667
904.2142857	3765.5
988.0769231	3773.615385
1093	3777
507.25	3781.583333
705.5238095	3783.419048
911.5238095	3785.857143
713.7288136	3788.457627
816.5555556	3788.111111
1019.848485	3787.787879
670.7380952	3790.309524
935.1071429	3790.428571
480.9655172	3793.206897
700.9268293	3792.804878
719	3793
810.8846154	3794.230769
674.8888889	3795.355556
814.1666667	3796.916667
817.2727273	3795.318182
823.3953488	3795.930233
679.295082	3799.819672
581.1470588	3798.647059
854.6363636	3799.25
819.5	3800
576.8235294	3802.823529
696.9090909	3800.636364
826.4814815	3802.148148
811.6176471	3802.088235
571.6470588	3803.470588
737.5333333	3803.666667
925.3214286	3804.321429
945.2647059	3804.852941
558.3548387	3808.354839
919.1071429	3808.982143
764.25	3809.666667
812.5	3810.125
823.125	3811.46875
816.09375	3813.1875
791	3814
644.2666667	3817.033333
1003.5	3818.2
791.9032258	3820.806452
784.5813953	3823.488372
790.1111111	3825.888889
1077.352941	3826
695.9285714	3830.095238
912.6086957	3834.391304
588.2571429	3835.828571
763.3076923	3836.423077
711.4074074	3836.925926
908.125	3837.8
914.6666667	3839.277778
996.4285714	3839.380952
893.5	3841
1001.904762	3843.761905
1092.576923	3843.846154
1006.151515	3845.909091
537.3888889	3847.388889
685.0833333	3846.666667
772.2962963	3846.444444
782.6	3846.6
695.2571429	3849.457143
1045.666667	3848.75
780.6896552	3851.551724
537.3684211	3853.789474
860.4528302	3856.415094
864.6111111	3855.777778
929.9	3857.2
940.1666667	3860.333333
538.4333333	3860.833333
669.2380952	3862.333333
936.5185185	3864.074074
944.6363636	3863.575758
532.8441558	3864.727273
950.5	3866
679.08	3867.96
947.6363636	3868
943.2580645	3868.516129
1036.454545	3869.818182
538	3871
676.6875	3872.84375
958.9375	3872.3125
1044.174603	3872.428571
1054.137931	3874.896552
540	3876.142857
641.2580645	3876
1078.347826	3876.826087
1074.5	3879.5
639.3076923	3881.615385
637.2666667	3887.488889
988.5	3890.5
589.22	3892.96
726.509434	3896.264151
985.75	3898.833333
990.6046512	3901.674419
658.0263158	3904.263158
1029.909091	3909.272727
1040.863636	3911
573.2608696	3912.086957
795.4285714	3912.452381
802.44	3911.92
1036.952381	3913.095238
1032.939394	3915.636364
1048.782051	3914.282051
1041.586207	3915.931034
744.2444444	3920.466667
797.725	3920.875
693	3922
918.3877551	3922.510204
979.5	3924.5
796.3921569	3929.352941
795.2325581	3938.139535
1001.411765	3939.882353
1054.229508	3939.245902
1135.205128	3941.692308
795.5	3944.285714
894.8709677	3945.516129
952.5714286	3945.619048
1003.772727	3946.363636
610.5	3951.777778
768.3287671	3968.575342
1038.555556	3967.592593
822.4117647	3968.352941
1152.777778	3971.5
720.6666667	3974.333333
977.125	3974.125
1114.111111	3974.666667
716.7096774	3974.935484
667.2380952	3975.714286
851.880597	3979.686567
1031.333333	3979.533333
1114.033333	3979.9
874.2413793	3982.172414
1020.548387	3982.580645
816.6	3982.28
940.8888889	3993.333333
938.3636364	3995.454545
941.5	3998.222222
682.4117647	3998.117647
922.56	4003.28
917.55	4006.05
974.9230769	4003.961538
686.0465116	4006.093023
677.3684211	4007.578947
914.3571429	4010.309524
925.6875	4010.6875
917.6666667	4014.466667
843.5	4015.285714
853.8125	4017.15625
928.245283	4018.283019
849.0789474	4022.105263
877.4	4021.6
854.5641026	4024.25641
859.6666667	4025.545455
899.0909091	4034.090909
1043.407407	4035.925926
770.5625	4038.03125
985.125	4039.208333
1069	4041.210526
1092.857143	4044.928571
989.7777778	4046.62963
1077.4	4047.766667
1083.615385	4048.897436
992.2142857	4050.928571
1025.363636	4052.090909
853	4072.5
1148.5	4077
989.5217391	4080.956522
1101.269231	4087.166667
1175.083333	4090.270833
988.2916667	4092
851	4095.5
912.95	4097.1
1170.315789	4099.807018
865.5714286	4099.904762
928.7692308	4102.692308
865.0625	4105.625
919.7391304	4105.652174
991.8611111	4105.388889
861.7826087	4107.782609
869.4565217	4108.26087
917.2105263	4108.789474
949.5	4129.25
951.4090909	4133.272727
1000.692308	4140.666667
1093.716981	4145.150943
1145.15625	4147.1875
1181.069767	4148.511628
827.4444444	4149.933333
1047.956522	4164.608696
992.5	4171.285714
1082.095238	4176.968254
922.34375	4177.828125
1067.863636	4196.681818
1137.555556	4198.644444
1060.875	4201.125
1062.833333	4205.416667
1068.638889	4206.805556
1100.575758	4211.575758
974.3571429	4232.357143
979.7142857	4234.714286
