X	Y
0	0
0	5143
5143	0
5143	5143
1172.117647	253.2941176
1205.853211	257.2201835
1201.627907	266.4534884
1194.601852	266.3518519
1207.862069	273.4827586
1213.333333	271.5757576
1163.482759	275.5517241
1218.394737	279.3684211
1164.085526	284.4802632
1193.653333	286.88
1185.875	287.9519231
1207.378049	290.4756098
1179.375	291.375
1215.10989	292.2307692
1226.842105	294.5263158
1181	295.2093023
1152	299
1199.430769	295.0923077
1205.962025	300.2278481
1141.818182	301.7727273
1213.457143	301.4
1173.882353	303.0294118
1192.544643	300.5714286
1199.261905	305.5
1228.900826	304.2561983
1188.789474	307.8157895
1202.75	307.5
1206.8	308.7333333
1140.787234	309.0851064
1221.166667	308.2777778
1197.9	311.4
1203.4	312.55
1212.015873	309.5079365
1255.22449	312.5510204
1200.431579	318.6210526
1220.511905	314.2261905
1213.583333	316.9166667
1206.64	317.72
1250.892857	320.1428571
1233.055556	319.5555556
1119	324.5833333
1238.247059	322.4470588
1244.888889	326.2857143
1232.283019	327.9433962
1237.708333	330.9583333
1155.128205	332.5897436
1214.506944	332.1319444
1244.862069	335.045977
1152.055556	336.3333333
1159.148936	339.8297872
1233.309091	338.2636364
1243.727273	341
1125.565217	342.826087
1236.912621	346.0097087
1155.6	343.76
1186.973684	343.5263158
1245.369565	345.5217391
1189.416667	347.5833333
1146.62069	348.5517241
1240.883495	353.038835
1249.725	350.075
1138.285714	352.3697479
1196.032258	351.0645161
1126.253521	353.7323944
1137.821429	357.4642857
1196.555556	357.1666667
1236.090909	359.3454545
1134	357.75
1129.432836	361.1940299
1138.421053	362.8947368
1144.741379	362.8793103
1138.125	366.875
1151.864198	366.8271605
1196.470588	366.4117647
1128	368
1233.709677	369.1935484
1151.5	372.8
1194.136364	371.0454545
1225.946429	373.875
1135.041667	387.5833333
1211.538462	388.5769231
1182.972222	389.6388889
1078.383562	393.3835616
1118.1	392.3
1127.081395	392.4651163
1084.976744	395.0232558
1181.612903	396.8064516
1089.25	398.4166667
1080.878049	400.7317073
1074.193548	400.5483871
1200.285714	401.7321429
1071.75	403.375
1170.605263	402.6842105
1177.9375	405.78125
1074.677419	406.6774194
1071.782609	410.4782609
1097.428571	409.4428571
1088.602941	413.7647059
1077.54386	416.3157895
1083.146341	419.8292683
1063.88785	423.411215
1072.730337	423.1797753
1070.416667	430.1944444
1061.863636	431.0909091
1077.853659	431.9512195
1066.289474	434.7894737
1071.5	435.75
1091.5	437.5
1065.324324	438.8108108
1063.391304	441.5217391
1073.642857	439.9642857
1059.057692	442.2692308
1076.15625	443.0625
1064.885714	450.2428571
1075.964029	451.8705036
1069.34375	444.90625
1070.935484	450.2258065
1060	451.9642857
1056.369231	456.3230769
1088.5	457.85
1110.862069	458.0172414
1212.181818	459.4545455
1037.157895	463.4210526
1046.756757	463.2972973
1059.114094	461.885906
1076.214286	462.5428571
1111.8	464
1068.432836	466.5373134
1051.790476	469.7333333
1128.320755	468.1320755
1073.962963	471.1111111
1136.35	470.85
1199.533333	470.8666667
1046.631579	475.1578947
1115.597938	474.3814433
1123.5	476
1213.8	476
1128	476.5
1137.913043	476.5217391
1064.918919	478.527027
1104.793103	480.4137931
1131.833333	480
1039.386364	482.0454545
1044.631579	482.2105263
1045.0625	487.8125
1082.157895	487.4210526
1040.30303	490.2727273
1092.428571	490.0714286
1086.189474	492.8842105
1057.061856	497.9175258
1054.1875	504
1064.871795	510.5897436
1058.898305	514.6779661
1115.821429	517.25
1052.52381	517.2619048
1056.8	520.7
1046.923077	520.6153846
1110.746667	520.88
1122.8	521
1098.652174	521.6231884
1054.242424	524.8787879
1050.121212	528.3030303
1141.571429	527.9285714
1095.22807	528.4912281
1101.264151	530.4150943
1132.359712	532.6546763
1089.542169	529.8554217
1156.967742	534.2903226
1089.446429	540.3035714
1098.559322	538.220339
1068	539.5
1151.714286	540.0714286
1040.25	544.5833333
1068.125	543.875
1083.864407	546.4576271
1135.414634	548.1707317
1146.352113	547.1690141
1068.45098	550.7254902
1130.6875	553.15625
1147.2	553.6
1140.77	554.32
1148.636364	558.9090909
1135.233766	560.0519481
1148.956522	562.7826087
1126.333333	561.2916667
1073.666667	565.6666667
1127.575758	566.969697
1113.932203	577.5084746
944.4150943	663.8867925
948.2777778	672.8333333
940.6311475	672.9344262
974.8571429	675.5
940.8095238	678.9047619
1080.266055	820.1192661
1097.851852	822.0740741
1090.548387	831.6451613
1054.37931	831.8103448
1018.354167	842.8958333
1073.866667	843.8
1102.26087	845.0869565
1027.5	846.2
1085.388889	846.8888889
1002.631579	847.7894737
1014.166667	850.2708333
1025.518519	851.1481481
1091.758621	853.2758621
1085.571429	855.7142857
1098.8	857
984.24	855.9333333
978.9454545	860.4181818
998.25	858.6666667
972.4528302	860.3584906
1132.636364	867.0909091
1103.481481	868.037037
1121.794118	870.75
1130.672727	871.3636364
993.6111111	876.2777778
1121.076923	889.0615385
1139.052632	892.6578947
1114	896.2857143
997.4081633	899.7346939
1131.571429	901.2619048
992.3333333	904.4666667
1123.403226	905.8225806
1135.487179	914.6153846
1121.905512	918.4409449
1130.204819	917.4457831
1079	920.8285714
1134.769231	923.9230769
1140.53125	922.28125
1074.512195	924.902439
1081.791045	927
1103.854167	927
1125.5	928.2
1106.064516	935.5806452
1096.25	937.0277778
1066.457627	939.9830508
1057.024194	944.3790323
1063.758621	945.5862069
1030.694737	946.3684211
1131.62963	946.7592593
1049.769231	950.2307692
1127.125	951.09375
1116.666667	954.8018018
1063.227273	956.3636364
1132.214876	959.9173554
1142.130435	959.573913
1148.44186	957.9302326
1121.75	961.25
1152.902439	960.9268293
1034	966.0454545
1149.529412	966.9411765
1069.746032	967.2222222
1021.78125	968.625
1027.051282	968.1282051
1076.466667	973.1333333
1084	975.0909091
1119.607143	976.6428571
1117.724138	981.9655172
1052.117647	984.5882353
1086.027778	985.3888889
1121.647059	985.1176471
1021.285714	987.5
1043.882353	986.5882353
1004.909091	989.9090909
1047.714286	993.3571429
1137.534483	992.7758621
1129.118421	994.8815789
1144	997.4782609
1136.040816	1000.469388
1142.421053	1003.052632
1224.45	1003.35
1156.532468	1006.376623
1144.764706	1006.470588
1071.655172	1009.086207
1144.645833	1011.8125
1141.210526	1015.605263
1182.548387	1014.903226
1043.030303	1026.939394
1045.948454	1033.391753
746.6896552	1049.689655
1204.125	1052.410714
1208.8	1051.44
770.5	1073
771.2962963	1078.074074
1076.086957	1081.217391
745.7462687	1086.343284
1163.777778	1087.703704
1159.3125	1089.4375
737.7142857	1091.5
597.75	1092.333333
581.875	1092.78125
745.4758621	1095.117241
1051.344262	1097.163934
542.9	1096.4
777.875	1096.125
580.027027	1097.783784
591.1363636	1095.181818
585.2535211	1101.112676
1020.792453	1099.188679
593.4883721	1098.837209
597.5438596	1101.561404
779.3846154	1101.102564
576.4489796	1102.306122
569.8333333	1104.138889
590.047619	1105.238095
610.2380952	1105.047619
513.8510638	1106.106383
1126.388889	1107.138889
504.4807692	1108.211538
565.9333333	1107.333333
1133.623656	1108.870968
775.1315789	1106.105263
518.046875	1109.0625
563.2173913	1110.869565
595.4126984	1111.365079
1119.962963	1107.62963
1141.8	1109.72
582.2328767	1111.328767
589.0243902	1111.658537
1022.066667	1112.4
1123.38	1112.14
574.0909091	1113.530303
611.5882353	1113.882353
1052.2	1115
548.5350318	1116.745223
1142.145455	1116.781818
510.1538462	1118.076923
592.8095238	1117.857143
747.3877551	1117.714286
1045.2	1118
557	1118.25
585.8571429	1118.607143
1061.411765	1119.647059
541.6	1122.977778
743.9285714	1123.357143
534.0350877	1124.263158
554.6944444	1126.083333
572.5	1126.5
1061.869565	1125.956522
577.3913043	1127.434783
1113.038462	1127.730769
628.4444444	1127.777778
1076.75	1127.75
576.8125	1131
535.08	1133.2
625.5454545	1133.181818
1151.8	1136.5
1011.903226	1139.290323
635.9142857	1139.314286
645.7	1141.2
1011.528571	1145.457143
650	1146.464286
655.2352941	1148.058824
531	1149
1012.871795	1149.230769
986.7142857	1149.714286
642.9166667	1151.1
649.84	1152.4
761.0921053	1151.447368
637.6111111	1151.888889
655.2222222	1153.444444
568.8888889	1153.666667
634.969697	1154.181818
989.5	1154.066667
660.9056604	1155.075472
1053.578947	1155.736842
532.2567568	1157.918919
632.5714286	1158.4
641.75	1157.25
647.9714286	1158.314286
1098.117647	1159.411765
997.5217391	1161.043478
1036.166667	1159.033333
1043.869565	1159.706522
1050.704545	1161.363636
523.3243243	1162.243243
669.1866667	1162.266667
634.4137931	1163.758621
642.804878	1163.463415
657.7235772	1163.308943
1056.909091	1166.5
650.4107143	1167.196429
640.0338983	1165.305085
645.7777778	1170.388889
670.5797101	1170.985507
1051.387097	1170.548387
1068.666667	1170.666667
998.5	1172.184211
1040.75	1171.75
1262.125	1171.875
629.1517857	1173.544643
643.0625	1176.1875
1231.411765	1176.058824
622.1621622	1180
639.6363636	1179.424242
999.7037037	1179
632.8181818	1180.909091
627.2162162	1182.297297
652.4545455	1183
973.4736842	1184.368421
1064.271186	1183.864407
1074.518519	1183.777778
985.5	1185.714286
679.76	1186.68
980.2	1189.6
1070.25	1189.666667
694.0869565	1190.391304
1066	1190.615385
688.6538462	1191.423077
1077.859375	1190.703125
958.7241379	1192.344828
643.5208333	1194.229167
1073.04	1193.76
688.7777778	1196.277778
1201.086957	1199.652174
1013.222222	1201.066667
772.5	1204.272727
1023.059322	1204.991525
1057.302326	1208.627907
978.5	1208.5
1065.857143	1211.967033
1015.784483	1214.008621
1024.151515	1214.80303
1033.815217	1215.521739
1053.081633	1214.938776
1057.653846	1217.5
1064.767442	1217.581395
1027.378378	1220.675676
1030.338462	1225.492308
790.7647059	1260.470588
741	1267.409091
797.4255319	1267.468085
792.2424242	1269.575758
809.6333333	1269.633333
736.5909091	1272.060606
791.5116279	1274.534884
798.8571429	1276.934066
820	1277.395833
791.2857143	1279.5
1014.5	1282.64
761.047619	1284.190476
643	1297
648.5211268	1300.197183
655.5641026	1300.153846
641.5833333	1302.305556
656.8666667	1304.6
652.6666667	1305.666667
719.3333333	1307.333333
724.3125	1306.625
731.3333333	1307.1
809.3478261	1308.326087
645.0833333	1309.25
825.6578947	1312.894737
702.027027	1315.513514
743.0909091	1315.818182
672.8076923	1318.057692
698.3333333	1318.833333
721.5	1318.5
715.92	1320.16
674.2941176	1323.205882
628.1363636	1324.318182
695.1052632	1323.789474
667.9166667	1325.75
802.9090909	1325.636364
662.6	1327.55
657.7391304	1329.869565
614.2295082	1329.852459
666.3207547	1332.377358
619.1333333	1333.1
625.7419355	1331.83871
661.3333333	1335.564103
734.5616438	1334.712329
776.3684211	1339.052632
737.25	1342
804.2272727	1339.659091
764.8823529	1341.941176
723.3692308	1342.769231
777.3809524	1347.428571
763.6666667	1347.383333
727.0430108	1349.215054
771.0138889	1351.319444
763.6666667	1353.611111
654.7631579	1356.105263
787.5121951	1357
650.64	1361.88
663.4782609	1362.73913
656.617284	1367.777778
651.6785714	1370.25
702.7735849	1372.688679
773.7058824	1387.117647
817.4230769	1395.846154
767.5	1397.1875
774.18	1403.66
766.6176471	1406.397059
769.8431373	1411.098039
728.6153846	1411.884615
1001.75	1428.392857
665.5357143	1429.660714
1001.901961	1435.333333
1003.4	1440.828571
1006.590909	1446.727273
1116.236842	1448.710526
1063.55	1450.2
1109.121951	1451.378049
998.4883721	1453.023256
1055.076923	1454.038462
1004.75	1453.84375
1116.368421	1454.368421
1067.52381	1457.047619
1076.972973	1457.297297
1063.166667	1459.444444
1004.042553	1459.829787
1100.729412	1460.058824
1092.378378	1461.351351
1072.470588	1464.431373
1060.279279	1465.747748
1088.913043	1467.347826
1030.525	1468.85
1077.53125	1470.75
1093.555556	1470.666667
1084.219512	1472.219512
1038.182692	1472.336538
1066.7	1473.557143
1021.736842	1473.789474
1029.955556	1475.044444
1057.54717	1478.207547
1048.958333	1476.652778
1074.766667	1482.666667
1053.064516	1483.354839
1048.236842	1486.078947
1093.388889	1483.444444
1056.133333	1486.933333
1060.9375	1486.6875
1006	1492.2
1056.597015	1491.268657
1057.254545	1497.163636
1050.916667	1499
1066.395349	1507.697674
1069.521739	1512.608696
839.4074074	1618.259259
833.1774194	1639.258065
827.7931034	1641
893.7692308	1643.384615
825.1935484	1644.290323
832.6909091	1646.727273
1051.395833	1644.958333
1089.678571	1647.160714
1095.5	1648.428571
1103.869565	1648.847826
823.9518072	1649.807229
1071	1649.545455
1079.110092	1650.174312
1098.821429	1651.714286
1064.564103	1652.384615
1062.533333	1657.444444
799.5	1659.2
1017.525	1659.175
1009.194444	1661.083333
957.3493976	1664.012048
946.8333333	1666.074074
951.5862069	1665.517241
1019.815789	1665.552632
1043.794118	1666.941176
1101.092308	1665.584615
953.1764706	1670.647059
1042.589286	1673.178571
1103.883721	1673.093023
958	1673.415094
1034.833333	1673.861111
950.6666667	1674.716667
1037.114286	1678.828571
866.25	1680.490385
838.1587302	1680.222222
1068.194805	1681.987013
857.0546875	1684.34375
842.2222222	1683.888889
1073.793103	1686.241379
1067.319149	1688.106383
840.0333333	1689.633333
846.1219512	1687.487805
889.3448276	1690
1057.383333	1689.383333
848.9	1692.3
904	1693
1063.7	1692.75
842.95	1694.55
1035.278689	1694.655738
343	1694.428571
854.5416667	1695.25
339.7692308	1697.076923
887.4375	1697.375
1051.047619	1697.142857
347.5862069	1699.87931
834.2121212	1700
859.9583333	1701.166667
874.9565217	1700.173913
1034.607143	1699.428571
1048.184211	1701.5
1086.325	1699.075
842.0447761	1700.447761
337.4666667	1701.666667
800.875	1703.125
1037.4	1703.4
1042.901961	1703.411765
866.6923077	1703.923077
852.5151515	1703.872727
873.6	1708.333333
839.41	1708.88
845.5416667	1708.875
1048	1709
850.2692308	1711.307692
831.7142857	1712.923077
1112.470588	1711.117647
1007.290323	1713.870968
1093.695652	1713.173913
1101.364964	1712.189781
799.2105263	1715.473684
794.0175439	1718.052632
776.5694444	1720.958333
818.6363636	1721.090909
785.3695652	1720.804348
870.5757576	1721.666667
1009.658915	1722.170543
1017.111111	1725.288889
795.0833333	1726.083333
789.6470588	1727.941176
834.9716981	1724.962264
911.9324324	1726.310811
783.1388889	1729.388889
841.8846154	1729.615385
871.3030303	1729.454545
907.8055556	1731.583333
770.6666667	1730.888889
820	1731
825	1732
966.1724138	1732.793103
777.8333333	1734.333333
845.6603774	1734.150943
857.1411765	1729.105882
866.7692308	1734.769231
882.875	1734.875
771.8611111	1735.694444
836.7884615	1736.634615
862.921875	1732.796875
851.69	1736.33
842.6153846	1740.641026
859.68	1740.56
878.1212121	1740.30303
870.6666667	1742.380952
888.6923077	1744
907.0333333	1748.366667
987.8823529	1747.411765
441.5420561	1752.252336
468.5925926	1752.074074
477.875	1751.5
914.8591549	1753.732394
884.3275862	1755.344828
921.8703704	1758.259259
915.6923077	1760.25641
474.0327869	1759.688525
494.3076923	1759.615385
987.245614	1760.789474
464.9583333	1762.319444
851	1763.605263
884.0571429	1763.514286
460.0133333	1767.053333
475.5789474	1765.052632
842.4016393	1764.270492
876.875	1766.125
823.7058824	1768.529412
838.7317073	1769.365854
488.2727273	1768.454545
830.0384615	1769.630769
478.3214286	1770.125
777.08	1772.32
472.8888889	1772.666667
784	1773.6
844.1176471	1774.941176
477.2857143	1775.485714
471.1764706	1779.058824
523.5	1779
823.7647059	1781.352941
374.9534884	1781.488372
962.65	1780.7
478.7288136	1783.711864
504.9393939	1783.515152
856.3541667	1782.854167
531.1428571	1784.595238
369	1786.511628
376.3541667	1788.708333
483.0789474	1789.157895
851.673913	1791.586957
396.3166667	1793.783333
477.7719298	1792.368421
482.9101124	1799.157303
379.1304348	1796.869565
441.6292135	1795.820225
841.0526316	1795.973684
387.2428571	1796.8
853.953125	1798.15625
477.1428571	1800.821429
450.1917808	1800.726027
371.9393939	1801.969697
383.12	1801.88
424.6395349	1801.116279
377.2653061	1804.183673
443.5	1804.413043
349.5606061	1806.515152
415.7701149	1803.454023
490.3333333	1806.666667
469.5	1807.52
842.2666667	1809.666667
450.4923077	1810.061538
355.4571429	1808.514286
489.9130435	1810.913043
437.6901408	1813.915493
1244.066667	1814
339.7058824	1813.294118
356.5957447	1814.489362
420.6521739	1813.782609
447.5730337	1815.382022
349.0860215	1815.88172
416.4	1816.133333
1236.789474	1815.394737
335.6	1816.7
422.6086957	1818.173913
1162.857143	1818.071429
367.75	1818.96875
440.2162162	1819.027027
1220.62	1822.82
496.3333333	1823.333333
356.5686275	1824.754902
433.5172414	1824.448276
1160.019231	1823.096154
1168.84375	1822.90625
947.2142857	1824.571429
964.3125	1826.75
386.1372549	1826.294118
958.7419355	1826.354839
969.3962264	1828.169811
1223.636364	1827.5
949.3181818	1829.727273
368.3809524	1830.634921
398.3157895	1829.710526
532.9166667	1829.416667
362.739726	1833.493151
419.826087	1831.913043
380.2857143	1833.5
392.7058824	1834.058824
1118.833333	1834.055556
404.8095238	1833.738095
436.9454545	1833.309091
441.5945946	1835.405405
506.1333333	1836.466667
959.7	1836.066667
422.4074074	1837.37037
428.4716981	1834.981132
968.0714286	1837.285714
400.4516129	1839.204301
958.3333333	1839.777778
432.8909091	1839.818182
473.6760563	1842.661972
1160.5	1840.727273
961.6818182	1841.636364
953.2	1843.066667
1175.052632	1843.578947
435.375	1844.392857
1156.153846	1844.282051
418.8450704	1843.690141
965.8	1844.35
478.7619048	1846.761905
1164.487179	1845.769231
1188.875	1845.333333
426.0416667	1847.8125
494.880597	1847.970149
948.4677419	1848.919355
957.1111111	1849.666667
1124.625	1850
1180.036145	1848.325301
474.1636364	1851.890909
920.5645161	1854.129032
493.2121212	1853.575758
986.9462366	1854.473118
1141.304348	1852.73913
467.037037	1854.703704
949.5581395	1855.790698
481.9285714	1854.839286
497.0666667	1857.355556
506.7307692	1857.653846
1099	1856.642857
1142.916667	1856.833333
1199	1857.8
1217.875	1856.5
471.5321101	1860.431193
1145.83871	1859.032258
477.5	1860.5
1213.03125	1861.40625
441.4	1862.35
502.0441176	1859.588235
493.0555556	1863.088889
1224.653846	1862.846154
1093.7	1863.8
953.0277778	1864.916667
1148.694444	1866.027778
374.4285714	1867.690476
464	1867.25
1109.488889	1867.644444
491.5	1868.8
495.125	1868.875
446.6263736	1868.901099
390.3809524	1870.47619
453.6875	1870.9375
953.6842105	1871.842105
1217.478261	1871.282609
1227.35	1871.45
385.2459016	1873.786885
1091.956522	1875.271739
1220.64	1875.68
1213.04878	1879.146341
352.528	1879.64
480.5	1878.5
497.5714286	1878.964286
369.4507042	1879.056338
376	1882.285714
362.9857143	1882.314286
390.7647059	1884.176471
1175.44186	1884.755814
1217.304348	1886
397.4482759	1885.586207
379.9016393	1888.52459
385.0625	1886.1375
1147.564103	1888.410256
1164	1887.5625
1169.673469	1888.897959
375.031746	1892.031746
392.1052632	1892
1160	1893.666667
1187.52	1893.24
498.2881356	1892.745763
1121.046512	1894.290698
1174.9	1893.8
1211.387097	1892.290323
480.21875	1894.59375
492.8958333	1894.6875
1168.338462	1896.261538
1181.61194	1894.910448
383.1018519	1897.407407
460.9090909	1898.909091
469.6271186	1899.457627
395.1176471	1899.588235
480.2340426	1899.319149
370.875	1901.1875
1160.685185	1903.277778
1171.875	1904
398.2444444	1905.444444
481.4090909	1905.272727
388.9714286	1905.742857
393.4545455	1905.863636
377.1724138	1910.103448
394.8971963	1913.570093
375.1923077	1922.346154
451.8529412	1921.176471
1155.25	1922.5625
1159.606061	1924
383.6095238	1923.466667
446.4857143	1924.285714
428.5625	1925.625
453.6714286	1927.128571
1154.285714	1926.761905
377.2244898	1929.244898
352.375	1930.125
443.2421053	1930.294737
450.25	1933
550.5806452	1931.451613
375.0769231	1935.461538
355.15	1935.8
363.1230769	1936.453846
347.6388889	1939.972222
352.1578947	1939.263158
481.92	1940.56
357.3043478	1943.434783
465.1612903	1944.419355
456.3703704	1946.12963
594.7083333	1950.041667
399.5	1954.416667
494.5555556	1953.944444
405.4166667	1955.083333
371.6	1959.866667
400.0952381	1960.571429
476.8	1959.85
407.8358209	1963.089552
470.9655172	1964.793103
464.5	1966
370.4363636	1966.981818
482.3762376	1966.49505
488	1968
580.0588235	1967.764706
492.7325581	1967.604651
467.5238095	1970.52381
475.1428571	1970.666667
498.6190476	1974.071429
488.2463768	1975.043478
392.4081633	1977.571429
399.1428571	1977.928571
372	1979.5
376.05	1978.5
522.0416667	1979.166667
514.2794118	1980.323529
530.4642857	1984.375
390.125	1985.833333
360.2830189	1988.113208
390.6470588	1990.294118
352.7777778	1991.822222
349.9	1998.1
525.2	2000.8
354.9230769	2003.923077
436.4313725	2001.745098
360.0526316	2003.894737
397.0327869	2008.786885
405.297619	2010.309524
374.9351852	2012.592593
449.3414634	2011.585366
383.962963	2013.537037
502.3265306	2013.183673
393.6511628	2015.186047
398.2727273	2015.090909
436.5287356	2015.609195
462.25	2015.25
390.0869565	2017.956522
445.2105263	2015.921053
405.037037	2018.851852
454.2644628	2019.958678
377.0625	2020.8125
443.7358491	2021.811321
467.3404255	2021.276596
633.5714286	2020.619048
509.375	2022.625
354.575	2024.975
472.95	2023.6
496.13	2023.31
604.5	2026.5
387.5	2029
403	2030
597.6590909	2029.022727
379.8181818	2030.909091
412.4444444	2031.111111
636.1153846	2030.961538
422.2	2036.95
355.6097561	2038.731707
392.4705882	2038.647059
383.5043478	2049.46087
407.4393939	2046.651515
533.0869565	2050.130435
546.7142857	2051.357143
379.75	2054.25
412.7575758	2054.515152
404.4693878	2054.693878
442.3333333	2056.911111
544.9782609	2056.73913
395.6136364	2058.079545
435.8857143	2058.885714
298.84	2062.41
290.0232558	2065.046512
295.6111111	2065.777778
549.5842697	2068.573034
264.1111111	2068.555556
320.5714286	2068.4
559.25	2069.625
293.8333333	2070.333333
324.9350649	2072.883117
693.0294118	2068.529412
299.4117647	2072.313725
316.7179487	2071.897436
262.7058824	2073.058824
373.3947368	2072.342105
701.5765766	2073.009009
692.9649123	2075.052632
383.5362319	2074.913043
372	2077.975
596.8615385	2077.384615
294.3539823	2078.513274
699.6774194	2080.193548
386.5666667	2079.966667
412.45	2079.4
242.625	2085.909091
287	2083.102041
380.4423077	2082.038462
391.3943662	2083.070423
279.25	2083.541667
274.52	2086.12
374.9764706	2085.458824
549.8518519	2085.388889
263.5151515	2086.060606
284	2087.75
268.8709677	2087.290323
280.1538462	2088.269231
545.7884615	2088.038462
369.3157895	2091.105263
247.0740741	2091.314815
288.0545455	2090.963636
361.6428571	2091.785714
259	2091.803571
269.7478992	2093.02521
252.0416667	2093.666667
561.6986301	2096.041096
283.6493506	2096.727273
569.4193548	2096.741935
238.4457831	2097.192771
291.122807	2100.912281
366.0666667	2101.4
587.2459016	2099.04918
572.0769231	2101.923077
402.8421053	2103.368421
421.2142857	2104.071429
583.5684932	2106.267123
283.2121212	2105.939394
413.2608696	2105.913043
523.5	2106.5
240.5714286	2105.263158
238.0126582	2111.316456
523.6315789	2111.263158
531.05	2111.75
571.5434783	2117.23913
674.45	2120.925
554.3982301	2122.345133
650.0625	2122.25
672.16	2126.28
540.4166667	2128.9
560.637931	2129.017241
553.4252874	2131.988506
535.7058824	2132.617647
533.1594203	2138.043478
541.7857143	2134.821429
548.3246753	2136.909091
636.7272727	2138.272727
510.55	2140.1
608.3670886	2141.670886
505.4210526	2141.263158
538.8581081	2143.256757
507.8095238	2144.333333
579.4444444	2144.361111
593.826087	2148.652174
588.7631579	2150.315789
563.5	2154.2
767.2962963	2159.888889
692.9166667	2163.166667
682.5	2165.5
748.4791667	2171.729167
707.0793651	2175.555556
568.2063492	2176.047619
673.2	2179.04
710.5	2179
571.0714286	2181.214286
534.9666667	2182.733333
701.4871795	2194.666667
733.1176471	2194.823529
749.4193548	2197.032258
767.0263158	2199.657895
764.4814815	2204.888889
577.5	2206.208333
730.6883117	2206.168831
739.08	2206.44
748.75	2207.75
704.15	2209.9
718.1428571	2209.785714
728.6470588	2214.137255
743.1388889	2214.027778
747.5	2214.5
514.7916667	2226.708333
512.1162791	2231.581395
707.5625	2243.114583
576.2380952	2245.142857
711.3181818	2247.590909
646.5882353	2250.117647
652.1086957	2251.608696
674.3529412	2251.176471
680.9090909	2254
659.1875	2255.8125
668.62	2255.48
675.9354839	2258.580645
658.9210526	2260.842105
665.4418605	2261.162791
673.5333333	2262.5
680.3421053	2263.052632
667.4074074	2264.518519
656.5	2267.75
673.0208333	2268.020833
662.6428571	2268.535714
649.8823529	2269.823529
667.6333333	2270.633333
673.4	2275.183333
613.7464789	2283.915493
608.1794872	2284.025641
672.6969697	2287.424242
671.3333333	2292.166667
553.4117647	2295.882353
636.6756757	2296.783784
518.25	2304.416667
615.576087	2301.804348
650.0833333	2305.333333
479.7857143	2307.821429
648.9	2310.1
675.4285714	2309.928571
474.2195122	2313.341463
489.1538462	2312.051282
650.0909091	2317.136364
624.8469388	2317.72449
474.4680851	2319.765957
657.9512195	2320.219512
754.0652174	2322.826087
681.78	2323.94
776.3584906	2327.226415
470.2272727	2328.022727
684.2542373	2329.322034
674.4673913	2330.543478
499.1568627	2333.941176
331.6304348	2331.782609
328.1923077	2335.192308
576.1176471	2332.588235
304.5135135	2333.864865
326.2666667	2342.08
302.5925926	2343.740741
332.3636364	2343.909091
488.8918919	2344.972973
498.44	2343.6
664.1748252	2342.783217
332.7222222	2349.111111
497.4444444	2349.259259
336.8571429	2351.071429
546.2068966	2356.724138
544.4864865	2361.513514
719.0588235	2362.764706
695.9666667	2368.633333
452.2439024	2371.414634
497.5333333	2374.266667
603.09375	2373.90625
597.2531646	2377.924051
509.6428571	2380.214286
604.8505747	2380.873563
460.7916667	2380.791667
472.0357143	2381.964286
507.3076923	2386.076923
759.5	2385.5
432.9459459	2388.135135
764.0344828	2390.62069
437.4705882	2392.705882
445.8	2392.688889
482.5	2393
616.4166667	2392.75
768.0555556	2393.833333
489	2395.5
449.1463415	2401.878049
451.3333333	2407.611111
708.28	2409.32
503.2413793	2410.758621
703.5882353	2411.176471
714.9166667	2412
508.0571429	2414.314286
503.2444444	2417.244444
721.4102564	2418.025641
510.3142857	2421.628571
714.7017544	2424.807018
720.1333333	2421.973333
514	2427.96875
726.1904762	2429.011905
510.5263158	2431.631579
522.6896552	2430.655172
718.640625	2432.90625
732.0327869	2433.606557
724.6666667	2436.222222
729.84	2440.12
746.5428571	2443.685714
730	2445.5
671.2631579	2549.736842
641.4166667	2553.5
711.6666667	2554.25
715.7826087	2556.130435
653.9444444	2559.277778
642.1206897	2562.517241
733.1428571	2560.666667
677.9652174	2564.947826
731.8823529	2565.411765
651.88	2567.1
705.3488372	2579.860465
760.0909091	2581.045455
701.6923077	2586.102564
761.5625	2585.6875
695.7777778	2588.444444
715.3846154	2590.615385
701.1428571	2592.285714
649.6744186	2595.255814
701.9	2598.9
667.5	2603.5
679.6666667	2627.111111
753.9285714	2627.142857
759.2631579	2630.868421
682.1829268	2631.658537
754	2635.86
751.8695652	2640
660.8	2642.3
665.2413793	2642.517241
748.1333333	2644.111111
755.7321429	2645.633929
699.4615385	2650.769231
659.8125	2649.479167
704.4210526	2651.026316
654.8571429	2652.714286
663.0793651	2655.952381
652.2727273	2659
659.5	2659.5
663.2033898	2663.677966
588.3809524	2664.285714
619.1102362	2665.401575
651.5263158	2665.486842
642.6811594	2665.57971
611.2931034	2665.568966
672.1538462	2667.461538
586.9230769	2669.230769
598.8181818	2669.233766
606.6615385	2669.923077
635.8478261	2668.347826
657.974359	2670.717949
644.0909091	2672.454545
603	2673.8
611.4722222	2675.305556
663.3627451	2674.029412
653.5384615	2678.384615
578.9090909	2680.181818
640.0779221	2679.623377
664.0108696	2681.076087
640.173913	2686
598.862069	2684.534483
583.6585366	2688.902439
603.1428571	2690.928571
591.5555556	2692.111111
629.75	2699.85
640.1666667	2700.4
1056.127273	2786.345455
1039.5	2787.8125
1047.480769	2788.384615
1040.826087	2792.652174
1040.96	2797.68
1036.727273	2797
1020.906977	2798.976744
1037.175	2803.95
1028.083333	2804.430556
1044.676471	2805.647059
1051.974359	2808.282051
1037.833333	2807.944444
1043.385965	2811.912281
1032.2	2814
1055.125	2813.875
1017.706667	2843.546667
1017.038462	2850.269231
638.1805556	2877.111111
628.6458333	2879.854167
812.6190476	2878.47619
758.4210526	2880.315789
653.9295775	2881.633803
806.6428571	2881.285714
762.1111111	2882.444444
656.5625	2887.625
753.2413793	2887.827586
733.875	2888.6875
820.2553191	2891.787234
742.975	2891.925
732.3013699	2894.794521
738.4782609	2894.347826
847.68	2893.84
669.5	2896.3
758.15	2895.916667
673	2898.2
611.7258065	2897.790323
655.8157895	2901.236842
879.4545455	2901.909091
611.2368421	2903.565789
676.875	2903.9
884.0142857	2905.728571
651.125	2906.75
603.5333333	2908.266667
616.5777778	2908.177778
609.7021277	2909.851064
670.875	2910.125
696.1794872	2910.666667
878.3235294	2911.176471
604.6111111	2912.888889
690.1794872	2911.974359
676.7777778	2913.444444
883.9166667	2915.0625
892.6129032	2914.967742
687.8958333	2917.375
671.4285714	2918.857143
888.875	2919.125
602.0967742	2920.532258
681.7575758	2921.363636
875.5	2923
676.3684211	2923.736842
691.962963	2925.222222
830.175	2924.75
826.2857143	2928.095238
886.6511628	2927.604651
880.0526316	2929.263158
830.8095238	2930.619048
839.7741935	2929.790323
848.7941176	2930.352941
873.6774194	2933.580645
886.2571429	2933.6
835.6547619	2938.154762
845.4	2934.657143
850.125	2937.0625
859.1666667	2934.125
868.5333333	2934.266667
902.5789474	2934.947368
854.3611111	2936.583333
878.9375	2935.84375
602.6666667	2935.952381
864.0909091	2937.5
885.78	2939.3
842.7241379	2937.827586
893.4864865	2937.027027
815.877193	2940.350877
904.7272727	2940.136364
841.8484848	2942.090909
718.8823529	2942.117647
875.0746269	2941.761194
889.7142857	2943.214286
863.25	2942.1875
867.4140625	2945.1875
900.1833333	2943.9
788.8347826	2948.434783
600.8857143	2950.428571
735.1891892	2951.432432
867.2982456	2952.578947
729.6086957	2953.826087
886.0967742	2957.741935
622.2857143	2958.690476
865.1111111	2957.844444
617.2333333	2961.566667
731.8656716	2961.791045
881.6	2961.9
863.7826087	2963.23913
856.0645161	2965.774194
860.8846154	2968.653846
733.1875	2971.8125
737.9130435	2971.956522
856.5	2972.5
871.8461538	2975.557692
877.875	2977.083333
738.6052632	2977.973684
850.020202	2976.393939
822.6190476	2995.047619
775.2592593	2996.407407
810.3636364	2998.545455
817.4920635	3001.650794
830.5526316	3003.763158
837.3076923	3002.942308
811.1212121	3004.30303
892.9090909	3005.090909
821	3007.675
835.8484848	3008.484848
817.4590164	3014.057377
840.372093	3010.860465
781.7272727	3013.781818
718	3016
778.238806	3021.253731
892.4181818	3023.854545
784.1875	3027.375
904.7272727	3027.045455
776.8181818	3028.363636
899.4516129	3027.516129
544.4074074	3030.518519
769.7272727	3033.045455
780.7058824	3033.490196
786.137931	3036.482759
813.7195122	3035.853659
842.4367816	3040.862069
821.4146341	3038.853659
761.5375	3042.4875
873.4680851	3044.297872
754	3046.90625
813.2682927	3045.853659
922.3191489	3049.276596
811.1176471	3051
815.5384615	3050.615385
639.2777778	3053.055556
632.5238095	3054.452381
916.8214286	3053.785714
834.4659091	3053.215909
843.4347826	3054.304348
626	3056.8
807.2417582	3056.791209
801.0909091	3057.909091
868.119403	3067.440299
895.483871	3064.16129
887.5416667	3065.875
877.2631579	3066.824561
892.5789474	3070.578947
907.4230769	3070.826923
880.9541284	3071.779817
900.0412371	3071.484536
902.875	3080.125
755.1875	3082.1875
893.2765957	3082.148936
872.5909091	3085.227273
887.2873563	3088.333333
773.36	3088.76
894.3888889	3090.203704
816.5757576	3095.242424
882.25	3095.625
905.6578947	3094.605263
882.65625	3100.71875
907.4516129	3099.924731
896.3529412	3102.882353
887.7	3104.55
893.9230769	3106.615385
913.1282051	3107.910256
829	3109
898.9032258	3109.354839
890.2077922	3112.415584
902.74	3108.04
907.1351351	3109.621622
883.5272727	3110.109091
896.4705882	3116.455882
909.2647059	3115.470588
809.9589041	3116.260274
880.1363636	3116.022727
824.5744681	3115.159574
825.7580645	3121.548387
629.4	3122
857.2307692	3121.230769
816.3777778	3121.155556
774.4358974	3122.602564
780	3120.946429
860.0952381	3123.285714
806.6785714	3125.178571
812.5384615	3124.641026
631.7	3126.5
769.3478261	3125.826087
819.3333333	3127
625.0238095	3127.595238
829.2580645	3126.806452
863.173913	3127.434783
873.0222222	3127.888889
802.4054054	3129.567568
628.5909091	3131.318182
817.875	3130.875
843.7530864	3128.259259
836.295082	3129.606557
830.6891892	3135.243243
782.8118812	3136.405941
799.7916667	3136.041667
839.7	3135.15
821.6515152	3139.166667
827.4583333	3139.875
839.6	3140.244444
833.3157895	3142.526316
824.1368421	3148.136842
840.0681818	3146
830.8695652	3146.608696
828.0454545	3151.590909
834.1690141	3151.492958
633.2083333	3149.194444
816.9032258	3150.967742
802.2833333	3154.266667
787.3571429	3154.428571
638.34375	3155.25
827.826087	3156.956522
611.3846154	3158.384615
821.0666667	3160.4
824.7222222	3162.527778
807.5	3166.5
827.2954545	3171.011364
627.5384615	3173.846154
795.0612245	3173.77551
802.6111111	3174.722222
838.3157895	3175.736842
790.6153846	3177.179487
615.4193548	3177.870968
813.3333333	3178.533333
658.0869565	3178.565217
820.1111111	3179.333333
630.1358025	3179.444444
850.952381	3179.52381
619.0909091	3181.454545
791.3181818	3183.340909
844.8695652	3182.271739
613.8043478	3187.565217
632.5925926	3187.481481
808.5555556	3188.888889
618.8846154	3188.307692
663	3188.741935
618.7272727	3192.636364
667.9183673	3190.673469
626.4767442	3191.406977
613.5151515	3194.393939
802.3846154	3195.615385
623.3370787	3200.775281
652.4316547	3198.323741
813.1965812	3196.153846
630.8767123	3199.452055
671	3199.970588
615.4754098	3201.032787
665.288	3201.992
647.1071429	3208.482143
619.7052632	3209.610526
618.625	3217.541667
678.3684211	3216.947368
657.7027027	3219.918919
653.4794521	3219.424658
642.9285714	3223.678571
648	3221.5
680.6428571	3224.714286
634.5526316	3224.157895
650.8666667	3227.666667
687.7083333	3227.666667
682.6666667	3230.484848
643.2653061	3238.306122
650.0222222	3242.577778
641.5	3249
611.6764706	3252.029412
606.0357143	3255.107143
611.2727273	3258.454545
604.9545455	3260.727273
648	3266.235294
669.0384615	3273.076923
678.7358491	3279.377358
674.6153846	3282.384615
663.8461538	3284
646	3285.5
870.6363636	3288.522727
844.4807692	3295.192308
855.14	3293.41
862.0731707	3297.658537
848.7878788	3299.242424
859.2068966	3303.224138
852.4782609	3303.652174
844.9210526	3304.605263
617.875	3308.041667
848.625	3308.666667
855.244898	3312.55102
810.25	3311.652174
864.0588235	3313.073529
899.1	3315.875
883.2682927	3317.878049
799.2727273	3320.363636
891.025641	3319.025641
898.25	3320.083333
841.4833333	3323.6
856.8	3323.5
890.5714286	3324.47619
900.6590909	3324.5
802.8285714	3324.657143
834.44	3324.92
896.6666667	3326.47619
884.3603604	3327.936937
892.8510638	3330.276596
905.65	3327.675
825.8125	3332.875
899.4716981	3332.471698
829.3863636	3334.818182
888.1818182	3335.090909
787.3207547	3336.528302
904.4634146	3338.097561
882.5227273	3338.988636
889.4468085	3340.617021
895.3131313	3342.30303
912.0454545	3342.272727
783.0625	3343.25
925.2666667	3344.266667
878.5294118	3344.382353
910.7173913	3348.478261
779.7843137	3349.176471
785.8888889	3349.5
819.8688525	3347.57377
835.8099174	3349.710744
828.875	3350.515625
889.8181818	3350.818182
845.8666667	3351.026667
880.2222222	3351.444444
822.6730769	3353.788462
787.0731707	3354.853659
859.7	3353.833333
874.1132075	3356.113208
841.1454545	3357.690909
866.1025641	3353.538462
883.0961538	3359.153846
853.3473684	3357.957895
912.952381	3358.761905
861.0434783	3360.673913
845.9733333	3362.746667
927.5853659	3363.609756
867.8121212	3365.648485
877.1489362	3365.255319
851.0769231	3368.358974
741.3181818	3381.727273
923.6444444	3387.555556
917.3333333	3389.333333
739	3391.692308
928.1529412	3392
902.5	3395.5
806.4516129	3404.935484
838.1111111	3409.666667
812.5384615	3409.307692
754.3684211	3417.842105
832.2409639	3416.39759
818.6190476	3422.428571
827.5	3427
859.5	3426.5
736.2875	3427.3875
869.875	3432.708333
770.1470588	3432.764706
764.75	3434.607143
837.2105263	3434.394737
752.5	3435.777778
787.9130435	3438.652174
923.8	3440.8
799.7977528	3444.269663
807.9	3443.8
871	3443.181818
814.6444444	3444.644444
820.4883721	3444.44186
892.6470588	3449.705882
898.3333333	3450.125
782.05	3452.016667
866.9824561	3452.666667
819.5	3452.5
714.3829787	3455.234043
749.5223881	3454.940299
791.1666667	3455.333333
909.1585366	3454.353659
795.2641509	3459.962264
809.0147059	3456.897059
887.3571429	3457.904762
898	3458.587413
811.8431373	3461.941176
909.271028	3463.766355
787.7571429	3463.614286
799.5420561	3464.672897
826.5909091	3465.818182
807.5052632	3469.168421
820.7721519	3465.670886
873.9333333	3468.6
879.5555556	3468.777778
898.1568627	3466.72549
886.7619048	3465.31746
793.1176471	3470.823529
815.8297872	3471.191489
903.1428571	3469.785714
918.40625	3472.25
864.7647059	3473.235294
869.625	3474.458333
892.538961	3475.62987
907.5714286	3472.571429
728.6483516	3472.21978
744.7	3475.7
857.7631579	3475.184211
900.75	3478.354167
925.5882353	3476.411765
723.325	3478
880.574359	3476.938462
714.5	3482
733.5846154	3480.738462
729.475	3484.9
779.5	3484.5
878.8947368	3484.157895
851.9583333	3485.9375
873.0952381	3487.206349
716.4714286	3487.357143
722.3	3488.12
857.9545455	3487.795455
883.8275862	3489.784483
866.6582278	3489.025316
708.5890411	3494.671233
796.8	3494.38
899.8518519	3494.37037
715.9142857	3495.371429
890.4791667	3494.916667
697.9821429	3494.964286
868.2758621	3495.827586
877.2830189	3495.90566
871.5769231	3499.461538
812.9473684	3499.807018
721.4418605	3502.55814
893.3684211	3502.421053
788.0204082	3502.469388
782.2857143	3504.904762
812.9459459	3505.945946
821.2564103	3507.564103
842.084507	3508.535211
850.3422819	3506.785235
804.9166667	3508.683333
878.9620253	3504.727848
886.2727273	3509.045455
891.5714286	3510.43956
811.5454545	3511.659091
830.8813559	3512.389831
867.5797872	3510.781915
734.1	3515.733333
844.8095238	3515.857143
877.9054054	3514.72973
741.875	3517.410714
812.5555556	3517
824.4354839	3515.532258
852.4545455	3516.883117
708.3125	3515.75
837.4655172	3514.258621
862.1269841	3518.031746
832	3519.322581
736.2631579	3520.947368
884.9318182	3521.242424
870.3513514	3522.540541
696.5	3521.8
715.3414634	3519.091463
741.6190476	3522.285714
818.2330827	3519.81203
840.921875	3520.796875
847.2857143	3522.571429
830.3653846	3523.653846
854.1212121	3524.015152
704.7352941	3524.426471
867.40625	3529.208333
822.2631579	3529.078947
836.7027027	3526.891892
872.25	3528.25
877.5	3526.511364
696.8153846	3530.415385
705.1086957	3531.695652
829.8666667	3529.133333
844.9285714	3528.380952
771.7894737	3530.105263
859.0319149	3529.244681
700.9230769	3533.153846
720.9124088	3530.671533
711.7355372	3534.950413
730.0952381	3532
836.1041667	3532.0625
871.7272727	3534.909091
874.6842105	3532.947368
850.8478261	3533.673913
830.2608696	3536.217391
840.9777778	3534.911111
846.5	3534.5
823.2666667	3536.555556
864.4375	3537.65625
884.3150685	3535.39726
855.7763158	3537.881579
878.0882353	3536.617647
784.3684211	3537.842105
728.0967742	3539.021505
843.8888889	3539.583333
871.6046512	3541.232558
828.9148936	3543.489362
835.5333333	3542.626667
881.3333333	3543.305556
857.5454545	3545.488636
844.9508197	3546.795082
876.5581395	3546.930233
845.1351351	3551.756757
791.5169492	3547.957627
751.325	3551.9
727.5783133	3552.795181
887.0882353	3552.323529
789.6	3555.12
811.9607843	3552.235294
825.2073171	3553.109756
837.0917431	3555.733945
814.7692308	3558.076923
820.35	3556.4
891.7941176	3555.264706
781.5135135	3555.716216
808.0188679	3558.150943
880.6145833	3554.833333
733.4606742	3559.011236
745.5142857	3558.057143
802.1666667	3559.904762
771.4651163	3557.802326
778.4545455	3561.363636
795.2380952	3558.404762
884.6	3560.7
785.8965517	3561.396552
715.8666667	3562.266667
760.3694268	3561.089172
816.2884615	3563.076923
770.4155844	3566.298701
885.1759259	3566.555556
795.5	3565.40625
828.0307692	3563.846154
779.175	3567.725
720.9547511	3565.683258
805.7083333	3568.652778
788.3658537	3569.47561
797.5625	3571.4375
837.24	3571.8
730.6851852	3571.740741
787.9487179	3575.038462
714.7	3574.8
775.5714286	3574.678571
801.8979592	3574.857143
810.9473684	3574.578947
719.8666667	3576.233333
729.9051724	3579.724138
759.755102	3579.632653
787.1025641	3579.538462
776.2	3580.9
780.54	3581.98
796.3333333	3580.352941
803	3584.04
807.3030303	3583.30303
717.5	3586
785.5945946	3585.594595
791.1578947	3585.815789
723.6315789	3586.710526
796.9148936	3588.021277
867.6818182	3588.272727
735.8717949	3587.444444
779.8125	3590.203125
720.3478261	3591.652174
877.025641	3590.205128
787.5714286	3592.685714
878.6060606	3594.363636
796.8727273	3593.890909
792.7777778	3596.833333
872.2	3597.1
828.6461538	3595.676923
837.5357143	3598.196429
832.7209302	3603.511628
825.9210526	3601.894737
814	3601.642857
860.6	3600.266667
756.7857143	3603.5
792.5454545	3603.636364
805.981982	3605.432432
832.2553191	3609.297872
824.1267606	3608.084507
802.9333333	3609.966667
838.4242424	3610.575758
817.1395349	3610.302326
757.5333333	3614.383333
798.8333333	3612.666667
847.2894737	3615.486842
813.2264151	3617.132075
807.2363636	3616.345455
824.0943396	3616.981132
771.5	3617.5
832.4193548	3616.580645
831.04	3622.2
771.5	3622.272727
825.6	3623.022222
836	3630.055556
820.8	3630.25
800.4444444	3632.022222
828.0909091	3635
817.8114754	3637.614754
829.4285714	3641.380952
823.2133333	3644.426667
828.8139535	3647.697674
813.6545455	3648.127273
801.0384615	3744.346154
809.7272727	3745.818182
797.8965517	3750.172414
851.9240506	3751.037975
882.5529412	3749.882353
873.673913	3751.021739
801.1351351	3753.945946
806.6071429	3752.321429
877.85	3756.05
906.14	3756.3
791.8372093	3758.627907
848.3636364	3757.545455
785.7368421	3759.157895
892.443038	3757.063291
837.4042553	3761.787234
899	3760.804878
828.9186992	3763.788618
881.3428571	3762.161905
907.4782609	3763.391304
890.7272727	3764.5
896.5625	3765.3125
902.0555556	3764.916667
838.3636364	3766.909091
853.5714286	3767.095238
873.4230769	3766.384615
817.887931	3765.448276
835.4	3768.7
885	3768.5
897.3207547	3771.150943
879.1546392	3772.020619
781.4705882	3771.529412
816.0212766	3773.574468
889.0465116	3770.651163
908.2073171	3769.597561
902.48	3773.92
830.0967742	3774.419355
837.3285714	3775.442857
889.5813953	3776.186047
895.5294118	3777.117647
908.9310345	3776.827586
900.0571429	3781.214286
779.3240741	3779.777778
765.9148936	3781.914894
772.8852459	3782.295082
912.3617021	3782.361702
762.0952381	3784.952381
788.9642857	3783.478571
809.4102564	3786.064103
889.64	3785
906.704918	3787.229508
769.1363636	3789.409091
797.2051282	3788.025641
898.880597	3787.731343
792.15	3791.15
890.4745763	3790.610169
762.9473684	3792.723684
788.1578947	3793.368421
771.0833333	3797.166667
809.7142857	3794
851.2682927	3795.219512
895.4878049	3795.829268
804.0392157	3792.215686
804.3220339	3800.898305
814.5	3798.439394
846.5833333	3797.875
797.7	3801.525
763.4347826	3801.673913
836.7794118	3802.794118
893.974359	3803.076923
806.6774194	3807.451613
811.96	3804.4
875.4714286	3803.885714
768.2903226	3804.548387
880.875	3805.416667
870.5636364	3808.218182
814.173913	3809.597826
841.2027027	3811.351351
819.4576271	3816.194915
848.5714286	3814.357143
760.1034483	3816.241379
884.7333333	3815.15
802.2837838	3817.689189
810.1296296	3819.111111
881.7571429	3819.8
774.5	3819.526316
843.9074074	3821.37037
827.1081081	3821.621622
791.2608696	3822.543478
796.3783784	3823.864865
783.3076923	3824.769231
829.7352941	3826.176471
883.1836735	3826.081633
876.9310345	3826.793103
776.8913043	3829.521739
791.9111111	3829.377778
835.1714286	3828.414286
757.8028169	3829.71831
843.6153846	3829.333333
849.96	3831.6
955.1578947	3831.973684
766	3830.925
960.7777778	3833.037037
769.9701493	3836.492537
761.5522388	3837.119403
776.4761905	3836.619048
948.8863636	3835.761364
789.2962963	3835.314815
833.7954545	3837.818182
851.375	3837.525
897.0714286	3839.857143
958.0731707	3839.829268
776	3840.5
785.2079208	3840.059406
771.3761468	3845.981651
870.5660377	3846.981132
960.0208333	3845.979167
779.2	3847.377778
962.5217391	3849.521739
967.8333333	3849.5
789.3577982	3850.899083
963.5263158	3853.368421
796.4852941	3855.205882
956.4358974	3852.717949
873.675	3856.25
819.2	3858.266667
964.6448598	3859.616822
830.1666667	3861.555556
823.9411765	3862.980392
967.5128205	3865.512821
882.2288136	3866.542373
874.0232558	3866.325581
887.75	3870.930556
821.4929577	3870.366197
892.7777778	3874.25
879.1162791	3875.465116
894.5263158	3878.131579
930.2333333	3878.033333
911.4807692	3881.076923
923.4583333	3878.958333
904.1702128	3880.723404
939.4285714	3879.47619
819.4285714	3880.714286
857.4	3882.1
918.4761905	3883.142857
844.8857143	3882.371429
877.4	3883.25
897.08	3882.92
948.8363636	3883.490909
976.8723404	3885.404255
828.147541	3884.868852
885.9322034	3885.559322
892.8	3885.8
841.8586957	3887.532609
942.5853659	3886.292683
972.9166667	3886.833333
923.2391304	3886.826087
928.483871	3888.032258
957.0761905	3886.752381
835.5263158	3888.894737
913.9605263	3890.184211
822.4318182	3888.454545
853.304878	3887.390244
932.9591837	3889.55102
816.4857143	3891.857143
888.2280702	3892.508772
838.9583333	3893.583333
827.9411765	3893.352941
952.0980392	3892.862745
833.0491803	3894.327869
903.5384615	3895
958.4565217	3896.23913
873.0714286	3896.357143
945.984127	3894.571429
824.9	3897.425
846.5494505	3896
860	3897.95
951.2727273	3899.969697
840.09375	3900.8125
919.6111111	3900.222222
955.7142857	3900.571429
833.1538462	3901.307692
825.9393939	3904.060606
852.0652174	3903.26087
969.2333333	3904.55
809.3552632	3906.552632
836.6777778	3909.355556
862.7711864	3906.423729
855.3	3909.26
945.6538462	3910.211538
940.40625	3910.25
957.0625	3911
812.7567568	3912.189189
917.8666667	3912.533333
961.36	3914.12
828.6666667	3913
865.6666667	3916.264368
850.0983607	3915.098361
800.2368421	3916.236842
957.0212766	3917.425532
970.4222222	3914.222222
831.2881356	3918.745763
964.8780488	3920.621951
836.8108108	3919.243243
984.3939394	3920.878788
823.6585366	3918.463415
825.7	3926.533333
978.8571429	3925.928571
850	3930.8
828.1666667	3935.25
916.1290323	3935.064516
934.3084112	3936.878505
833.9333333	3937.933333
919.5416667	3937.875
939.5225225	3947.459459
944.8571429	3941.214286
910	3944.52
915.152381	3943.590476
920.1282051	3947.384615
833.0434783	3947.608696
945.2352941	3948.176471
930.4528302	3950.471698
917.6666667	3953.683333
924.9090909	3954.454545
913.2692308	3958.153846
918.2391304	3960.369565
829.6153846	3961.384615
854.8205128	3963.076923
919.6585366	3966.512195
925.5223881	3962.164179
949.3571429	3964.714286
928.6818182	3966.545455
933.2739726	3967.205479
847	3971.708333
853.4285714	3969.545455
928.3015873	3973.952381
859.75	3973.673077
888.9677419	3971.709677
906.38	3982.1
892.047619	3981.866667
958.125	3990.875
