X	Y
0	0
0	5143
5143	0
5143	5143
1149.204545	272.7954545
1140.125	277.875
1150.421053	277.8947368
1182.59375	280.890625
1174.355556	282.8888889
1167.434783	283.3913043
1161.670588	284.9294118
1181.052632	286
1146.125	287.125
1150.509091	285.5454545
1172.121212	287.1818182
1167.44	289.48
1145.676471	291.5588235
1157.552239	291.4776119
1164	292.8
1104.818182	293.3636364
1145.789474	297.0526316
1091.5	300.1666667
1098.4	299.6333333
1102.488372	301.627907
1180.848485	302.1515152
1147.125	302.275
1135.263158	304.6315789
1141.210526	304.5087719
1175	307
1095.893617	307.4893617
1102.666667	309.6296296
1181.391304	308.6956522
1106.727273	312.3636364
1134.463415	311.9512195
1122.888889	314.7222222
1108.676471	317.0294118
1121.310345	319.7931034
1178.044872	316.6282051
963.4705882	320.6470588
1130.678571	320.5714286
1149	322.3636364
1173.96	322.24
1137.798077	322.4807692
1186.435897	323.4358974
1091.074074	325.962963
952.0909091	325.3636364
962.3026316	325.6052632
969.5	327
1171.135135	326.2162162
1177.672131	328.2622951
1135.733333	328.4666667
1129.315789	328.9210526
967.5128205	330.9230769
1143.273684	330.5473684
1130.084337	334.2289157
1136.26087	337.3623188
1100.269231	336.1923077
1115.5	337.25
1171.495575	335.8849558
1199.5	338
1091.839161	335.8111888
1143.321101	341.7431193
1098.857143	343.1904762
1117.333333	342.8095238
1127.592105	344.3157895
1123.375	343.4166667
1134.052632	343.7368421
1170.774194	342.9677419
1188.803738	343.8224299
1148.869565	345.7826087
1169.846154	346.7948718
1110.785714	345.4857143
1161.701923	343.6923077
1120.225806	346.9677419
1157.053333	347.56
1189.454545	350.5151515
1134.177083	350.7708333
1211.692308	349.0769231
1106.296296	350.5555556
1123.5625	351.59375
1175.93617	352.1914894
1117	350.3846154
1151.027027	351.5675676
1156.888889	352.8888889
1206.583333	352.25
1112.21875	353.4375
1143.164384	352.1506849
1214	353.7894737
1120.945652	356.923913
1155.178571	356.1071429
1107.923077	355.9230769
1127.235294	355.4705882
1144.430233	358.8604651
1168.341772	355.7721519
1190.465753	356.8630137
1133.12	357.44
1090.455172	357.2137931
1205.027972	359.2727273
1104.875	359.46875
1111.537037	360.8148148
1173.392157	360.5490196
1116.557692	363.5
1131.763636	362.1272727
1160.175439	359.8947368
1150.439394	363.9242424
1091.817308	366.0288462
1169.833333	366.4166667
1221.375	365.4375
1163.714286	368.3214286
1156.678571	368.1071429
1121.796296	367.4444444
1129.315217	368.8043478
1177.387097	371.7580645
1141.758242	370.1923077
1187.5	371.8333333
1134.666667	374.1111111
1211.62069	374.7586207
1191.096774	376.9677419
1099.639344	378.5245902
1094.179487	380.4358974
1184.5	379.7
1113.73913	383.1449275
1195.230769	382.3461538
1108.555556	381.9166667
1120	383
1172.777778	382.4814815
1098.52	386.28
1103.833333	384.3611111
1144.44186	383.3372093
1179.194444	385.3055556
1129.86747	386.2891566
1165.828571	386.0285714
1126.714286	390.1190476
1180.909091	389.1818182
1092.666667	388.9215686
1101.836735	390.9591837
1138.883333	390.5333333
1169.854839	390.9516129
1193.272727	392.6363636
1161.532258	393.5967742
1143.47619	394.2857143
1108.956897	394.0086207
1096.155172	396.3448276
1136.431818	396.7954545
1143.605263	399.5
1165.111111	398.6666667
1159.454545	399.6363636
1102.431034	400.3448276
1190.75	400.5625
1130.9	401.25
1136.291667	401.6666667
1120.615385	402.4615385
1101.344828	406.8275862
1139.206897	404.9655172
1184.66129	404.9677419
1178.944444	407.1666667
1131.333333	408.5
1081	409.1578947
1095.56962	410.0506329
1158	411
1190.041667	410.8333333
1087.843137	410.5882353
1091.915254	416.6440678
1117.221675	414.4039409
1083.275	420.725
1135.75	422.6985294
1101.666667	426.125
1200.588235	426.0196078
1187.012658	424.2405063
1097.882353	430.0196078
1129.202703	429.6486486
1089.769231	429.2403846
1188.045455	431.2727273
1193.617021	430.3617021
835.25	433.3333333
1082.9375	432.125
1042.95	433.4
1080.45	435.35
1102.956522	434.5869565
843.5	435.5
1068	434.625
1075.142857	434.3928571
1122.829787	434.4042553
1094.090909	436.2727273
1132.833333	435.3888889
1062.353659	439.6829268
1111.242105	436.5
1056.3125	438.625
1098.525	439.375
1118.9375	439.59375
1127.067797	440.7457627
1065.307692	443.3076923
1186.280576	439.2086331
1085.017699	441.7522124
1166.68	442.32
1171.428571	440.1587302
1177.783784	440.027027
1075.495146	446.1553398
1124.071429	444.5714286
1068.25	446.2
1173.727273	445.969697
1053.690141	445.5633803
1095.337349	445.6626506
1047.235294	444.5882353
1130.285714	447.6428571
1161.473684	446
1166.27907	448.7674419
1177.253968	449
1061.695652	448.8043478
1104.238095	446.8095238
1117.884615	446.4423077
1157.066667	449.3333333
1047.878049	450.8292683
1110.830189	449.1886792
1122.886792	450.3207547
1068.055556	451.8888889
1075.217391	455.5434783
1115.512821	454.2307692
1126.826087	452.3913043
1169.5	453.2916667
1079.083333	454.8333333
1105.459459	455.7837838
1067.428571	456.5428571
1097.409396	456.8255034
1132.483871	453.2258065
1182.5	455
1119.956522	457.3478261
1061.488889	457.4777778
1110.790323	458.7096774
1125.769231	458.5128205
1158.9	458.5
1052.181818	459.8636364
1187.888889	461.5925926
1061.125	465
1096.837838	467.0540541
1046.107692	467.4307692
1134.294118	469.2647059
1028.178571	469.2857143
1037.675	469.95
1048.636364	472.5454545
1037.407407	475.2592593
1042.433333	474.2
1032.808511	475.7446809
1134.125	476.5
1049.103448	477.4310345
1019.75	478.0357143
1026.311688	477.6233766
1016.461538	482.3076923
1129.534483	482.6551724
1121.378947	487.8842105
1184.483871	489.4193548
1110.212766	494
1103.416667	495.75
1126.083333	493.75
1118.672414	497.7413793
1128.636364	498.0681818
1011.913043	498.7391304
1097.357143	500.6071429
1105.092105	500.4473684
1091.588235	502.1176471
1036.26087	504.5652174
1113.8	502.6
1010.891892	505.2972973
1041.185185	504.2037037
1015.745763	504.8813559
1089.3	506.1
1062.333333	509.5
1081.878788	508.0454545
1099.088235	507.2352941
1026.241379	509.3448276
1092.169014	513.3380282
1102.670886	513.1518987
1034.24	512.32
1076.540541	516.2432432
1083.081967	515.9016393
1031.1	517.05
1088.555556	516.9444444
1022.275229	515.4036697
1098.307692	520
1034.851485	522.3267327
1012.142857	520.0816327
1026.055556	521.8055556
1029.526316	523.4736842
1139.724638	523.4927536
1019.321429	522.8928571
1097	523.9285714
995.7714286	526.1714286
1010.725806	525.8870968
1101.963636	525.9272727
1017.638298	528.3191489
1062.213115	527.0655738
1068.116667	524.7666667
1050.923077	526.7692308
1025.487179	529.1025641
1048.5	528.25
1086.619048	528.5714286
993.3333333	530.1111111
1098.916667	532.6666667
1083.813953	535.0813953
1032.548387	538.2580645
1027.760563	536.2253521
1131.308824	539.2794118
1077.483333	541.85
1028.089744	545.7307692
1042.880952	544.0714286
1134.043478	543
1036.78125	544.5
1087.5	545.5
1020.086957	545.5652174
1084.136364	548.8181818
1005.95	549.8
1076.214286	550
1024.173913	551.8695652
982	550.75
1089	553.9230769
1027.189189	554.8108108
1075.675676	554.7837838
985.3055556	556.4444444
1099.5	556.3333333
1070.45	556.6
1081.939394	555.030303
1021.310345	557.1034483
1066.764706	559.8823529
1078.072581	563.9032258
1084.857143	560.2857143
1089.955882	561.9558824
1123.678571	562.8214286
1068.285714	565.952381
1127.5	566.5
1094.5	566.5
1044.461538	568.5769231
1091.368421	569.3684211
1115.363636	569.7272727
1120.318182	568.8484848
1017.758621	571.2183908
1069.9375	570.71875
1052.581395	571.0465116
1060.857143	570.5584416
1110.593023	571.4302326
1009.30303	570.2727273
1127.316667	573.8166667
1012.95	574.4
1072.606061	574.6060606
1077.153846	575.5384615
1005.947368	575.5394737
1040.814159	575.2389381
1067.261538	577.2769231
1035.311111	579.4888889
1050.056604	578
1023.631579	578.7368421
1119.078947	578.1578947
1001.123288	579.7534247
1015.795699	580.9247312
1073.555556	583.6296296
1027.038462	584.6923077
1008.227273	585.5454545
1042.018182	585.6272727
1109.632353	587.5
1098.848485	587.7878788
1074.2	589.7
1029.857143	589.4
1042	592.2833333
1102.755102	592.7755102
1008.511905	593.202381
1032.888889	593.6825397
1041.9375	598.1666667
1035.130435	599.2608696
1040.04	602.52
1053.727273	611.6363636
927.98	640.98
931.8974359	643.4615385
923.4411765	650.9411765
933.7913043	650.1826087
959.2727273	652.5454545
934.4	656.9333333
926.2962963	659.1481481
937.4772727	659.5909091
920.4242424	665.5757576
916.4642857	667.8571429
926.05	669.45
912.7083333	669.125
919.1351351	674.8108108
910.3943662	674.7183099
913.06	680.2
903.1272727	681.0727273
918.7592593	684.212963
908.8266667	686.92
923.4137931	684.7931034
878.2222222	686.3888889
901.9444444	689.8611111
884.1940299	693.0298507
912.56	692.88
952.3823529	691.2941176
879.4545455	695.3636364
881.5	700
869.4666667	701.8
938.8095238	703.047619
918.0909091	708.6363636
949.3888889	713.5277778
1144.5	751.3333333
1102	758.890625
1144.470588	763.3529412
1108.913793	763.2241379
1136.82	765.02
1107.244444	768.5333333
1107.388889	772.7777778
1126.133333	773.1333333
1103.294118	775.5
1111.433962	776.4339623
1138.25	776.5833333
1122.74026	779.7012987
1118.089286	782.6428571
1130.666667	786.1111111
1046.714286	813.3809524
1048.75	817.3
1021.111111	817.3333333
1060.979381	820.0309278
1053.152174	823.4347826
1074.2	822.8
597.5666667	826.6
1022.071429	827.202381
1062.892857	829.4821429
1070.227273	828.9090909
1075.325581	829.1860465
1054.736842	830.0789474
1046.121212	828.8484848
975.8823529	832.5882353
1034.538462	832.4230769
1050.777778	833.3333333
1099.267857	835.5178571
1039.82716	836.1851852
1020.655172	835.2758621
1055.97619	836.5
1061.058824	836.3235294
1014.074074	835.2592593
1050.255814	838.7906977
1017.764706	840.3137255
1006.741176	839.4352941
960.0285714	839.3142857
1025.225806	842.1290323
1044.357143	841.0714286
959.1935484	843.9677419
975.1578947	843.2631579
1066.538462	842.3846154
969.61	840.31
1010.506667	845.4666667
1038.565217	842.9347826
977.0857143	846.6
1038.622951	848.9344262
1053.033898	845.7966102
1071.492958	848.915493
1001.61	848.54
1045.866667	848.2444444
964.0222222	848.2222222
1059.041667	847.0555556
960.5208333	852.7083333
969.5211268	851.6338028
988.0357143	852.6071429
1038.352941	854.8823529
1043.517241	854.3448276
1048.354839	854.9032258
1100.551724	855.5862069
950.9423077	854.8269231
986.8	857.4571429
1061.637097	858.2258065
977.3461538	857.6538462
955.2363636	858.5818182
1038	857.8461538
1053.831169	856.3636364
969.0657895	859.3289474
991	860.173913
1043.478261	859.0869565
958.9714286	861.5142857
1048.903226	861.4193548
949.826087	865.1086957
1040.405797	864.1594203
1049.30137	866.7808219
1214.894737	865.6315789
995.1919192	866.6565657
951.8571429	868.7142857
1051.642857	871.8571429
1196.92	871.12
1105.25	872.25
1019.411765	874.1176471
1195.407407	875.7037037
971.7307692	876.5769231
1075.52	877.08
986.8055556	876.1944444
1105.244898	878.2857143
974.875	879.875
1081.468085	879.2765957
1200.705882	879.7647059
989.7154472	881.5609756
1089.425743	884.8019802
964.5	885.3823529
989.8	888.32
967.9130435	888.1304348
1105.517857	886.8392857
962.1666667	890.2916667
1024.421053	888.3947368
1045.12	889.4
975.9172414	888.337931
1035.761538	892.3923077
1070.285714	889.5714286
1083.85	889.4
1108.9375	891.4375
1112.411765	890.1176471
1028.888889	890.2222222
967.25	892.25
985.3428571	890.7142857
959.2258065	893.6129032
970.8333333	893.3888889
1074.972973	892.3783784
1103.394737	892.5263158
990.3650794	895.7142857
965.6862745	896.5294118
1006.282051	895.8205128
1077.529412	895.7647059
1089.36	897.088
998.1219512	898.195122
1082.592593	899.3148148
973.6	899.92
959.9142857	902.0571429
1012.362319	898.9565217
1034.571429	900.1428571
1067.941176	902.2235294
1039.35	902.075
992.375	903.2083333
1077.260417	904.90625
966.4545455	906.1363636
1012.108333	905.5833333
997.3529412	906.9411765
1093.741935	906.5483871
1045.2	911
1072.241379	909.7931034
1084.98	909.56
1090.2	912
1068.217391	911
1094.714286	913.3571429
1099.190476	913.6666667
1080.130435	913.3913043
1069.181818	916.3939394
1075.454545	915.6818182
1088.208333	916.6666667
977.0869565	917.4347826
1078	919.4615385
1046.61194	917.8208955
1040.870968	920.8709677
1095	919.84375
1100.842105	921.0526316
1056.653846	922.7692308
966.5384615	923.8461538
1048.916667	924.3055556
1043.366667	926.4666667
1099.464286	925.3571429
970.8	926
1037.238095	924.7142857
1083.416667	922.9047619
1090.432432	925.2162162
1095.555556	928.3611111
1038.027027	928.7567568
1086.909091	928.3636364
1075.465517	924.8103448
1084.294118	933.4558824
1090.222222	930.8888889
982.2307692	926.9230769
1047.88	930.88
1077.521739	933.9855072
990.3529412	934.5490196
991.8333333	939.6666667
1077.8	941
995.9302326	943.1395349
1112	943.6666667
1063.521739	947.2173913
1067.761905	949.7142857
991.1578947	949.8421053
1081.402299	949
1085.56	953.28
1081.206897	955.862069
1076.242424	956.5454545
1030.95	956.45
1036.052632	956.2105263
1071.043478	960.7826087
981.7142857	961.5
1080.679012	962.8271605
1016.727273	971.5
1051.96	972.6
1013.035294	984.0117647
1006.809524	986.5714286
1080.584906	989.1132075
1010.139535	991.8837209
1054.347368	992.0210526
1063.09375	986.984375
1091.764706	990.745098
996.9166667	993.5833333
1068.836735	995.3163265
679.8846154	995.9230769
1061.75	994.6666667
995	997.3076923
1056.357143	998.9761905
1062.5	1001.26087
1129.816327	1004.285714
998.5384615	1006.384615
1136.557522	1009.867257
987.8888889	1009.444444
1127.630435	1010.413043
991.3	1010.433333
1086.858696	1010.869565
1001.416667	1010.666667
1024.176471	1012.529412
1093.413793	1011
1007.784091	1013.113636
1015.034483	1013.586207
997.5408163	1015.010204
1128.517241	1016.137931
989.2564103	1015.512821
1079.209877	1015.098765
1133.633803	1020.253521
986.5	1019.178571
1004.690476	1020.571429
1086.036145	1022.855422
1126.486486	1021.378378
983.0243902	1023.146341
1103.090909	1023.363636
990.5581395	1022.953488
998.4189189	1025.527027
1091.333333	1025.966667
989.1071429	1029.285714
1007.488889	1026.222222
1094.451613	1029.225806
1131.666667	1029.333333
1052	1029.833333
1119.769231	1031.871795
1114.722222	1034.944444
1138.909091	1039.363636
1075.625	1043.625
745.575	1045.175
736.1153846	1046.461538
972.5555556	1046.074074
1121.933333	1048.733333
741.1956522	1049.630435
1064.608696	1050
1137.978261	1047.445652
592	1050.647059
724.76	1051.8
746.3181818	1053.515152
1059.344828	1051.827586
1076.512821	1052.512821
1124.793103	1053.965517
727.7058824	1056.411765
1134.916667	1056.763889
738.6046512	1055.813953
1141.651515	1057.5
746.46875	1059.6875
564.9411765	1060.823529
571.7625	1063.5125
738.6891892	1061.972973
1078.8	1062
1129.209877	1059.938272
973.8	1064.74
1127.333333	1064.4
581.4615385	1064.358974
1132.6	1067.1
1139.347826	1066.891304
1150.3	1064.833333
1066.6	1066.9
1146.27451	1067.686275
1154.588235	1067.176471
743.546875	1069.375
556.7755102	1067.795918
1123.333333	1068.188679
583.8421053	1069.315789
977.1086957	1069.043478
577.609375	1073.84375
1038.310345	1071.482759
584.2592593	1073.425926
1120.291667	1075.5625
550.2948718	1075.384615
557.0952381	1072.666667
1149.185185	1073.592593
562.7647059	1073.372549
759.8125	1074.5625
981.5205479	1072.383562
987.6052632	1074.342105
1114.071429	1076.607143
520.1153846	1077.461538
543.5238095	1078.380952
557.1525424	1079.288136
971.9620253	1078.21519
984.7045455	1080.511364
1033.448276	1080.551724
1023.909091	1082.090909
579.9130435	1082.869565
1028.647059	1082.323529
1113.222222	1083.259259
520.4878049	1083.756098
966.7804878	1084.95122
976.2564103	1083.666667
776.6428571	1083.47619
568.1176471	1085.411765
746.6111111	1086.388889
1108.090909	1087.818182
583.8181818	1087.454545
755.8163265	1087.510204
1026.019608	1087.254902
546.4680851	1090.361702
593.488	1087.176
1096.666667	1088.75
967.4583333	1089.5
974.1967213	1089.557377
606	1090.5
599.8617021	1093.723404
725.8	1090.675
736.4166667	1091.583333
778.6868687	1092.848485
1021.934211	1091.236842
584.6190476	1092.428571
721.8666667	1093.266667
742.7272727	1091.636364
548.2105263	1094.473684
580.0523256	1095.546512
617	1095
973.3538462	1096.076923
1031.9375	1095.125
587.5416667	1095.083333
592.8507463	1098.343284
732.4074074	1096.481481
503.2692308	1098.538462
568.8	1096.65
604.9166667	1098.583333
719.037037	1098.555556
742.8129032	1098.316129
1045.923077	1099.384615
538.1304348	1100.26087
1034.916667	1101.555556
725.6960784	1101.362745
749.6363636	1101.636364
1042.642857	1102.285714
570.3972603	1105.191781
578.5151515	1103.5
987.71875	1102.84375
992.56	1102.28
485.3333333	1103.733333
530.4444444	1104.777778
535.6	1104.866667
595.1590909	1105.181818
601.9756098	1104.317073
1110.373134	1104.164179
584.8235294	1107.676471
993.8378378	1107.324324
1019.942529	1106.597701
731.5833333	1106.875
743.4166667	1107.541667
1095.535211	1107.056338
736.5769231	1106.730769
747.0909091	1108.393939
999.4166667	1108.958333
1104.166667	1109.472222
603.9302326	1110.093023
623.4782609	1110.521739
752.3043478	1112.391304
1083.5	1112.8
1097.709677	1113.193548
605.9791667	1114.979167
629	1114.411765
1004.346154	1113.153846
1014.882353	1114
597.0561798	1114.595506
623.6829268	1115.219512
459.7777778	1116.944444
632.5806452	1115.741935
636.25	1117.1875
740.5454545	1116.436364
746.52	1115.26
1010.478261	1117.26087
1045.5	1117
1095.75	1116.583333
1101	1117
611.245614	1116.894737
1002.959184	1118.122449
750.752809	1121.932584
996.1555556	1115.266667
1015.30303	1119
1019.894737	1120.736842
601.7333333	1120.5
628.9069767	1121.162791
755.8095238	1118.904762
1096.857143	1120.071429
1382.069767	1119.697674
1376.944444	1121.777778
742.5454545	1122.545455
988.0465116	1122.44186
993.3801653	1124.247934
635.9268293	1122.682927
1009.869565	1122.130435
1048.166667	1122.194444
1000.575	1126.1
1005.5	1124.230769
596.7042254	1124.802817
1012.826667	1128.253333
1085.384615	1126.615385
642.7924528	1129.603774
592.6923077	1128.461538
1005.9375	1130.916667
651.25	1133.666667
1018.333333	1133.166667
1009.72093	1135.790698
937.7882353	1141.494118
1068.962963	1142.777778
1010.163636	1143.472727
989.483871	1144.580645
1063.625	1145.291667
1017.567568	1147.135135
610	1147.5
612.3125	1151.5
662	1151.2
882.1333333	1150.433333
1009.27907	1151.232558
626.7075472	1148.783019
1011.804878	1155.512195
631.1	1156.1
654.4666667	1156.133333
1017.505376	1158.451613
1022.588235	1155.529412
1005.944444	1160.222222
993.1814346	1157.510549
635.8068182	1163.829545
994.3913043	1165.913043
1023.875	1163.875
986.3823529	1165.558824
969.1355932	1165.966102
978.575	1166.6875
653.9090909	1168.636364
984.3666667	1169.766667
648.6363636	1169.5
960.1034483	1169.551724
967.3947368	1170.710526
642.6666667	1169.75
682.8953488	1172.686047
987.6153846	1173.153846
943.3333333	1172.888889
954.1666667	1172.833333
1077.823529	1175.323529
961.625	1175.053571
652.4285714	1174.095238
659.59375	1174.4375
693.0961538	1174.230769
983.2419355	1175.83871
1163.5	1175
618.6190476	1176.571429
937.1428571	1176.857143
1019.222222	1175.194444
645.826087	1176.586957
688.2272727	1179.318182
991.8970588	1179.352941
1171.609375	1178.296875
661.7878788	1179.181818
693.6538462	1180.346154
697.6756757	1180.972973
930.8484848	1179.893939
1017.836066	1181.754098
625.7586207	1181.344828
649.8194444	1184.694444
1082.428571	1182.642857
657.3076923	1182.596154
937.1176471	1183.382353
642.675	1183.6
666.1515152	1182.060606
1164.394366	1184.316901
1177.818182	1183.590909
988	1185
997.7894737	1186.026316
676.0309278	1188.268041
929.3	1185.4
660.4461538	1189.461538
672.2439024	1182.95122
687.1818182	1186.454545
1184.268293	1186.731707
667.7166667	1188.75
733.2315789	1189.810526
1165.230769	1191.282051
966.09375	1190.875
1154	1192.979592
684.0689655	1191.689655
1176.041667	1191.666667
655.3076923	1193.538462
718.8540541	1193.589189
648.8888889	1195.111111
687.5319149	1195.595745
696.4588235	1196.517647
729.6904762	1195.047619
1000.888889	1195.666667
1159.906977	1193.604651
660.7647059	1196.960784
669.5128205	1196.102564
679.8507463	1197.477612
972.5441176	1196.058824
1174.875	1196.25
993.375	1197.625
1182.352941	1196.411765
1187.228571	1196.742857
654.7272727	1199.363636
1166.375	1197.125
668.5681818	1200.522727
733.5	1199.666667
1159	1199.243243
692.7372881	1203.457627
998.1071429	1200.678571
702.4	1202.4
1166.707317	1202.219512
1181.909091	1200.681818
1174	1203
677.3478261	1203.507246
722.5897436	1204.435897
727.6521739	1204.347826
1160.512195	1204.878049
1143.252427	1204.359223
995.4074074	1206.259259
1003.6	1207.066667
1133.809524	1206.333333
1181.111111	1207.666667
1189.5	1207.5
1202.805556	1206.388889
684.1186441	1208.050847
997.1851852	1211.518519
1116.192308	1209.192308
695.8285714	1211.071429
733.8131868	1210.505495
1003.111111	1212.407407
1202.920455	1212.261364
725.3529412	1213.044118
1009.44	1214.12
733.3692308	1217.215385
1003.714286	1216.47619
1195.617284	1215.962963
718.3214286	1217.821429
994.0434783	1218.637681
1007.740741	1218.814815
735.1923077	1221.538462
1209.352941	1221
954.1176471	1219.264706
730.8	1222.9
982.7916667	1222.791667
1000.460177	1225.380531
1041.32	1222.92
988.1	1223.8
948.4827586	1224.356322
1009	1224.653061
1034.566038	1224.603774
683.9090909	1228.636364
958.0941704	1229.170404
1006.806452	1229.451613
984.5806452	1229.419355
1174.625	1229.25
1016.116667	1230.816667
618.8823529	1231.588235
946.9166667	1232.583333
967.7714286	1231
980.6	1231.733333
1036.891892	1232.932432
975.7394958	1235.983193
1041.576923	1233.730769
1169.25	1234.05
988.8709677	1234.290323
1044.5625	1239.34375
955.4285714	1240.938776
753.8333333	1244.333333
723.05	1252.2
596.4117647	1258.882353
731.173913	1259.478261
740.7156863	1261.088235
728.3125	1266.1875
734.6666667	1266.666667
974.4285714	1274.857143
994.5625	1275.3125
654.0212766	1275.93617
1000.740741	1276.555556
985.3076923	1274.846154
980.475	1276.975
989.24	1277.96
987.7222222	1281.5
997.0454545	1281.181818
1003.745098	1282.921569
743.5434783	1282.978261
646.75	1284.583333
992.125	1286.0875
976.1489362	1284.617021
982.974026	1287.584416
649.7391304	1286.782609
999.4	1288.6
741.8666667	1289.106667
1009.631579	1289.394737
973.0555556	1291.388889
987.7808219	1294.191781
1000.934783	1293.673913
996.7222222	1294.388889
631.8839286	1293.723214
641.2837838	1294.283784
994.1290323	1297.258065
980.9565217	1300.121739
709.2236842	1302.710526
993.5833333	1303.833333
1000.125	1302.125
629.5675676	1301.675676
638.2524272	1303.300971
974.9626168	1305.82243
988.6923077	1303.076923
627.75	1306.6125
988.5333333	1307.066667
712.6388889	1307.055556
618.6727273	1308.927273
694.0361446	1307.325301
668.78	1307.78
685.1428571	1308.333333
780.5	1311.230769
660.0384615	1311.884615
668.4	1312.4
613.8196721	1314.065574
626.326087	1312.456522
686.2631579	1312.315789
663.5925926	1313.851852
804.7142857	1313.666667
620.7142857	1315.904762
652.0555556	1315.319444
674.2	1311.927273
679.7818182	1314.363636
732.1538462	1315
626.7272727	1318
689.7631579	1315.605263
684.3529412	1316.882353
788.2222222	1317.37037
671.1774194	1318.032258
617.4	1320.114286
686.32	1320.88
784.1060606	1320.393939
668.25	1321.78125
681.1111111	1321.296296
611.0357143	1320.928571
622.0444444	1322.933333
778.4464286	1322.232143
645.3673469	1322.857143
659.3944444	1327.316667
673.45	1324.75
676.4594595	1328.054054
614.5	1325.25
665.8490566	1327.301887
654.3243243	1325.162162
682.3333333	1326.690476
624.6875	1327.125
730.3	1328.75
612.0054645	1333.415301
776.752381	1332.895238
618.8717949	1330.820513
638.5238095	1332.015873
647.7457627	1332.084746
722.28125	1330.9375
605.7045455	1333.840909
643.125	1332.75
652.225	1331.225
665.6756757	1334.324324
715.3921569	1334.117647
732.547619	1333.166667
654.7906977	1338.116279
708.2826087	1333.26087
725.009434	1337.490566
741.3571429	1335.357143
772	1339.103448
650.7959184	1341.306122
717.0882353	1340.235294
669.5769231	1344.076923
714	1344.608696
758.3333333	1345.041667
775.8636364	1344.030303
718.969697	1345.939394
723.8	1346.32
626.2210526	1347.715789
666.8461538	1348.461538
908.5	1347.714286
654.0793651	1348.396825
641.5	1350.714286
792.8	1351.133333
649.0895522	1352.402985
760.8	1351.76
787.875	1352.875
637	1354
640.6363636	1354.090909
657.3611111	1355.777778
667.9189189	1355.351351
661.4057971	1357.855072
650.9552239	1359.164179
773	1359
642.9166667	1359.5
793.9674797	1361.02439
666.3846154	1362.523077
785.9677419	1361.870968
631.2352941	1361.617647
646.40625	1364.625
761.9130435	1363.782609
775.1891892	1363.027027
781.9	1363.15
625	1364
628.1538462	1364.615385
698.2073171	1365.304878
766.4482759	1365.689655
651.744186	1365.930233
635.6666667	1365.018519
629.2666667	1368.533333
692.6428571	1368.214286
625.7575758	1369.818182
642.7777778	1370.388889
789.3773585	1370.226415
635.4489796	1371.102041
785.2352941	1373.411765
629.8695652	1376.108696
692.6666667	1375.666667
750.9090909	1376.636364
789.7407407	1376.185185
637.7676768	1377.727273
645.5	1377.5
695.75	1378.5
623.5833333	1380.791667
685.0952381	1386.095238
764	1389
764.8780488	1392.902439
755.9506173	1392.197531
652.6153846	1414.615385
998.1666667	1422.083333
1348	1425.5
1003.076923	1431.476923
1009	1433.563636
988.6	1433.542857
994.9230769	1433.492308
976	1435.1875
998.5428571	1437.914286
972.0909091	1440.5
991.0434783	1441.927536
976.1333333	1442.6
1039.055556	1443
971.2222222	1447.577778
999.8285714	1444.695238
1341.461538	1447.230769
986.9677419	1458.596774
1330.473684	1460.157895
1033.045455	1460.590909
991.35	1462.95
1031.689655	1469.627586
1065.307692	1470.269231
463.4	1471.6
1069.4	1473.4
1075.375	1480.6
984.2941176	1483.058824
1001.15625	1481.625
960.8	1486.5
980.1372549	1488.352941
1041.965517	1487.551724
1053.345455	1486.945455
974.2222222	1490.611111
1036.114286	1492.628571
1057.263158	1491.473684
1049.909091	1493.681818
1029.333333	1493.541667
1057.736842	1497.210526
1035.970588	1498.264706
1018	1499.352941
1026.810127	1503.392405
1033.114286	1501.228571
993.6666667	1503.958333
1021.564103	1504.846154
1013.315789	1504.789474
992.04	1508.48
996.65	1508.25
1049.419355	1508.66129
1058.444444	1511.858586
995.8823529	1512.411765
1018.828571	1510.828571
1026.789474	1512.789474
1037.035714	1514.928571
1049.625	1515.1875
1025.325581	1517.906977
1043.322034	1517.864407
1020.411765	1519.882353
1014.4	1521.033333
1051.8	1521.309091
999.7142857	1521.52381
995.325	1524.275
999.1458333	1528.333333
1022	1537
1054.090909	1537.909091
1041.916667	1539.333333
1167.888889	1601.333333
798.8541667	1629.5
794.3809524	1632.904762
854.125	1634.291667
798.8409091	1636.090909
842.4347826	1636.956522
848.4571429	1638.6
839.1518987	1641.582278
828.4	1644
817.8918919	1644.972973
831.9090909	1645.636364
835.9444444	1648.222222
841.44	1648.96
808.6351351	1655.175676
814.95	1653.1
837.6666667	1654.111111
801.2592593	1659.320988
884.6538462	1670.384615
884.7714286	1675.428571
831.2653061	1678.183673
885.3333333	1680.222222
826.9090909	1685.363636
781.4615385	1687.025641
823.5	1686.5
871.1081081	1687.864865
881.6170213	1686.617021
883.7021277	1691.425532
859.3636364	1690.590909
864.9375	1692.78125
787.1481481	1694.555556
860.6666667	1697.769231
874.6904762	1694.72619
952	1697.357143
868.8636364	1698.727273
881.9	1697.9
844.2222222	1700.5
864.0555556	1698.888889
878.5	1699.590909
1104.818182	1700.181818
893.5	1701.2
947.5365854	1700.414634
877.8767123	1706.479452
886.4067797	1705.483051
932.3	1703.75
866.4528302	1706.566038
1088.32	1706.613333
827.7704918	1705.47541
875.4666667	1708.333333
1082.266667	1706.4
938.0714286	1707.785714
823.8444444	1710.044444
873	1712.142857
829.0769231	1712.884615
853.8918919	1713.837838
1094.029412	1713.147059
787	1717.862069
849.5696203	1721.468354
1061.235294	1721.588235
1094.214286	1720.785714
824.6956522	1726.26087
1026.571429	1725.095238
830.0322581	1727.967742
1073.793103	1727.827586
1065.817647	1730.864706
1115.480769	1728.365385
1110.571429	1730.75
1004.678161	1733.62069
1078.411765	1731.352941
749.5333333	1732.9
754.8076923	1732.615385
1123.6	1733.22
1105.539683	1733.84127
1118.510204	1735.183673
1000.16129	1736.129032
1079.409091	1735.681818
846.3846154	1737.192308
506.1694915	1738.186441
1084.6125	1738.6
1099.317073	1737.292683
842.5238095	1738.904762
1110.482143	1738.946429
1094.555556	1738.555556
1116.254902	1741.372549
1123.466667	1741.433333
847	1742
1103.346154	1742.423077
457.3846154	1742.666667
1095.891566	1744.072289
466.2352941	1743.955882
1107.488889	1745.822222
450.6612903	1744.596774
791.8	1745.2
1112.266667	1746.666667
1119.457627	1746.983051
482.0909091	1748.272727
487.6571429	1748.542857
503.0952381	1748.452381
470.3666667	1749.85
497.4782609	1750.521739
459.6	1752.266667
1101.506849	1752.136986
1054.684211	1751.526316
1107.896552	1752.965517
1061.352941	1753.5
1071.235294	1754.970588
496.3478261	1754.478261
792.0555556	1755.444444
833.1153846	1755.346154
464.7777778	1756.977778
784.125	1756.125
1065.909091	1756.590909
1112.909091	1755.693182
446	1758.5
473.1631206	1757.319149
730.9705882	1757.941176
939.5	1756.3
1055.936508	1759.190476
1104.5	1758.363636
396.6111111	1760.277778
787	1759.444444
727.3125	1761.875
1105.72	1762.2
478.2727273	1762.409091
838.9090909	1763.090909
394.5294118	1763.764706
463.5882353	1763.823529
731.5652174	1763.391304
843.75	1764.8
1086	1766.285714
458.7941176	1767.147059
466.2682927	1767.731707
475.8	1770.251852
1118.363636	1768.909091
1080.535714	1769.821429
1089.174419	1771.255814
357.3448276	1773.672414
400.6	1774.5
463.9076923	1775.169231
474.3714286	1775.742857
1119.819672	1774.47541
500.2	1775.755556
373.5517241	1774.965517
521.5	1776.5
1056.633333	1777.366667
475.7096774	1779.903226
482.7931034	1778.62069
1121.259259	1780.111111
354.9193548	1780.516129
382.9230769	1778.615385
470.0833333	1778.791667
347.3	1779.8
370.3513514	1780.027027
909.8493151	1781.753425
1113.864865	1779.918919
470.8602151	1785.860215
1109.645161	1783.032258
366.173913	1783.652174
374.1875	1784.625
381.1818182	1783.318182
399.3392857	1784.928571
385.6285714	1785.857143
407.7857143	1786.228571
809.8823529	1785.705882
902.0588235	1786.235294
368.5625	1787.65625
395.5714286	1788
910.9285714	1788.357143
371.6875	1790.59375
465.4814815	1788.851852
508.4088398	1790.574586
402.7777778	1791.222222
496.2631579	1791.263158
809.195122	1790.04878
383.2857143	1793.4
904.8372093	1792.627907
380.1111111	1795.944444
400.0526316	1794.631579
406.7254902	1794.901961
375.2083333	1797.652778
476.464	1795.752
492.55	1794.65
960.8227848	1792.911392
890.1944444	1797.277778
465.5	1797.3125
759.7407407	1798.018519
383.0294118	1800.235294
397.5	1800.8
789.1481481	1802.074074
900.8285714	1800.571429
794.9047619	1802.642857
440.4571429	1803.457143
844.1333333	1802.6
471.2467532	1804.519481
343.6666667	1806.733333
388.3333333	1808.111111
395.7142857	1808.47619
808.3283582	1808.552239
828	1808.337079
850.1875	1809.6375
839.9444444	1808.166667
845.8214286	1809.678571
443.9310345	1809.448276
370.1111111	1812.759259
376.2	1811.233333
476.1034483	1810.965517
843.0322581	1813.83871
832.5925926	1813.37037
837.2571429	1812.914286
380.1818182	1814.418182
430.7894737	1814.052632
968.4583333	1813.375
875.2	1814.92
496.3529412	1816
468.7	1817.866667
381.8867925	1819.54717
366.6470588	1819.867647
438	1820.357143
389.7391304	1821.304348
373.1020408	1823.561224
385.6086957	1823
398.5714286	1822.142857
364.96	1825.8
392.9	1825.3
404.1086957	1824.956522
470.8367347	1824.040816
956.3529412	1826.117647
381.5272727	1827.472727
845.85	1827.65
960.0588235	1827.647059
884.9285714	1827.285714
394.88	1828.92
822.0606061	1830.939394
840.6973684	1827.776316
833.8571429	1828.5
881.95	1830.35
891.8679245	1828.830189
376.125	1830.875
503.9166667	1831.333333
830.8064516	1831.645161
836.9552239	1833.731343
885.1	1834.575
371.1515152	1834.318182
825.6774194	1835.258065
877.2857143	1837.380952
832.3	1837.85
903.9130435	1838.434783
471.6022727	1839.806818
430.0666667	1840.4
462.8378378	1840.918919
836.1785714	1841.964286
435.6666667	1842.583333
925.6363636	1844.454545
337.94	1846
405.9333333	1846.866667
437.7692308	1847.769231
467.4375	1848.1875
906.3142857	1848.685714
424.3090909	1851.381818
886.3333333	1858.351852
404.25	1857.75
413.0123457	1859.061728
868.12	1861.8
910.5	1862.5
346.6517857	1871.357143
934.2727273	1874.227273
368.32	1872.76
480.5	1876.25
903.6610169	1876.745763
362.5352113	1877.676056
1119.148148	1876.666667
1152.62069	1878.310345
425.0769231	1877.769231
1128.28125	1878.15625
897.9772727	1880.568182
386.75	1880.375
393.7777778	1879.5
402.4920635	1880.507937
926.047619	1879.857143
1118.8	1880.28
478.9333333	1880.4
916.7704918	1880.803279
1162.193548	1880.83871
454.6296296	1880.481481
908.5111111	1881.666667
922.5	1882.642857
449.2325581	1884.174419
1130.684211	1882.947368
360.5	1884.5
408.8831169	1880.688312
456.296875	1887.15625
383.2121212	1885.363636
440.3793103	1887.413793
403.5396825	1889.634921
1163.964286	1888.625
435.0909091	1888.022727
427.88	1889.64
444.3529412	1890.176471
936.8918919	1891.513514
389.0789474	1892.052632
1144	1891.647059
383.125	1893.375
429.7205882	1894.220588
941.0652174	1895.608696
389.5454545	1897.636364
436.03125	1896.09375
441.5964912	1895.385965
946.9354839	1896.806452
1090.333333	1897.266667
935.3043478	1898.695652
403.3027523	1901.119266
421.4466019	1901.533981
379.9583333	1901.125
1138.409091	1901.181818
371.8461538	1902
945.5217391	1902.695652
1167.95122	1904.146341
377	1903.8
1133.1	1907.5
403.8125	1908.9375
1123.409091	1908
1127.52381	1909.857143
1138.333333	1910.666667
1162.066667	1909.133333
1101.75	1911.125
1154.692308	1910.307692
406.2777778	1912.777778
1171.52381	1914.404762
1074.333333	1914
1154.6875	1914.5625
1096.5	1916
1082.583333	1917.25
1087	1917.2
1100.9	1917.25
1152.4375	1920.958333
1166.37037	1916.777778
1160.084746	1915.59322
442.4852941	1918.132353
448.9545455	1920.306818
1078.359551	1923.438202
1160.907895	1924.592105
1167.5	1923
1125.666667	1923.25
1173.689655	1923.655172
1137.925926	1923.555556
1088.967213	1925.803279
1169	1927.324324
477.6666667	1925.533333
1103.9	1926.125
471.6271186	1927.694915
481.1025641	1928.666667
1071.979167	1928.958333
1148.37037	1928.148148
1177.861111	1927.611111
403.3333333	1930.111111
409.2619048	1929.214286
413.0740741	1931.703704
463.8030303	1932.045455
1087.333333	1932.388889
1114.445946	1931.986486
1122.833333	1932
474	1934.017544
1126.5	1933
1139.5	1932.785714
1144.492537	1933.552239
1181.957447	1932.808511
1190.928571	1933.214286
1082.066667	1934.466667
404.5102041	1936.142857
416.0153846	1936.4
1173.087379	1936.961165
1132.117647	1936.156863
499	1937.5
1106.289855	1935.782609
1116.030303	1938.181818
1139.385965	1939.614035
1095.759259	1939.907407
1078.76	1940.96
1086.208333	1939.041667
1183.179487	1938.846154
461	1941.5
479.5434783	1939.565217
1105.05	1941.65
474.8313253	1944.277108
1136.166667	1943.233333
371.9302326	1943.395349
466.627907	1940.116279
1112.804878	1942.365854
1128.76	1943.94
1162.311111	1943.133333
1167.75	1944.642857
467.962963	1949.12963
1175.346154	1944.596154
376.8571429	1945.666667
438.097561	1945.341463
444.6382979	1944.659574
461.4878049	1946
1100.810811	1946.216216
1194.75	1947.354167
353.5714286	1946.428571
483.5432099	1949.358025
1157.451613	1947.258065
1188.360656	1945.163934
1089.64	1947.96
1109.105263	1947.596491
1136.777778	1949.037037
1180.182609	1950.486957
1183	1945.9
374.1428571	1948.428571
1144.764151	1947.556604
364.2121212	1950.484848
394.8235294	1950.117647
1168.163265	1951.510204
394.25	1954.125
1091.583333	1953.013889
1100.722222	1952.111111
1128.942857	1953.028571
362.5952381	1954.166667
478.5	1953.394737
1105.181818	1953.090909
1138.325581	1955.023256
382.5	1957.090909
1132.152174	1958.108696
1103.111111	1957.814815
358.7166667	1958.75
474.2089552	1957.41791
1116.95	1958.4
1122.833333	1959.333333
467.8358209	1960.58209
364.3125	1961.375
1116.875	1962.708333
457.5	1962.5
1103.857143	1964.571429
465.8275862	1966.551724
419.5897436	1966.487179
1111.8375	1966.95
1143.262626	1968.767677
378.2222222	1971.5
372.76	1971.84
1112.479167	1973.520833
1139.9	1973.55
404.4	1975.08
413.9022556	1972.360902
463.3723404	1975.5
470.2982456	1973.45614
1104.22807	1975.175439
1097.166667	1978.5
416.1904762	1979.238095
421.8205128	1980.038462
1135.102041	1977.938776
414.6126761	1987.394366
406.9692308	1987.092308
481.0588235	1990.823529
460.2121212	1994.151515
412.1666667	1995.133333
385.6666667	1994.888889
427.3703704	1995
405.7160494	1997.839506
442.969697	1997.909091
423.0338983	1995.661017
580.5	1998.5
421.3157895	2002.421053
437.3777778	2000.733333
446.9166667	2002.729167
455.3030303	2001.636364
393.75	2002.75
428.7407407	2004.740741
441.3333333	2004.777778
397.6875	2004.625
451.5	2006.647059
438.6296296	2008.666667
521.826087	2014.195652
478.4117647	2015.117647
466.4	2016.325
424.5909091	2018.454545
416.1229508	2018.819672
517.025	2020.125
411.5	2026.543478
766.8571429	2027
407.8064516	2028.451613
416.15	2033.1
408.8095238	2035.452381
451.3846154	2035.615385
409.2592593	2040.740741
404.3611111	2045.722222
458.1578947	2043.578947
413.1572327	2046.987421
452.4827586	2042.327586
421.7333333	2047.066667
475.5	2046.5
393.5	2046.805556
454	2051.04
461.2564103	2050.589744
466.6153846	2051.769231
472.6753247	2052.350649
379.2586207	2051.896552
397.5045045	2052.063063
455.5909091	2057.454545
461.1684211	2059.673684
418.0638298	2057.191489
382.4392523	2058.953271
405.3974359	2057.871795
412.55	2061.1625
403.1904762	2064.571429
454.75	2064.583333
377.4285714	2067.333333
556.3214286	2066.75
628.3846154	2066.461538
422.6904762	2068.107143
457.5882353	2068.470588
400.9642857	2069.642857
409.8571429	2067.314286
418.4285714	2068.257143
405.0952381	2070.880952
417	2073.277778
406.78125	2075.375
413	2076.367347
297.4210526	2082.526316
396.2368421	2080.789474
407.0128205	2083.961538
417.0615385	2082.938462
369.5277778	2083.361111
389.2571429	2086.857143
421.2826087	2086.086957
294.4507042	2090.366197
636.875	2089.875
633.04	2090.88
420.1964286	2092.035714
412.2333333	2093.7
615.3595506	2095.932584
290.7105263	2095.421053
620.48	2096.96
295.4561404	2100
413.5102041	2099.204082
620	2101
405.9354839	2101.903226
625.7865169	2102.247191
652.1428571	2101.357143
669.8	2103.92
266.3333333	2107.142857
664.362069	2109.896552
298.1666667	2111.166667
261.1927711	2110.759036
290.6962025	2113.873418
589.1904762	2116.333333
584.2954545	2115.727273
295.96	2117.96
288.2105263	2121.263158
294.1833333	2124.3
285.3793103	2124.724138
371.25	2124.75
683.3846154	2126.692308
671.0322581	2128.870968
535.2444444	2132.133333
577.4444444	2132.666667
307.725	2136.3
303.3225806	2138.258065
288.4166667	2139.416667
298.8780488	2138.780488
299.4	2144.6
547.2972973	2145.459459
312.1290323	2145.290323
288.8333333	2145.361111
297.8333333	2150.055556
302.76	2148.96
554.1153846	2148.461538
307.7419355	2151.193548
564.2631579	2152.434211
586.5555556	2153.611111
587.4782609	2159.608696
577.6666667	2178.111111
660.0487805	2178.439024
670.5	2180.233333
645.6666667	2182.708333
649.6666667	2182.142857
660.1162791	2183.883721
664.8571429	2183.857143
670.030303	2185.939394
723.4	2193.52
672.8627451	2192.470588
684.452381	2195.97619
677.641791	2196.671642
599.6111111	2200.833333
688.1904762	2201
594.0298507	2201.044776
712.5897436	2203.333333
708.2432432	2206.621622
644.9166667	2205.25
577.0344828	2213.793103
670.7142857	2214.5
580.4642857	2217.428571
692.483871	2218.612903
574.6904762	2219.738095
673.3962264	2220.245283
506.5	2227.5
664.8421053	2227.157895
671.125	2226.583333
655.1818182	2228.909091
669.2325581	2231.116279
694.5789474	2230.815789
794.4347826	2230.913043
555.6666667	2232.333333
598.368932	2231.941748
660.1875	2232.166667
663.5	2235.725
700.12	2233.36
592.9117647	2235.441176
639.2307692	2236.307692
753.173913	2235.956522
695.2857143	2237.232143
750.2857143	2240.535714
724.4791667	2240.041667
759.2708333	2239.020833
740.7128713	2239.485149
705.9642857	2242.607143
731.5555556	2243.5
676.2	2243
716.2333333	2243.6
522.6666667	2244.666667
703.7105263	2248.565789
661.4090909	2250.19697
678.3308824	2250.735294
690.826087	2250.130435
526.962963	2251.592593
710.6	2250.566667
692.875	2253.25
720.4918033	2253.098361
669.46	2254.5
685.1454545	2255.254545
704.1157025	2258.421488
691.3	2258.433333
708.6666667	2259.944444
714.0625	2257.125
728.5	2259.8
687.9777778	2261.622222
715.2162162	2263.391892
724.3125	2263.0625
695.9666667	2262.766667
691.3333333	2267.555556
696.7931034	2267.034483
686.1162791	2267.72093
708.2727273	2271.954545
581.0294118	2273.823529
662.95	2273.75
586.0615385	2276.753846
641.53125	2277.15625
692.4300518	2274.963731
577.9310345	2279.275862
701.5641026	2278.803419
582.3529412	2281.529412
689.1617647	2285.705882
684.5555556	2283.472222
647.7058824	2288.117647
696	2287.733333
701.5625	2290.375
497.6153846	2289.615385
693.4285714	2292.285714
641.875	2292.75
645.8461538	2292.615385
641.4347826	2298.391304
645.12	2298.2
685.0759494	2297.683544
510.5454545	2303.5
674.2828283	2304.636364
644.9166667	2307.633333
639.25	2309.05
650.5757576	2310.606061
506.34375	2309.171875
487.1875	2312.1875
510.3793103	2313.224138
727.8666667	2315.466667
632.4285714	2316.047619
638.0153846	2315.353846
492.24	2319.12
497.8602151	2317.806452
676.7	2329.72
668.3333333	2338.888889
533.7272727	2339.69697
539.5	2340.636364
660.7849462	2343.774194
653.4571429	2345.971429
650.2608696	2349.391304
647.7252747	2354.637363
289.0555556	2353.888889
641.5454545	2354.272727
492.1111111	2358.888889
645.1176471	2359.117647
285.1153846	2358.807692
631.0147059	2362.294118
642.7419355	2362.483871
319.0571429	2363.771429
296.5	2365.166667
637.03125	2365
342.2727273	2366.545455
626.7368421	2368.131579
632.5714286	2368.428571
636.9545455	2369.909091
640.8541667	2370.104167
339.1304348	2369.652174
346.3246753	2371.246753
335.2765957	2375.021277
537.5238095	2375.190476
312.1111111	2377.555556
629.2758621	2377.068966
330.6666667	2377.916667
638.8888889	2379.333333
633.0909091	2380.515152
307.5	2382
629.4	2382.6
327.1666667	2384.958333
645.5	2387.5
344.5217391	2387.26087
328.9583333	2391.847222
341.7941176	2391.617647
346.375	2392.21875
349.6428571	2394.464286
504.35	2394.05
320.875	2397.375
342.2096774	2400.080645
641.28	2398.68
707.3589744	2397.461538
316	2398.818182
507.1724138	2400.758621
704.7333333	2402.233333
323.6842105	2402.078947
699.9	2401.65
593.8	2403.914286
649.1162791	2402.697674
316.5057471	2404.333333
514.6666667	2403.8
710.6976744	2404.395349
509.962963	2406.148148
521	2405.1
449.3461538	2406.269231
514.9411765	2407.235294
322.1851852	2410.592593
450.952381	2409.952381
323.1111111	2415.333333
317.7407407	2415.814815
344.7	2421
520.7619048	2422.333333
528.5	2422.5
512.317757	2424.205607
520.0909091	2426.363636
454.9016393	2427.098361
447.1913043	2425.765217
682.8676471	2431.294118
446.7555556	2433.844444
541.625	2475.5
718.2173913	2475.695652
690.8181818	2485.5
693.28	2490.56
703.5373134	2493.522388
694.1590909	2496.659091
698.7916667	2496.666667
714.5833333	2514.888889
720.9375	2517.875
726.6481481	2520.222222
628.1111111	2588.888889
623.2	2590.066667
619.7142857	2591.928571
619.9787234	2596.319149
616.3692308	2601.292308
609.4615385	2600.923077
606.8604651	2608.209302
614	2606.5
612.75	2610.05
659	2612
679.875	2612.125
614.84	2614.28
610.6666667	2617.333333
657.7176471	2617.788235
665.9714286	2616.742857
647.9333333	2620.866667
655.1428571	2621.190476
663.625	2621.75
631.8852459	2629.819672
643.2909091	2630.872727
624.7530864	2633.777778
639.3877551	2635.163265
664.0714286	2635.142857
677.2823529	2633.376471
726.5	2635.5
632.8333333	2636.233333
684.5352113	2637.084507
615.3333333	2638.857143
620.4	2640.366667
632.7560976	2640.780488
626.6764706	2641
614.9130435	2643.130435
636.5483871	2643.387097
715.1463415	2657.560976
704.9565217	2682.173913
629.375	2688.875
703.5952381	2689.833333
708.3125	2691.25
624.047619	2692.190476
628.0833333	2695.458333
703.5	2696.5
708.3142857	2697.285714
711.0434783	2701.826087
710	2706.473684
706.1666667	2708.166667
607.4285714	2714.285714
564.1818182	2717.454545
597.2407407	2719.314815
573.7692308	2727.461538
589.4	2730.866667
589.943662	2736.647887
493.5	2812.5
991.4	2873.3
826.5	2898.5
679.9130435	2921.565217
637.9634146	2931.365854
765.75	2932.15
760.75	2938.519231
579.0909091	2939.239669
811.3703704	2941.444444
570.5681818	2942.340909
761.6785714	2943.821429
804.0581395	2946.930233
599	2950
642.1	2951.95
803.8181818	2954.254545
648.3255814	2952.697674
595.125	2955.5
582.6716418	2957.298507
657.8510638	2955.414894
572.7096774	2958.129032
648.8421053	2957.526316
550.5925926	2964.851852
691.3448276	2966.724138
687	2969.611111
546.5	2970.5
557.0571429	2973.085714
849.2352941	2976.294118
562.8030303	2976.409091
793.3	2980.8
639.5194805	2983.233766
687.1186441	2981.610169
562.4117647	2982.705882
633.0526316	2985.315789
700.25	2984.75
557.9545455	2988.272727
723.5769231	2986.923077
636.5882353	2989.882353
698.2380952	2989.571429
545.675	2990.8
551.04	2992.08
560.84	2993.88
822.0833333	2994.25
840.8928571	2995.5
846.3095238	2994.880952
555.9642857	2996.660714
721.6744186	2994.674419
727.8939394	2999.106061
730.0555556	3004.555556
824.5581395	3005.209302
659.6	3009.6
726.4705882	3008.970588
730.5283019	3013.207547
677.2352941	3015.27451
653.625	3015.03125
813.8181818	3015.363636
525.7349398	3015.650602
519.4516129	3018.967742
847.2105263	3019.947368
679.8793103	3021.5
731.4666667	3021.233333
813.5128205	3021.128205
842.7931034	3022.034483
506.4609054	3023.407407
497.6428571	3024.214286
519.4382022	3025.292135
812.9677419	3025.548387
729.7777778	3026.277778
821.2957746	3029.098592
846.7142857	3030
513.0379747	3031.873418
818.9	3032.8
813.3823529	3033.617647
712.5	3034
845.6086957	3034.695652
496.1875	3032.802083
512.7	3037.342857
667	3036
490.225	3037.6
713.6842105	3039.473684
700.7790698	3039.511628
811.8888889	3040.444444
816.5294118	3040.352941
507.5213675	3042.068376
497.1896552	3041.724138
858.7894737	3042.631579
812.5	3045.346154
494.7857143	3047.77381
822.5576923	3046.326923
714.4090909	3047.818182
820.6808511	3052.170213
775.5446429	3053.669643
755.6454545	3052.263636
496.2285714	3055.457143
855.9454545	3055.4
754.1034483	3059.051724
1004.842105	3057.157895
739.5	3057.5
785.1632653	3057.571429
850.3333333	3058
763.0377358	3057.641509
856.75	3060.4
996.5	3060.5
1007.780488	3062.829268
754.8292683	3064.02439
764.1304348	3064.971014
1001.790698	3063.093023
527.6904762	3064.928571
722.375	3066.083333
752.05	3069.475
997.362069	3067.37931
757.5	3069.5
762.7777778	3070.388889
831.6470588	3070.411765
838.4782609	3069.913043
845.1304348	3071.891304
837	3074.68
853.72	3073.44
859.3913043	3073.043478
849.6666667	3073.952381
499.5	3076
509.6875	3075.5625
767.0555556	3074.75
719.8888889	3078.037037
772.2211538	3079.846154
715.7073171	3079.487805
831.25	3080.666667
766.3888889	3085.944444
794.6666667	3086.555556
486.0666667	3088.4
778.75	3088.3125
783.8939394	3089.742424
789.5652174	3091.086957
753.4	3095.411765
745.5555556	3098.148148
785.9565217	3097.913043
738.36	3100.84
764.2307692	3101.230769
746.8648649	3103.216216
814.8823529	3108.5
817.1176471	3120.176471
856.3529412	3120.941176
832.7288136	3122.898305
514.7741935	3123.548387
839.1865672	3125.164179
828.8333333	3130.166667
479.1111111	3139.555556
473.4468085	3144.191489
697.1	3154.1
702.1111111	3157.666667
745.6666667	3164.888889
818.0869565	3166.869565
814.0740741	3168.925926
823.1864407	3170.033898
813.1666667	3173.555556
774.6052632	3176.421053
819.7380952	3178.22619
744.3333333	3178.133333
808.4230769	3179.653846
813.3888889	3179.222222
693.2941176	3180.882353
742.1111111	3182.444444
691.0588235	3185.764706
753.0526316	3186.552632
795.0512821	3185.153846
801.1612903	3186.645161
797.2	3189.4
713.6341463	3191.097561
786.9714286	3189.885714
791.9285714	3191.785714
708.0714286	3192.857143
713.6190476	3196.02381
781.4827586	3196.413793
722.4186047	3199.953488
785.4384615	3201.369231
724.6794872	3203.807692
776.9777778	3201.822222
794.5454545	3202.636364
774.4615385	3206.307692
779.1666667	3208
786.5555556	3210.074074
799.125	3218.333333
567.5	3230.5
584.6153846	3229.807692
567.375	3233.875
579.0588235	3232.088235
566.7647059	3241.882353
580.5925926	3242.092593
586.3684211	3242.368421
560.1071429	3242.892857
591.122807	3245.807018
606.5217391	3247.130435
561.1098901	3249.461538
584.3	3248.2
571.3636364	3254.909091
570.9	3266.1
547.9090909	3272.636364
566.3333333	3274.435897
570.962963	3275
545.0571429	3276.742857
539.8596491	3279.649123
547.8684211	3283
547.1785714	3288.25
541.1860465	3288.953488
545.5882353	3293.294118
546.95	3297.9
551.7272727	3301.045455
556.1818182	3303.090909
558.4	3305.8
540.3269231	3308.211538
550	3308
548.0333333	3313.066667
764.0545455	3349.818182
745.625	3352.25
767.375	3353.291667
757.1758242	3352.296703
727.0909091	3356.363636
770.3684211	3357.157895
770.2075472	3363.528302
759.3507463	3361.238806
799.0704225	3363.309859
755.4081633	3367.040816
742.4457831	3368.939759
749.6764706	3366.529412
767.7857143	3369
773.5	3369.7
783.5	3369.5
807.4285714	3370.904762
761.7954545	3369.727273
748.6944444	3372.916667
754.047619	3373.47619
764.64	3373.68
786.8652482	3373.099291
729.2272727	3375.545455
756.7380952	3376.333333
764.2857143	3379.55102
790.2258065	3379.096774
758.6181818	3381.963636
815.4736842	3384.684211
808.1627907	3385
700.047619	3392.047619
802.3461538	3394.269231
825.1111111	3401.388889
715.7	3402.85
796.4054054	3402.540541
722.375	3406.875
716.5277778	3410.805556
755.6842105	3414.157895
754.4615385	3418.230769
761.5853659	3418.817073
699.5862069	3420.724138
767.5714286	3420.285714
770.7619048	3422.333333
775.2272727	3423.136364
710.0769231	3426.897436
751.9583333	3427.666667
761.7826087	3426.782609
767	3426.888889
773.1186441	3428.644068
758	3430.73913
762.7636364	3433.254545
751.0869565	3434.869565
786.8064516	3436.322581
740.9333333	3438.333333
755.8846154	3437.192308
734.8518519	3440.555556
778.5	3440.3
751.8026316	3444.842105
759.7454545	3443.490909
757.1481481	3449.111111
823.9069767	3453.790698
817.9545455	3458.666667
809.8095238	3458.380952
826.1935484	3458.741935
830.4	3458.4
791	3472.8
757.2083333	3478.958333
686.8723404	3480.085106
677.68	3483.64
752.4814815	3482.703704
760	3485.75
702.0487805	3488.268293
777.725	3487.3
783.08	3488.92
682.0526316	3491.631579
772.1923077	3493.115385
780.4545455	3491.818182
787.5147059	3495.647059
678.1621622	3496.702703
792.9705882	3496.970588
702.1304348	3499.782609
704.8888889	3502.777778
792.875	3503.03125
789.8421053	3506.973684
645.0434783	3508.782609
696.6410256	3508
704.1052632	3508.438596
796.0357143	3508.214286
783.5555556	3510.222222
816.5	3510.5
626.1216216	3514.364865
687.9107143	3509.732143
693.0909091	3512.909091
683.862069	3515.896552
811.4693878	3515.714286
714.6046512	3516.418605
686.725	3520.375
694.6	3518.955556
807.8461538	3520
780.8863636	3521.613636
716.5299145	3521.982906
689.0491803	3525.688525
696.2972973	3524.594595
725.5555556	3526.722222
806.5319149	3524.382979
713.8709677	3528.129032
719.6333333	3529.516667
807.575	3530.8
801.2142857	3531.971429
632.1428571	3533.571429
749.0625	3534.6875
785.6434109	3537.72093
749.8947368	3538.421053
798.5142857	3538.314286
773.25	3537.357143
778.1785714	3538.321429
726.3636364	3542.909091
773.1560284	3545.602837
650.3114754	3548.032787
788.8461538	3548.769231
646.0232558	3551.511628
655.7777778	3549.5
732.3953488	3549.674419
706.8461538	3550.769231
775.7857143	3551.5
783.8210526	3549.505263
726.9047619	3555.952381
734.8888889	3558.666667
712.75	3559.416667
639.8636364	3560.149351
646.5714286	3567
651.5	3565.7
721.5108696	3565.923913
727.3157895	3567.894737
638.3137255	3570.72549
762.1428571	3570.142857
642.4285714	3570
674.1578947	3571.157895
722.3157895	3571.710526
645.3793103	3573.068966
731.1666667	3572.916667
756.4	3572.6
649	3573
648.5	3575.642857
754.9756098	3577.585366
771.6097561	3577.268293
644.5306122	3580.489796
749.6393443	3580.131148
767.1276596	3580.340426
760.6153846	3582.769231
797.3846154	3584.903846
691.9444444	3586.111111
745.9444444	3587.314815
738.9565217	3587.304348
729.1818182	3587.818182
754.6730769	3586.634615
763.3157895	3588.973684
683.2666667	3591.166667
736.525	3592.425
730.1794872	3594.820513
744.5340909	3594.659091
676.1818182	3594.272727
690.2459016	3594.377049
687.06	3599.26
734.3333333	3599.694444
680.4179104	3597.537313
740.7692308	3599.384615
726.6315789	3600.684211
736.95	3602.85
665.4117647	3604.882353
719.972973	3605.216216
762.4444444	3603.5
637.3846154	3605.384615
680.9016393	3604.934426
754.2892562	3605.61157
688.125	3605.9375
681.6033058	3611.917355
692.625	3613.625
704.2535211	3616.408451
717.6923077	3618
772	3618.5
671.4177215	3621.075949
634.64	3621.64
711.3333333	3621.333333
783	3623
656	3628.52381
672.8235294	3630.176471
637.7108434	3628.879518
671.7058824	3634.647059
677.1176471	3635.588235
739.8113208	3636.641509
680.6	3639.3
690.625	3641.71875
697.0759494	3645.493671
663.5444444	3645.2
739.8214286	3645.714286
744.3493976	3643.421687
705.1578947	3651.368421
739.7636364	3652.927273
747.4864865	3651.594595
779.5	3652.7
734.7954545	3654.431818
745.66	3657.74
711.2	3656.314286
735.962963	3660.722222
727.8095238	3661.333333
743.0909091	3662
710.3653846	3661.673077
704.6521739	3664.108696
714.75	3667.266667
778.8947368	3668.947368
743.1470588	3671.323529
713.5652174	3671.956522
754.1875	3676.375
691.2727273	3682
765.2619048	3684.47619
681.4642857	3685.428571
695.16	3697.88
668.75	3698.75
708.92	3698.72
697.7727273	3703.159091
703.1458333	3702.979167
696.875	3708.140625
706	3708.5
801.0444444	3811.422222
806.3673469	3811.061224
705.6	3814.733333
711.4285714	3813.785714
723.2222222	3815.111111
715.5	3817.692308
808.6571429	3817.571429
833.9285714	3820.535714
808.9333333	3824.511111
750.6714286	3824.485714
712.7692308	3824.769231
708.95	3827.225
842.9591837	3832.061224
817.7894737	3833.361842
829.38	3834.1
753.5306122	3835.061224
810.9056604	3839.415094
834.6428571	3838.357143
842.6862745	3840.745098
819.8539326	3841.898876
752.987013	3841.25974
837.7692308	3842.846154
698.6	3846.52
664.6153846	3847.435897
707.8214286	3846.892857
733.7837838	3847.324324
757.1714286	3849.028571
763.7439024	3850.743902
839.5348837	3847.534884
728.6153846	3850.076923
830.5	3851.5
698.8888889	3856.111111
774.7297297	3857.567568
691.6883117	3859.727273
767.8139535	3858.860465
776.1230769	3863
704.1282051	3862.948718
770.4042553	3866.234043
710.3508772	3864.929825
719.6875	3866.9375
724.6	3869.7
765	3867.929825
776.125	3868.875
730.7945205	3868.958904
770.2631579	3874.052632
795.326087	3873.782609
828.0833333	3875.333333
843.032967	3874.406593
777.9864865	3876.054054
784.7708333	3877.916667
807.2105263	3875.736842
820.5454545	3879.436364
789.5454545	3880.727273
792.4347826	3881.521739
798.6062992	3882.314961
836.4237288	3880.830508
785.3823529	3883.058824
804.1232877	3884.219178
745.25	3884.3
827.8709677	3886.451613
841.2444444	3886.377778
759.7083333	3890.041667
826.9230769	3890.923077
793.6666667	3893
719.5287356	3890.954023
724.8529412	3892.735294
833.3205128	3890.525641
858.4666667	3895.844444
782.3	3896.3
827.3174603	3897.238095
790.6538462	3896.884615
801.25	3897.29
722.5714286	3900.047619
796.0909091	3901.151515
728.5	3901.233333
716.5652174	3905.978261
791.3695652	3903.065217
821.6610169	3903.898305
780.8421053	3906.526316
787.1162791	3906.046512
711.3181818	3909.681818
792.6785714	3910.428571
846.15	3912
786.0588235	3913
781.5806452	3914.516129
727.5769231	3916.038462
896.08	3915.8
716.2083333	3919.083333
722	3918.684211
844.3103448	3919.413793
896.1594203	3925.028986
713.4705882	3926.147059
889.1666667	3928.111111
800.95	3930.25
833.75	3939.05
875.6	3938.6
820.5	3941
898	3941.275862
901.6666667	3939.136364
907.7865169	3947.213483
913.5	3943.75
825.125	3944.3125
897.2702703	3946.945946
774.4444444	3948.148148
919.94	3947.26
758.1428571	3950.071429
769.7368421	3950.236842
727.1818182	3951.181818
910.2941176	3952.411765
764.8064516	3952.580645
872.5849057	3954.283019
920.5035461	3955.929078
928.3255814	3955.27907
907.3043478	3955.913043
745.2222222	3957.611111
869.7333333	3958.933333
855.1111111	3957.944444
865.0833333	3957.916667
850.6060606	3959.787879
880	3961.5
790.8823529	3961.588235
796.7083333	3961.708333
887	3962
786.9411765	3962.882353
738.1363636	3962.863636
893.5211268	3963.084507
792.1818182	3966.424242
842	3965.5
918.9824561	3965.573099
898.4117647	3968.117647
779.2857143	3970.928571
783.9090909	3970.772727
888.0102041	3970.908163
877.7931034	3974
727.7887324	3973.732394
888.7727273	3976.5
732.4888889	3977.688889
769.225	3981.375
862.5	3981.409091
826	3983.090909
882.8333333	3983.25
774.3414634	3983.817073
856.1111111	3984.777778
887.5454545	3985.318182
799.6585366	3986.097561
765.173913	3985.434783
776.1153846	3989.307692
833.7058824	3988.411765
892.5	3987.865385
912.125	3988.125
761.9166667	3988.666667
795.9677419	3989.677419
850.2	3989.066667
859.6129032	3990.16129
895.4074074	3991.185185
854.8888889	3993.222222
909.9444444	3993.722222
889.5853659	3993.780488
778.2857143	3995.5
784.3809524	3994.952381
884.6666667	3995.242424
868.5	3996
842.8823529	3997.588235
853.8409091	3998.113636
859.94	3996.98
874.5	3999.714286
867.9015152	4003.189394
903.8	4001
847.1555556	3998.755556
839.4489796	4002.979592
856.2352941	4003.470588
875.0454545	4003.5
886.7878788	4002.30303
848.6923077	4004
852.2162162	4004.567568
860.2380952	4007.380952
892.78125	4004.03125
845	4005.555556
898.48	4005
837.9230769	4009.538462
847.2205882	4009.838235
882.825	4010.525
889.3970588	4009.602941
822.3043478	4014.217391
842.1126761	4014.929577
883.6666667	4015.266667
872.7741935	4016.483871
826.92	4017.56
789.9259259	4018.592593
860.5882353	4019.588235
878.9615385	4017.75
795.8181818	4020.424242
872.6730769	4022.557692
789.5777778	4025.088889
868.4857143	4024.714286
822.5772358	4024.861789
854.7090909	4024.618182
799.8	4029
806.9333333	4028.533333
865.9591837	4030.040816
827.3424658	4031.123288
855.5185185	4032.037037
837.5833333	4031.166667
844.1621622	4032.040541
860.137931	4031.293103
835.25	4035.466667
841.4285714	4036.642857
827.0535714	4038.839286
