X	Y
0	0
0	5143
5143	0
5143	5143
1158	195.5
1130.181818	269.7272727
1178.722222	297.1111111
1047.5	299.5
1150.222222	306.5
1179.575	331.925
1149.347826	345.5217391
1132.090909	346.1818182
1025.181818	355.8181818
1145.833333	358.5416667
1188.172414	358.8275862
1138.25	362.5625
1149.783784	361.7297297
1182.090909	384.3636364
1106.393939	389.030303
1164.380952	391.4285714
1101.692308	397.0384615
1118.772727	402.8636364
1078.457447	408.9468085
1119.631579	409.5789474
1149.791667	410.7083333
1114.678571	411.75
1145.342857	420.8857143
1147.407407	429.5185185
1003.241379	432.7931034
1022.5625	432.78125
1120.666667	433.4444444
1005.125	437.125
1094.793103	436.7586207
1083.5	440.5
1015.111111	446.5185185
1178.947368	450.6315789
1129.363636	459.9090909
1142.142857	460
1159.709677	464.4516129
1044.214286	473.1785714
1013.5	475.2142857
1151.366667	479.6333333
1052.5	480.7142857
985.6666667	493.3333333
1167.253731	495.0746269
1023.5	499
1152.923077	498.6923077
1045.636364	501.0909091
1087.551724	503.3103448
1187.5	504
1043.5	507.5
1132.826087	507
1097.578947	508.1052632
1138.92	508.44
1142.636364	509.5454545
1174.666667	510.2592593
979.9130435	518.6956522
1110.633333	519.3666667
1138.346154	522.8461538
1115.05	523.75
1253	524
973.4736842	531.6315789
1091.352941	534.9117647
1056.8	536
1105.806452	537.0967742
1055.5	541.2307692
995.1764706	542.1764706
1234.8	542
1144.4	545.4
981.8823529	549.5882353
1067.076923	553.3076923
1180.555556	553.4074074
1074.090909	556.4242424
1014.222222	563.5
1040.5	565
979.9259259	571.5925926
1121.030303	581.5757576
989.0555556	582.7222222
1074.806452	590.7419355
1092.875	591.3333333
989.2666667	592.3666667
1052.833333	594.6333333
1017.888889	596.7777778
987.5	598.75
997.5	605.7105263
1050.666667	606.875
1000.333333	613.4666667
1056.971429	628.8857143
872.4193548	648.4516129
909.9655172	652.5517241
1008.096774	660.4516129
947.1621622	663.9189189
1033.04	665.6
960.3448276	673.2758621
915	675.5
886.0384615	676.6153846
898.0882353	677.6470588
881.4821429	682.5714286
894.3333333	682.3888889
939.7	685.65
955.9285714	687.7142857
912.6363636	691.9393939
977.6315789	692.4736842
893.4166667	695.3333333
992.2	699.6
969.5	701.1666667
847.9333333	702.0666667
919.6315789	701.2631579
719.5	707.5
819.0769231	709.6923077
826.5	721
752.5	723.5
798.6470588	722.7647059
953.6666667	725.2380952
773.7333333	725.3333333
739.3684211	730.4210526
967.2307692	749.8461538
1045.666667	752.875
1118.878788	753.1818182
1147.5	763.5
1044.678571	790
1095	790.173913
1005.68	804.88
975.2	809.7333333
937.5	818.5
1030	826.8
989.1351351	828.0810811
1020.3125	836.5625
938.9722222	841.6388889
1064.424242	841.4242424
993.8461538	847.3846154
1073	862.5
919.5	866.8823529
1141.105263	866.4210526
996.68	867.88
1063.642857	866.5714286
1064.852941	870.7941176
915.9047619	877.5714286
1317.315789	877.8421053
933.5277778	883.1388889
922.6363636	882.9090909
1070.333333	883.5
924.3333333	887.8
972.5	890.9166667
980.6428571	890.4285714
948.4583333	891.5833333
1053.5	893.5
1064.631579	893.5263158
1014.56	893.68
928.2142857	899.5
970.8064516	905.0322581
946.08	906.8
986.4210526	906.8947368
973.5384615	909.1538462
944.9705882	911.4705882
1034.142857	911.8095238
995.6	927.4
1127.846154	932
1104.666667	939.5
940.5	945.8
1042.5	949.2857143
990.1578947	958.1578947
944.2777778	958.8333333
1101.692308	961.5
1110.142857	965.8095238
1132.222222	971.5
1095.757576	981.6666667
997.6071429	983.1785714
633.1904762	989.0952381
993.4090909	993.4545455
989	1002
1048.727273	1003.5
948.5294118	1010.647059
1002.724138	1013.206897
655.7222222	1020.388889
1028.2	1019.76
1237.5	1023
1067.5	1024.285714
973	1025.666667
978.7272727	1026.181818
1043.058824	1026.235294
1106.428571	1031.904762
1141.909091	1036.090909
1043.5	1037.5
743.3333333	1039.333333
1034.777778	1045.5
1175	1047.678571
952.7083333	1049
1031.086957	1060.434783
1094.923077	1059.846154
747.5	1065
967.68	1068.76
1140.777778	1071.148148
1176.84375	1070.4375
739	1075.333333
1111.666667	1074.611111
1154.5	1075.5
1126.105263	1081.578947
743.75	1083.25
748.6	1083.5
719	1084.5
1096.6	1086.9
1115.5	1090.5
939.5	1095.833333
1099.5	1101.423077
988	1103.333333
979	1105.2
957.8148148	1107.407407
919.7142857	1108.5
935.4166667	1109.333333
1050.6	1108.6
998.3846154	1109.769231
1003.941176	1110.176471
1110.227273	1109.772727
949.2608696	1117.913043
1118.619048	1118.428571
1065.36	1119.6
925	1120.166667
1005.296296	1121.444444
927.84	1123.84
1010.914286	1124.542857
938.3666667	1130.366667
966.125	1130
1067.833333	1131.5
598.8888889	1137.166667
607.9142857	1137.171429
950.3461538	1138.269231
851	1139.5
1196.882353	1141.411765
1052.25	1141.625
1033.333333	1143.125
610.5	1144
1224.567568	1144.945946
999.9230769	1148.092308
973.25	1148.75
982.6956522	1152.782609
1181.34375	1151.71875
1191.913043	1154.565217
571.7777778	1155.5
1060.333333	1156.733333
976.6521739	1158.217391
1192.888889	1157.777778
932.36	1163.4
1220.333333	1162.875
1035.086957	1165.217391
590.59375	1166.5625
962.3636364	1166.545455
536.7826087	1166.695652
884.5	1167.777778
1238.633333	1167.133333
1260.5	1169.5
628.2142857	1175.785714
1164.454545	1176.181818
1268.5	1176.777778
518	1178.5
964.3548387	1180.193548
550.125	1188.458333
946.3333333	1189.142857
784.3333333	1189.888889
972.9	1189.95
989	1194.375
901.75	1195.25
1169.363636	1199.545455
1212.133333	1199.266667
944.8421053	1202.842105
1044.285714	1203.5
1074.357143	1204.214286
1182	1209.8
993.3125	1211.1875
668.9	1218.95
1038.5	1220.136364
732.75	1221.375
450.5833333	1238.291667
757.4210526	1239.894737
748.6363636	1257.090909
812.5652174	1260.913043
930.1	1264.95
728.7142857	1266.5
967.5	1266.307692
973.2	1267.45
734.1764706	1271.5
681	1275.5
766.2857143	1278.142857
698.6086957	1279.652174
676.9090909	1281.090909
910.9230769	1281.192308
769.6842105	1284.157895
810.8947368	1286
758.3529412	1291
529.4482759	1292.413793
630.2	1293.1
652.2222222	1293.5
715.5	1295.272727
812.3846154	1294.615385
916	1296.2
734.8636364	1298
744	1300
545.0434783	1300.913043
821.1666667	1304.722222
709.6	1308.166667
693.25	1311.15
773	1315.708333
677.25	1317
799	1321.2
770.3333333	1321.625
698.4	1322.92
590.9	1324.05
586.4444444	1324.777778
548.5925926	1325.740741
715.08	1332.04
798.7096774	1331.806452
720.125	1334.25
1039.030303	1335.424242
678.9565217	1346.086957
549.28125	1346.84375
615.6774194	1346.612903
657.5	1348.5
701.5	1347.625
704.7105263	1351.184211
697.6086957	1351.956522
647	1355
653	1357
610.2	1357.733333
689.1621622	1358.486486
752.2222222	1359
711.2166667	1361.816667
542.7083333	1363.708333
538.875	1366.666667
711.6129032	1368.741935
607.5625	1369.96875
682.2115385	1377.365385
744.5	1376.714286
652.3333333	1380.857143
696.125	1381.875
479.5172414	1384.241379
669.7777778	1384.5
601.1153846	1385.153846
703.2857143	1386.535714
1195.5	1386.5
667.1111111	1392.037037
725.6153846	1391.384615
721.25	1393.05
648.4814815	1394.592593
935.7692308	1395.846154
624.9230769	1396.192308
672.6875	1396.0625
632.7954545	1397.954545
671.6363636	1400.818182
507.5	1401.5
1050	1401.857143
1050.363636	1404.909091
515.3846154	1406.615385
740.6842105	1406.842105
512.5	1409
521.1666667	1415
705.1904762	1416.857143
635.5	1422.5
937.2	1432
530.3333333	1433.083333
1030.487805	1436.463415
521.3	1440.3
1004.538462	1445.307692
1010.243243	1448.675676
467.8387097	1449.741935
1013.875	1452.8
1007.896552	1454
460.1666667	1462.166667
481.1176471	1466.588235
595.5	1468
1000	1467.961538
419.5	1470.617647
444.9069767	1473.023256
588.2222222	1474.388889
1001.875	1480.125
438	1493.774194
422.8333333	1494
713.5294118	1496.235294
441.0645161	1511.387097
963.3333333	1516.125
1164.4	1529.4
973.7407407	1552.851852
1054.583333	1559.708333
1009.619048	1564.285714
1219.5	1564.5
988	1573.5
1038	1583.27027
1122.8	1585
1167.344828	1589.310345
812.7647059	1596.764706
860.4444444	1596.925926
358.8888889	1598.666667
797.0869565	1603.347826
961.15	1607.15
1059.272727	1619.5
896.125	1626.6875
934.3809524	1629
876.4482759	1629.724138
938.1818182	1631
828.6	1633.6
849.6875	1632.8125
1057.685714	1633.771429
876.6	1637.4
890	1637.631579
963.7083333	1641
590.7826087	1641.608696
892.5	1641.5
968.6315789	1641.578947
988.1923077	1642.807692
1058.947368	1643.710526
979.5	1648
871.75	1648.75
1075.896552	1648.482759
822.6666667	1649.277778
992.4	1649.6
1071.25	1654.28125
747.6666667	1655.125
826.7272727	1655.045455
832.875	1656.333333
907.2592593	1659.074074
1062.771429	1660.028571
1105.365854	1660
1070	1661
1039.234043	1664.042553
814.1724138	1664.896552
739.2	1667.5
1022	1667.833333
891.5	1669
900.5757576	1669.575758
928.3181818	1669.954545
973.6190476	1670
832.2758621	1671.034483
842.7567568	1671.378378
1100.6	1671.96
939.6923077	1673.038462
1095.1	1674.033333
1027.142857	1676
818.5769231	1677.153846
833.2	1677
755.826087	1678.565217
1002.142857	1679
1128.384615	1680.384615
941.9285714	1683.142857
428.1034483	1685.482759
393.5	1687.5
1087.181818	1688.909091
806.0588235	1690.205882
846.1428571	1690.761905
976.7105263	1692.526316
877.5	1693
803.220339	1694.745763
1110.92	1695.2
795.6896552	1695.896552
1038.958333	1697.625
842.9259259	1697.407407
1116.806452	1701.193548
436.9333333	1702.733333
801.9333333	1702.6
976.5625	1703.0625
1139	1705.111111
1036.447368	1705.394737
776.6666667	1706.857143
1041.192308	1707.423077
741.1111111	1713
1071.586207	1713.275862
816.1071429	1714.178571
1000.357143	1715.785714
719.3913043	1716.782609
1120.5	1717.75
1110.526316	1718.421053
911.5185185	1720.111111
432.7777778	1720.944444
831.7058824	1722.5
1050	1722.56
1129.47619	1721.714286
753.16	1723.4
975.7272727	1723.5
1115.972222	1722.472222
736.2857143	1724.321429
993.5862069	1724.241379
1125.1875	1724
904.125	1726.875
1122.047619	1727.214286
307.0740741	1729.592593
945.2222222	1730.444444
1012.090909	1730.909091
940.4642857	1735.357143
961.6756757	1734.702703
744.7352941	1737
868.9166667	1737.583333
852.4210526	1737.394737
1120.289474	1738.105263
883.8648649	1738.648649
400.3846154	1740.461538
1020.105263	1741.421053
1028.421053	1742.684211
493.6538462	1744.153846
1053.8	1745
841.125	1746
792.9	1746.95
988.6097561	1747.609756
359.8461538	1748.102564
486	1747.923077
464.2	1751.085714
501.0769231	1752.846154
1005.5	1752.793103
1091.086207	1754.12069
986.5357143	1755.928571
364.5	1757
424.08	1757.72
478.6666667	1757.375
495.2195122	1758.195122
885.5	1758.714286
920.3076923	1758
925.2631579	1760.684211
426.8571429	1763
915.5	1763.5
1069.366667	1764.166667
750.6071429	1765.75
364.9230769	1766.615385
369.3181818	1767.863636
772.8888889	1768.333333
478.4705882	1769.352941
972.5	1770
446.5882353	1771.117647
956.5	1773.75
535.7037037	1775.481481
925.4375	1774.375
946.9666667	1776.1
777.4615385	1776.846154
514.0909091	1778.090909
1004.116279	1779.116279
990.3428571	1780.285714
946	1784
959	1788
393.8148148	1788.814815
966.5862069	1788.724138
1121.157895	1790.157895
982.3333333	1791.575758
1017.88	1793.32
450.8636364	1794
497.1904762	1794.142857
864.8857143	1795.314286
824.8125	1795.875
935.2222222	1796.037037
393.9090909	1797.090909
879.1111111	1796.444444
912.7222222	1796.25
991.6333333	1797.633333
1001.676471	1799.147059
364.5	1800
878.1176471	1800.411765
860.4	1801.6
321.72	1803.12
390.2954545	1803.681818
1042.5	1804.5
907.5	1805.375
915.8	1805.5
857.6333333	1807.233333
978.6486486	1807.810811
367.2142857	1808.357143
961.5135135	1808.702703
682.9090909	1810.090909
860.0588235	1811.470588
971.5882353	1810.882353
998.0357143	1811.214286
957.3548387	1812.516129
367.4482759	1813.586207
921.9545455	1814.045455
381.3846154	1815.5
794.2	1815.266667
881	1816.689655
1186.5	1815.785714
992.5625	1817.625
1148.5	1816.5
462.6	1817.866667
499.5	1819
340.7222222	1820.611111
405.6363636	1819.909091
899.5	1820.272727
940.9259259	1820.407407
1024.5	1819.714286
344.6842105	1822.842105
815.2058824	1823.970588
1139.2	1827.5
321	1827.8
439.5	1827.5
454.6944444	1829.166667
477.8421053	1828.842105
932.8064516	1830
963.5862069	1829.931034
432.0740741	1831.407407
324.0454545	1832.909091
409.9259259	1833.592593
942.2222222	1834.518519
932.09375	1835.5
415.7741935	1840.129032
928.4411765	1840.176471
855.9130435	1840.695652
935.7058824	1840.470588
948.4736842	1840.763158
1014.5	1844.5
997.75	1844.75
374.8461538	1846
915	1846
579.5	1848.2
937.2941176	1849.705882
426.6875	1849.8125
430.1578947	1851.947368
935.7916667	1855.333333
906.7083333	1857.208333
941.4375	1866.40625
1184	1868
369	1869
972.1	1868.95
828.6176471	1870.235294
264.8947368	1873.578947
458.9642857	1874.214286
1133.95	1873.7
1132.25	1876.75
917.25	1877.892857
928.1785714	1879.678571
402.0454545	1882.318182
935.96875	1882
1091.272727	1882.727273
406.4666667	1883.666667
1194.909091	1885.090909
584.3666667	1885.633333
1094.555556	1887.333333
468	1887.5
907.5	1888.214286
1224.366667	1889.433333
977.2727273	1891.5
1077.392857	1890.821429
1043.5	1894.272727
519.3888889	1894.861111
524.7777778	1895.555556
977.6470588	1897
507.6666667	1898.266667
957	1899.033333
569.76	1901.04
406.6363636	1904.909091
500.3571429	1905.071429
347.1764706	1906.352941
479.5	1906
1193.2	1911
425.04	1912.16
526.2391304	1912.065217
356.16	1913.72
509.6086957	1915.26087
1167.9	1914.95
1119.5	1916.5
487.4545455	1919.272727
1089.060606	1918.787879
450.1428571	1920
410.2380952	1921.380952
462.6764706	1920.029412
1208.619048	1922.047619
441.3809524	1923.52381
1199.321429	1924.5
484.9090909	1927.090909
436.2857143	1929.107143
510.826087	1930
524.7575758	1931.969697
548.2105263	1933.210526
500.7272727	1937.5
514.5	1940.5
521	1942.333333
409.4782609	1944.130435
1002.407407	1945.074074
452.3	1947.133333
510.4193548	1947.419355
563.7586207	1948.310345
486.0136986	1949.09589
466.7755102	1950.428571
492.6666667	1952.083333
412.8846154	1955.346154
542.3888889	1962.027778
460.8	1965.88
351.75	1967.5
469.1923077	1969.384615
303.9090909	1971.909091
341.6666667	1972.75
432.2884615	1973.5
469.4642857	1975.357143
572.2916667	1974.291667
514.8387097	1978.612903
313	1980
541	1980.875
350.2830189	1984.018868
465.4	1983.9
516.2727273	1983.954545
323.8709677	1984.645161
493.7254902	1988.686275
319.3076923	1992.769231
403.9090909	1996.69697
501.0869565	1997.782609
579.5	1998.5
411.2592593	1999.407407
421.7142857	1999.5
440.8648649	1998.810811
544.0344828	1998.827586
325.0666667	2002.066667
370.6363636	2003.5
504.5106383	2003.893617
598.5757576	2003.575758
500.05	2004.15
468.8666667	2008.533333
499.2857143	2011.732143
561.5454545	2012.212121
552.483871	2012.258065
469.2678571	2017.410714
433.6888889	2019.044444
319.7407407	2020.407407
601.7692308	2020.769231
608.4848485	2022.393939
366.0714286	2023.690476
486.1111111	2023.666667
405.6818182	2025.681818
414.4814815	2027.185185
312.1142857	2028.885714
455.6923077	2030.115385
411.4	2031.266667
494.375	2033.25
526.9393939	2033.424242
345.2631579	2033.368421
429.0612245	2036.306122
500	2035.5
344.1764706	2038.661765
354.4878049	2039.414634
616.9736842	2039
405.6060606	2040.515152
418.2682927	2043.780488
349.9047619	2048.428571
451.4	2049.04
541.8846154	2049
294.375	2052.25
374.8823529	2054.588235
308	2059.5
592.3783784	2058.756757
536.0967742	2060.387097
620.5652174	2062.608696
609.5	2064.5
348.4137931	2065.862069
280.4242424	2068.939394
321.0862069	2069.327586
376.0909091	2069.636364
438.3043478	2071.5
562.8571429	2072.809524
494.3333333	2075.5
623.2857143	2075.5
422.3684211	2084.473684
479.3076923	2085
467.0952381	2085.952381
466.5806452	2091.516129
274.3157895	2093.315789
294.6153846	2094.384615
594.45	2096.35
323.75	2097.75
427.5	2099.5
494.3703704	2100
501.5833333	2100.75
494.0909091	2108.363636
663.2380952	2108.52381
515.2173913	2108.304348
610.5	2110
658.5526316	2110.921053
638.6944444	2112.805556
680.0909091	2114.363636
309.1666667	2114.5
594.6857143	2114.828571
408.2432432	2117.189189
661.3666667	2116.633333
320.7857143	2121.642857
613.9333333	2123.133333
618.2222222	2123.037037
652.7777778	2123.5
363.1428571	2125.428571
476	2126.5
912	2125.571429
432.9259259	2127.592593
714.7058824	2126.588235
557.4150943	2128.188679
404.3	2128.8
640.7777778	2130.5
697.875	2131
322.1538462	2132
552.6470588	2132
974	2132
422.2	2134.5
309	2137.619048
625.5	2138.285714
591.7333333	2139.333333
544.8461538	2140
605.3333333	2144.393939
501.9285714	2147.857143
543.6666667	2148.69697
645.3448276	2148.275862
825	2150.2
629.0909091	2151.484848
669.7368421	2151.684211
502.8461538	2152.115385
497.0909091	2152.909091
510.32	2154.88
675.2727273	2156.363636
755.2727273	2157.590909
589.5	2158.5
719.5	2158.5
608.9285714	2159.071429
648.7	2159.925
657.7857143	2160.785714
690.4	2161.6
525.8571429	2162.285714
721.0869565	2162.73913
495.1891892	2165.756757
590.1333333	2166.533333
723.75	2166.678571
582.71875	2168.25
706.75	2171.5625
986.75	2174.375
710.1538462	2174.653846
690.28	2176.12
486.1428571	2179.5
770.3111111	2179.6
802.5	2179.823529
552.3666667	2181.366667
796.037037	2180.777778
513.25	2184.375
655.2926829	2183.463415
506.7826087	2185.913043
609.5	2186.5
649.9473684	2185.947368
794.7	2186.2
556	2186.5
941.2307692	2186.846154
677.8	2188.25
499	2191
571.5	2191.5
518.1764706	2192.470588
675.4814815	2192.481481
793.3125	2193.125
521.0666667	2195.6
542.7619048	2195
736	2195.5
538.7222222	2196.166667
642.25	2196.25
793.8461538	2199.307692
865.3333333	2198.75
809.7021277	2199.744681
613.3846154	2201.230769
789.1785714	2202.035714
627.3076923	2202.730769
312.6086957	2203.956522
587.5	2204.5
798.8571429	2208.428571
508.75	2209.5625
546.8965517	2210.482759
627.2307692	2210.846154
632.6451613	2212.225806
647.2222222	2211.5
506.7241379	2214.137931
741.0869565	2214.043478
682.75	2215.5
603.6428571	2216.535714
792.7419355	2218.032258
599.55	2219.1
734.1176471	2219.588235
546.125	2221.333333
640.3448276	2221.724138
935.7142857	2223.107143
613.3333333	2224.111111
748.0909091	2224.090909
562.2857143	2225.5
524.8	2227.5
498.1666667	2232.666667
983.1111111	2233.333333
493.6315789	2233.789474
660.75	2234.25
700.7142857	2235.5
760.2857143	2235.657143
606.5	2237.5
754.6333333	2240.366667
603.1176471	2243.588235
582.1904762	2244.142857
680.6060606	2244.121212
782.8823529	2245.411765
563.25	2248
705.4	2247.75
981.8235294	2248.352941
732	2249
743.9130435	2250.217391
606.2	2250.5
642.5	2251
683.5	2253
563.9	2254.2
752.0909091	2254.090909
706.8333333	2259.5
518.8076923	2260.423077
659.3333333	2261.111111
717.125	2260.791667
531.6176471	2262.970588
627.71875	2265.03125
975.8965517	2264.827586
645.72	2267.76
591.2142857	2267.5
610.75	2267.25
743.9259259	2267.407407
516.76	2267.8
527.4	2267.6
602.0416667	2269.416667
730.3428571	2268.285714
562.5	2269.5
726.12	2270.92
692.7894737	2271.368421
530.3783784	2272.891892
765.5	2272.777778
596.4	2277.6
600.5	2278.222222
672.75	2278.25
732.5882353	2278.117647
481.2857143	2279.238095
579.6666667	2280.393939
485.2	2283.16
531.5909091	2282.863636
594.2	2283.5
588.5	2284
786.6086957	2283.73913
640.3214286	2284.678571
482.2307692	2285.769231
534.8510638	2287.851064
576.6666667	2287.888889
571.5	2291
581.5	2291.678571
605.5	2294
520.1428571	2296.071429
663.1538462	2295.884615
670.6785714	2296.75
776.8888889	2296.888889
658.4333333	2298.033333
704.9189189	2298.081081
615.5833333	2303.979167
692.5	2302.705882
590.5333333	2303.666667
601.5	2304.714286
472.6666667	2305.636364
575.5	2307
596.6111111	2307.277778
664.9259259	2306.740741
442.8666667	2308.5
601.25	2308.75
657.3684211	2310.210526
669.2142857	2310.571429
684.3142857	2311.085714
506.8461538	2311.730769
695.1538462	2312.884615
575.375	2313.84375
665.71875	2314.8125
646.8148148	2315.592593
774.1176471	2316.411765
681.8947368	2316.526316
250.9166667	2320.666667
764.3333333	2320.393939
460.8888889	2323.055556
320.96	2323.8
630.76	2324.32
510.4848485	2325.151515
528.6666667	2325.266667
724.3125	2325.125
241.7692308	2325.153846
515.1578947	2326.263158
584.75	2325.666667
618.8421053	2327.157895
672	2326.685714
511.5	2330.59375
521.2857143	2329.942857
681.725	2332.775
687.7692308	2333.128205
352.1333333	2334.2
637.04	2333.6
740.962963	2335.111111
772	2335
381	2337
767.5882353	2337.117647
606.125	2341.833333
507.3870968	2343.354839
769.4848485	2342.606061
463.7407407	2343.111111
659.8666667	2344.2
678.7142857	2344.52381
348.8421053	2346.842105
548.969697	2346.575758
674.9705882	2348.294118
684.0344828	2346.224138
766.5	2348
667.2	2348.5
709.6923077	2348.884615
719.12	2348.52
558.4482759	2349.586207
639.4545455	2350.363636
732.5208333	2350.0625
461.1578947	2355.052632
670.5277778	2355.944444
479.1538462	2356.884615
549.245614	2358.596491
780.5	2357.423077
687.5357143	2359.428571
471.2903226	2361.451613
691.0454545	2362.681818
599	2364
747.2424242	2363.121212
641.7027027	2366.540541
717.7142857	2367.190476
501.6060606	2369.151515
740.88	2372.28
753.3571429	2371.785714
1077.875	2372.125
449.3809524	2372.571429
480.0533333	2374.2
542.7096774	2377.290323
715.5	2377
782.8461538	2378
654.6521739	2378.913043
336.5	2379.714286
315.5	2380.5
471.3636364	2380.818182
571.3333333	2380.75
454.5	2382
586.5	2382.5
645.3928571	2384.357143
785.4	2385.44
584.7692308	2387.5
557.2142857	2388.464286
743.4705882	2388.647059
519.7272727	2388.636364
761.2142857	2390.928571
521.75	2393.25
611.5	2394.444444
518.7586207	2396.275862
455.8823529	2400.411765
594.3157895	2401.157895
694.05	2400.9
638.6538462	2402.115385
747.4242424	2403.424242
691.6	2404.4
534.3333333	2404.875
694.6363636	2405.636364
707.8888889	2406.277778
616.8947368	2409.421053
732.7142857	2408.785714
753.5882353	2409.117647
728.5	2410.222222
537.4	2411.5
733.1363636	2413.227273
739.3461538	2412
579	2413.297297
616	2413
754.6363636	2415.090909
781	2414.878788
544.9310345	2418.310345
549.5416667	2420.416667
556.8	2420.5
727.1176471	2421.588235
750.6666667	2422.111111
771.7272727	2421.787879
722.1538462	2424.230769
747.8181818	2424.545455
409	2426.151515
726.6923077	2428.046154
558.9677419	2430.83871
579.4117647	2431.882353
650.5882353	2432.882353
626.1052632	2436.578947
607.96	2442.24
642.5333333	2442.333333
747	2442.173913
515	2443.5
668.5789474	2442.578947
589.7857143	2450.214286
705.96	2450.4
557.1153846	2453.961538
629.56	2454.92
766.825	2454.7
612.9090909	2455.909091
541.5652174	2458.173913
750.375	2458.125
570.9285714	2459.857143
492.1578947	2468.157895
460	2470.846154
570.95	2474.75
755.5	2487.5
484.0909091	2490.575758
530.2	2490.76
564.2857143	2491.5
731.6666667	2498.166667
710.8	2498.4
645.027027	2500.162162
544.375	2501
721.5	2503.727273
680.08	2509.56
643.12	2510.52
602.3846154	2512.692308
790.2941176	2513.5
637.24	2514.04
694.1333333	2515.5
508.5	2517.6
615.0909091	2520.909091
670.5238095	2521.619048
662.5652174	2524.086957
695.1578947	2526.157895
625	2528.84
825.2222222	2532.5
505.0434783	2533.695652
547.5	2533.777778
724.037037	2542.222222
644.9090909	2544.090909
720.2727273	2546.151515
786.3333333	2547.25
622.3529412	2548.470588
651.9	2548.2
632.5	2551
577.6666667	2551.875
657.3888889	2553.027778
731.5	2560
531.5	2561.833333
687.5357143	2563.642857
560.7575758	2570.575758
547.9259259	2574.592593
521.0434783	2574.73913
654.4074074	2576.925926
747.95	2581.1
681.7837838	2584.459459
790	2587.5
692.875	2587.666667
701.5675676	2589.432432
711.8333333	2593.066667
681.7096774	2599.709677
707.5	2600.777778
746.5	2603.5
563.6333333	2607.633333
690.5428571	2608.228571
701.3913043	2610.521739
657.5	2611
833.75	2611.5
520.9166667	2613.75
558.6470588	2614.470588
650.5	2613.5
628.5	2616
689.8214286	2616.107143
748.5384615	2617.153846
375	2619.5
673.36	2618.76
761.3913043	2622.086957
750.7142857	2624.071429
649.2777778	2629.388889
378.1176471	2634.617647
676.8823529	2635.411765
711.95	2636.9
390.969697	2639.090909
791.8333333	2640.125
658.9090909	2640.909091
713.6470588	2641
731.5	2642.25
592.4	2644.24
695.5	2644
711.5862069	2645.724138
690.6896552	2647.448276
701	2652
661.1428571	2653.666667
378.8125	2654.5
587.6956522	2657.217391
722.6315789	2656.736842
518.5	2657.884615
613.1538462	2661.307692
631.4	2661.6
731.8518519	2662.703704
721.7096774	2665.548387
636.6428571	2676.714286
942.5	2699.5
893.8333333	2704.5
1080.47619	2711.714286
823.28125	2719.15625
708.8421053	2722.842105
1008.615385	2749.384615
951.5217391	2777.913043
1041.925926	2780.444444
1006.615385	2789.769231
1016.692308	2792.230769
751.4666667	2805.133333
704.4545455	2809.590909
1052	2810.09375
1015.090909	2813.772727
746.7	2821.9
812.0769231	2822.769231
631.6	2831.08
1026.227273	2836.409091
736.125	2838.333333
784.84	2844
956.1034483	2844.172414
633.3529412	2846
545.25	2846.75
714.1875	2847.625
933.8333333	2848.416667
1060.228571	2850.428571
680.2142857	2851.75
723.5	2855
855.6666667	2855.875
863.3333333	2856.125
828.6875	2857.8125
675.5128205	2858.333333
670.7473684	2856.547368
774.2142857	2859.214286
846.9166667	2858.666667
791.2692308	2859.961538
726	2860.692308
979	2862.5
762.5	2863.794118
643.5	2867.4
684.4090909	2867.863636
763.25	2868.55
714.2	2869.85
759.9583333	2871.583333
633.7692308	2872.153846
712.05	2875.725
957	2875.95
699.6285714	2880.714286
738.8	2881
772.1304348	2881.521739
783.5	2884
763.5	2885.5
623.2941176	2886.294118
685.9583333	2886.125
702.85	2886.725
682.0588235	2889.411765
822.7894737	2896
758.5	2899
632.9655172	2901.827586
638	2901.777778
640.826087	2903.73913
878.6	2904.96
689.4615385	2911.153846
813.3235294	2913.647059
684.4074074	2918.074074
698.5	2919.785714
816.6	2920.08
579.52	2919.76
414	2922.8
862.78125	2923.0625
736.6	2925.085714
867.6956522	2925.086957
895.0571429	2925.971429
595.5	2928.285714
846.9545455	2928.568182
727.2	2929.76
693.5	2932.222222
753.5	2933.285714
874.9189189	2933.459459
801.8148148	2935.592593
645.2941176	2938.588235
708.8095238	2938.857143
609.8	2940.92
837.7857143	2944.428571
891.1836735	2944.183673
708.5714286	2946
829.5	2947.5
864.6521739	2951.652174
766.6896552	2955.448276
681.4	2956.111111
713.88	2960.08
844.22	2959.84
499.5	2962.6
754	2962.5
605.72	2964.04
718.5	2965
737.1111111	2967.333333
852.1714286	2967.428571
875.1578947	2968.157895
905.5428571	2968.085714
899.3421053	2971.210526
805.4242424	2976.424242
856.53125	2978.78125
1003.857143	2982.190476
533.3636364	2982.939394
856.24	2987.2
875.5	2988.555556
716.5	2994
882.9130435	2994.782609
636.6	2996.44
770.8148148	2999.592593
683.2	3003.5
583.2142857	3003.5
590.5	3004.5
623.4642857	3003.75
672.4	3006.6
716.2666667	3008.066667
665.4615385	3013.153846
717.6363636	3013.090909
652.75	3013.25
834.2222222	3016.5
929.5	3019.5
592.047619	3020.190476
895	3020.173913
835.8947368	3020.578947
752.027027	3022.594595
926.25	3022.5
764.5	3024.727273
756.5	3026.083333
568.3636364	3029
875.125	3029.666667
515.5	3032.714286
784.6086957	3033.782609
642.5	3035.2
711.6086957	3039.173913
593.4736842	3041.631579
570.75	3044.25
773.5	3046.785714
917.52	3047.12
548.2666667	3047.333333
642.8636364	3048.545455
811.5	3048.307692
568.6	3051.04
793.4347826	3051.173913
619.5	3054
771.8333333	3059.5
776.4	3059.24
574.7777778	3060.666667
579.1052632	3061
626.45	3060.65
657.8	3062.85
709.5454545	3064.636364
521.4375	3065.75
520.04	3070.4
585	3069.826087
612	3071.5
905.1891892	3072.135135
542.0769231	3074.307692
629.6470588	3076
643.7083333	3076.291667
862.5909091	3076.068182
615	3076.411765
780.3913043	3079.217391
616.8928571	3080.321429
883.9	3081.95
538.7272727	3083.5
788.875	3087.791667
906.5833333	3089.083333
693.6	3090.5
877.2916667	3091
556.9259259	3093.592593
572.76	3093.48
644.8611111	3095.388889
704.3333333	3094.5
883.3636364	3095.25
612.375	3096.84375
727	3103.5
638.6111111	3105.666667
548.05	3107.1
577	3109.5
796.2653061	3111.714286
808.0909091	3113.363636
918.4347826	3113.608696
852	3114.857143
768.7826087	3117.956522
643.3793103	3117
731.6153846	3117.615385
782.4705882	3116.764706
750.7142857	3117.5
817.3043478	3118.652174
614.2857143	3121
798.1176471	3123.411765
801.9090909	3122.636364
812.375	3123
937.3076923	3122.884615
807.2702703	3124.486486
630.1176471	3126.411765
816.4705882	3125.470588
600.7777778	3131.5
657.5	3131.5
847.7878788	3134.30303
742.90625	3135
790.6136364	3137.227273
847.1	3138.45
825	3140.5
795.5454545	3141.727273
745.4074074	3146.259259
846.5	3146
821.8095238	3148.857143
591.5	3149.5
842.5	3152.5
826	3151.833333
830.9	3153.433333
784.952381	3157.928571
824.1	3158.566667
818	3160.363636
730.7142857	3163.5
828.5	3162.5
821.96	3164.76
654.7241379	3165.586207
561.9677419	3167.612903
800.8846154	3166.846154
600.4516129	3168.903226
678.6	3168.8
707.5	3169.333333
805.4347826	3170.608696
795.1538462	3170.576923
631.0625	3176.6875
777.1578947	3177.315789
786.8333333	3177.833333
651.7666667	3179.4
644.9285714	3180.392857
781.8636364	3179.863636
763.9230769	3181.692308
813.1764706	3181.441176
776.0277778	3183.5
787.5806452	3182.870968
792.7058824	3182.588235
617	3184.777778
798.1176471	3186.411765
717.6	3187.5
564	3191.368421
733.5	3192
656.1956522	3194.695652
762.0967742	3199.258065
549.5263158	3200.631579
597.5	3202
634.826087	3203
796.6	3206.04
588.6190476	3210.952381
640.5	3218
807.6	3225.4
612	3229
555.6	3231.6
594.5555556	3232.666667
779	3239.5
762.0909091	3243.909091
595.8181818	3251.181818
753.5625	3253.375
793.5862069	3252.862069
603.46875	3256.65625
663.3333333	3256.933333
738.7777778	3257.666667
575.3684211	3262.552632
845	3264.153846
1087.5	3265.5
817.5882353	3268.882353
822.3846154	3270.461538
667.5	3270.8
653.826087	3274.304348
806.0625	3274.375
771.4210526	3274.894737
814.125	3274.125
817.7727273	3276.318182
822.4	3276.4
861.9032258	3279.709677
819.6875	3282.1875
872.9032258	3288.387097
773.1724138	3294.103448
825.5625	3294.75
921.9393939	3295.636364
753.4117647	3298.882353
894.7692308	3298.846154
641.6451613	3304.064516
481.8979592	3314.816327
762	3317.5
874.8	3318
745.2692308	3320.346154
740.4117647	3327.117647
803.5	3328
839.7142857	3331.5
887.5483871	3331.290323
893.5	3338.777778
835.5	3340.2
848.5185185	3341.888889
842.25	3345.25
779.6	3347.62
886.7878788	3350.818182
841.3913043	3352.26087
889.9130435	3355.782609
716.3333333	3357.266667
743.4117647	3367.588235
884.1666667	3368.916667
818.56	3372.92
762.0909091	3375.909091
783.25	3377.875
895.0357143	3392.214286
712	3393
879.8181818	3394.454545
817.5	3395.666667
736.3333333	3397.242424
880.8095238	3398.380952
892.05	3400.1
758.0645161	3402.354839
776.55	3410.7
704.7894737	3414.210526
780.6551724	3414.724138
747.5609756	3416.414634
890.96	3419.56
737.8421053	3420.578947
896.4285714	3422.428571
653.4666667	3422.533333
654.5	3426.777778
845	3429.210526
699.1724138	3434.931034
797.9130435	3435.782609
817.1034483	3443.310345
823.5	3443
829.4516129	3448.903226
819.9047619	3451.285714
872.826087	3456
823.5555556	3462.444444
702.6190476	3464.571429
710.875	3464.666667
847.3333333	3469.733333
740	3473.666667
796.037037	3474.592593
706.7368421	3475.552632
859.5	3477.363636
897.5	3483.5
791.5	3486
798.96875	3487.625
769.3043478	3487.652174
771.8529412	3492.205882
760.8	3491.4
783	3492.291667
692.3666667	3494.633333
697.5294118	3496
704.0833333	3496.625
713.1304348	3497.217391
773.2894737	3499.263158
746.7	3503.1
844.7777778	3506.388889
858.5862069	3508.37931
728	3513
719	3516.473684
863.5	3517
685.5	3517.5
821.2708333	3517.6875
707.09375	3520.6875
736.0833333	3525.875
815.7666667	3535.633333
711.95	3544.25
982.5	3548.5
769.9166667	3549.791667
699.9375	3553.125
753.6315789	3553.210526
777.5588235	3552.647059
791.5	3552.727273
816.375	3557
705	3559
687.75	3559.125
731.7714286	3560.428571
816.4117647	3561.529412
754.4	3562.96
793	3562.5
675.6666667	3567.277778
720.1666667	3567.333333
686.2222222	3568.444444
732.5128205	3569.461538
781.8571429	3578.190476
754.5416667	3578.875
828.7142857	3579.5
617	3580.2
848.5	3581.115385
866.037037	3583.592593
711.974359	3585.974359
813	3587.333333
847.3333333	3587.5
746.52	3590.52
621.1176471	3595.588235
804.8965517	3595.310345
676.9130435	3595.956522
741.7466667	3598.866667
734.875	3603.875
787	3609
746.5	3610.777778
695.4242424	3623.424242
742.7916667	3624.5
836	3625.096774
808.1304348	3627.478261
702	3634
713.3214286	3635
790.0555556	3634.777778
795.5	3636.5
760.1428571	3638.571429
808.5384615	3640.307692
647.55	3660.1
840.6153846	3667.615385
708.7777778	3686.555556
699	3692.789474
816.6363636	3703.545455
833.8823529	3704.411765
934.2222222	3716.5
791.1724138	3719.758621
823.8947368	3723.578947
915.9642857	3724.107143
811.5454545	3738.818182
779.9090909	3742.090909
820.8823529	3742.411765
908.25	3741.527778
1070.111111	3744.666667
919.6129032	3744.709677
904.0175439	3747.298246
1022.692308	3747.038462
920.1176471	3749.411765
883.7916667	3752.708333
771.2857143	3755.5
819.4571429	3757.8
806.3095238	3757.452381
796.1886792	3760.471698
915.92	3761.28
800.9	3762.46
782.8064516	3763.225806
764.1956522	3764.630435
872.5	3767.1875
968.047619	3770.809524
879.5217391	3773.391304
959.5416667	3779.791667
922.2142857	3787.5
825.7777778	3788.222222
914.9444444	3787.222222
914.3125	3791.25
910.1034483	3792.172414
938.1034483	3792.172414
778.9135802	3794.320988
896	3793
796.0833333	3796.666667
790.5897436	3796.666667
857.3913043	3799.347826
774.3333333	3798.833333
798.8421053	3800.157895
769.4166667	3803.291667
947.5	3804
839.5	3806.142857
826.6142857	3809.042857
845.0833333	3811.833333
776.5	3814
978.0512821	3813.871795
852.7916667	3815.333333
744	3818.826087
967	3819.5
979.2142857	3821.571429
987.4666667	3825.633333
1003.192308	3827
978.7368421	3830.368421
978.9411765	3834.235294
779.8717949	3835.128205
934.2	3835.1
967.6	3839.6
976.6216216	3845.027027
987.5	3846.5
826.5172414	3850.103448
830.9615385	3853.692308
902.4	3853.96
983.7333333	3856.833333
852.88	3858.24
850.1111111	3861.111111
828.76	3861.8
856.3888889	3861.722222
797.625	3864.7
812.5757576	3865.424242
935.8636364	3866
956.6129032	3867.387097
895.6190476	3869.285714
946.5185185	3868.888889
871.0434783	3871.478261
850.7407407	3874.555556
970.1904762	3875.095238
797.3809524	3875.761905
837.09375	3884.375
895.7105263	3885.657895
932.56	3884.92
830.4347826	3886.304348
1013.225806	3891.483871
813.4	3893.95
981.5306122	3894.142857
869.8148148	3900.407407
818.8	3902
992.4285714	3908.5
932.0571429	3911.514286
940.6509434	3911.660377
928.0645161	3919.870968
934.475	3918.191667
801.3636364	3926.909091
1000.62069	3927.827586
821.08	3929.44
976	3934.75
889.25	3936.875
873.8181818	3937.818182
1001.04	3938.12
891.4090909	3940.318182
884.5641026	3944.051282
876.7352941	3950.294118
897.3666667	3952.366667
1100.733333	3987.666667
1094	4045.5
1095	4067.5
