X	Y
0	0
0	5143
5143	0
5143	5143
1103.5	268.5
1095.914286	275.152381
1103.894737	276.4736842
1101.333333	282.2833333
1110.193548	281.3548387
1094.190476	283.6190476
1132.675	284.55
1124.1	285.8
1098.142857	289.4183673
1112.411765	288.8823529
1121.6	292.24
1038.208333	292.7083333
1108.346939	294.4285714
1057.25	295.125
1100.392857	295.3571429
1093.310345	295.9655172
1088.551724	300.2413793
1134.383333	301.1166667
1095.169014	302.0704225
1126.875	302.875
1080.36	304.6
1052.27451	304.3235294
1101.461538	304.2769231
1085.576923	306.6923077
1088.761905	309
1113.342857	308.1714286
1139.636364	310.0909091
1046.222222	310.6666667
1056.25	311.28125
1093.507042	312.0422535
1051.162791	313.8139535
1128.736842	312.7236842
1084.032967	315.5604396
1097.125	315.925
1043.875	316.125
1113.3	317.6
1109.615385	317.5384615
1059.22	317.94
1092.032258	319.9032258
1123.090909	319.5324675
1070.8875	322.925
1080.25	324.5833333
1132.978261	324.9782609
901.7272727	325.9545455
1092.188235	324.8470588
1101.155172	326.137931
1116.521739	325.9565217
1124.385621	330.6470588
908.4186047	327.3488372
1079.142857	327.5714286
1106.806452	328.4516129
1043.1	329.4
1086.155844	328.7012987
912.04	330.72
1110.333333	331.9047619
1114.64	331
1106.888889	334.2222222
1098.395833	336.0208333
1058.066667	337.4
1074.65	337.3
1103.6	337.7
1159.26087	337.6086957
1116.766917	338.9774436
1043.711111	340.6666667
1089.665654	342.556231
1151.615385	341.3333333
1057.9	342.4
1062.952381	341.6190476
1079.215686	342.1764706
1107.488889	341.6444444
1144.826087	343.173913
1102.195652	344.8913043
1111.777778	345.9444444
1126.5	346.5
1056.4	346.25
1072.724138	350.4252874
1154.362069	347.3793103
1064.114943	347.4827586
1077.978723	350.0638298
1085.183673	349.6938776
1139.971014	348.115942
1134.151685	353.1853933
1058.24	351.92
1104.517241	351.6206897
1112.717949	350.9615385
1050.807692	352.6153846
1121.633663	352.2772277
1144.764706	353.3529412
1160.035714	352.7857143
1054.823529	355
1081.909091	355.3818182
1063.836538	357.0961538
1114.157895	358.0263158
1070.447368	360.2631579
1090.194444	358.9444444
1042.192982	361.3157895
1135.461538	361.8846154
1050.611111	361.6666667
1081.825581	362.3372093
1106.382979	361.0319149
1090.190476	364.3809524
1098.2	359.1428571
1115.4375	362.578125
1153.870968	363.1935484
1064.402597	365.8441558
1098.647727	369.8068182
1043.717949	368.0769231
1076.098039	365.0196078
1151.272727	367
1118.315615	369.6179402
1092.772727	369.9090909
1070.942029	371.2318841
1104.576271	373.5254237
1086.66242	375.1464968
1078.22973	373.8378378
1156.197368	374.7368421
1127.27907	376.2093023
1145.578125	374.734375
1099.754386	379.4912281
1060.852941	378.8529412
1143.083333	381.0833333
1075.5	380.6666667
1132.283019	379.9811321
1070.857143	380.9285714
1112.5625	381.25
1125.481481	383.1851852
1155	381.5
1079.230769	383.2307692
1064.146667	384.9333333
1058.073171	390.1219512
1071.277778	386.75
1139.089552	385.4701493
1051.551724	386.3448276
1120.72	384.9866667
1128.933333	387.9333333
1077.333333	387.8181818
1092.967391	386.9673913
1081.103448	392.8275862
1075.043478	393.1521739
1132.391304	391.4782609
1113.852174	390.8173913
1086.911504	392.4867257
1100.375	394.375
1120.288462	394.7884615
1125.5	395.8076923
1129.8125	396.5
1142.083333	395.7916667
1106.015075	392.8844221
1099	398.05
1115.390244	403.2926829
1139.402439	402.4512195
1066.869565	403.173913
1086.855263	404.5
1079.176471	401.8529412
1104.086957	403.5652174
1108.2	403.5333333
1093.424658	403.2191781
1130.884615	404.6923077
1046.195122	403.8780488
1099.466667	405.6222222
1062.8	406.5
1071.45614	402.4385965
1051.431034	408.1206897
1122.885714	409.6857143
1100.508772	412.3859649
1110.217105	412.1776316
1127.857143	414.9285714
1135.703947	412.5197368
1044.887701	416.8235294
1026.375	417.625
1064.558011	418.2375691
1092.642857	422.2619048
1036.764228	423.1707317
1079.5	422
1103.791667	424.4166667
1130.44	423.84
1085.934211	425
1053.694118	428.2470588
1076.257143	429.4857143
1083.9	431.88
1060.454545	432.6363636
1028.168067	431.4285714
1039.918605	431.6860465
1047.5	432.047619
1068.515152	434.030303
1016.284264	429.7918782
992.9545455	437.2727273
1000.727273	436.6363636
1036	437.4736842
1054.431034	436.5344828
1081.263889	438.0555556
1044.228916	439.4578313
1119.870968	439.7096774
1008.266272	440.7159763
1053.863636	442.7272727
1060.536082	442.1546392
1066.125	441.96875
1074.111111	439.5277778
1027.464935	445.625974
1048.291667	445
1071.40678	445.0677966
1118.5	445.1875
1054.4375	447.3125
1110.324675	449.0649351
997.8	447.55
1005.825	449.675
1044.325843	450.3483146
1020.625	452.3125
1117.884615	451.9615385
1066.940299	453.5447761
997.6486486	454.8378378
1055.418033	453.3114754
1127.268293	453.0487805
1006.209302	456.627907
1030.565217	457.2608696
1117.741935	456.8387097
1016.29	457.01
992.5789474	457.8947368
1025.5	462.244186
1046.727273	459.7045455
1055.645161	461.4032258
1072.376147	461.3211009
1131.960526	462.6315789
1012.896552	465.6465517
1066.545455	460.1818182
1106	460.82
991.5882353	462.8823529
1004.821429	463.5
1038.470588	462.4705882
1044.947368	464.9473684
1060.588235	464.7647059
1123.739726	468.1369863
1030.25	468.75
1059.142857	469.6428571
979.0384615	472.1538462
995.8145695	471.5033113
1044.111111	471.2222222
1080.638889	471.4583333
1004.642857	472.75
1084.307692	478.6346154
984.7407407	476.962963
978.1	478.1
999.7575758	479.2727273
1122.066667	479.9333333
1077.619048	480.6904762
1088	485.75
1054.384615	488.3846154
1077.697674	487.4186047
1068.861789	489.4796748
1131.47619	492
1075.594059	497.029703
1059.011111	497.9222222
1127.447059	500.6470588
1065.909091	501.0181818
1053.9	504.7
1075.5	504.3888889
1120.705882	504.1176471
1031.463415	505.3170732
1061.8125	507.2083333
1052.384615	510.2307692
1132.029703	508.3861386
1028	510.4666667
1036.28	511.6133333
975.1724138	512.1034483
1055	512.5
1045.788462	515.0480769
1009.636364	514.5
1026.27381	519.1428571
1001	515.5
1032.32	517.88
1014.25	518.875
972.1764706	519.3529412
1038.103448	518.6206897
1120.269231	519.6538462
1034.75	521.9375
984.8181818	523.5454545
962.5	524.2
974.1176471	523.7647059
969.826087	528.0434783
1091.631579	527.0526316
960.625	528.625
1044.611111	527.0277778
1050.460317	528.6349206
1086.127273	527.1090909
981.0222222	528.6222222
1014.333333	528.7833333
945.3518519	530.037037
975.097561	531.3414634
979.7142857	534.3333333
1032.714286	533.3007519
1047.886792	537.8113208
978.0649351	539.8961039
1029.387387	543.4144144
1082.403509	542
984.5454545	544.4848485
978.25	545.875
1077.708861	544.8734177
969.6153846	547.3846154
1093.309091	547.9818182
935.6086957	550.3478261
1034.125	550.875
1107.04	550.3
1037.642857	551.7142857
932.8571429	553.4285714
1023.875	552.6666667
1080.294118	556.5882353
935.5	558.6666667
1008.8	558.7
1019.814286	557.8714286
1014.647887	562.1126761
1035.833333	562.0833333
998.4545455	564.3636364
1024.34	564.7
1013.576923	568.7179487
1038.466667	567.5555556
1069	568.5
981.2758621	569.4137931
1000.489796	572.7823129
1016.421053	573.6315789
958.5483871	575.3870968
1057.8	573.5714286
967.55	574.6
1009.918367	575.6734694
1034.777778	574.5555556
953.6111111	577.3333333
989.4948097	579.4948097
974.6923077	578.4230769
979.5	578.5
1025.727273	578.0454545
1069.4375	579.5625
1018.163265	578.8265306
998.9444444	581.8518519
970	583.5
958.0307692	591.2
987.24	589.88
952.5	591.5
1057.622951	591.704918
1066.408163	590.6938776
1048.153846	593.6923077
1004.769231	593.8461538
953.88	596.76
989.3744856	599.654321
1008.472222	603.9444444
1013.2	603.92
1017.228571	604.9714286
1050.288462	604.7115385
999.68	606.76
1007.5	610.5
1020.322034	612.6779661
1000.741935	614.2903226
1005.153846	613.9230769
1019.092593	626.3148148
1033.428571	625.2142857
892.6666667	640.1111111
889.5294118	642.7647059
881.3623188	643.3913043
884.3372093	649.4883721
893.462963	647.4814815
909.1621622	652.5945946
870.825	655.675
877.1938776	651.9693878
886.9708738	660.4174757
914.1153846	658.0384615
874.6065574	660.5409836
903.625	659.25
881.1923077	661.8461538
891.7419355	659.6774194
896.3947368	664.6842105
912.92	666.88
851.9333333	666.3333333
891.7307692	668.1153846
863.7987013	667.8571429
876.4833333	669.3583333
874.7826087	677.6956522
884.6363636	679.2272727
857.7257384	680.4219409
828.0847458	680.7288136
878	681.0555556
820.7848101	683.9367089
870.625	682.35625
839.1333333	686.0666667
897.3	686.1
886.46875	686.03125
829.3859649	687.9649123
905.2643678	687.3563218
915.890625	689.359375
842.8275862	691.4655172
824.2567568	693.027027
834	692.3214286
868.0333333	691.6333333
903.35	694.55
856.8345865	692.6090226
887.5882353	693.2941176
865.3658537	696.5365854
839.3243243	696.6216216
880.9756098	693.7926829
820.4482759	696.7241379
833.85	698.05
828.64	699.48
822.7857143	701.1904762
931.0625	699.625
886.952381	704.8095238
867.8888889	708.7111111
880.45	709.25
836.8235294	711.2941176
865.1	712.7
888.6849315	711.1780822
875.5	713.25
852.5	715
859.1333333	714.4666667
898.4150943	714.6415094
1066.294118	754.8823529
1091.117647	755.8088235
1083.735294	756.0882353
1081.038462	760.9230769
1039	762.8837209
1064.794521	763.1643836
1087.607595	767.0126582
1054.176471	766.0980392
1078.213333	767.96
1063.65	770.25
1051.666667	770.2222222
1072.415385	773.5384615
1081.205882	776.1176471
1065.136364	775.9318182
1056.375	777.625
1073.526316	779.3684211
1067.676471	784.127451
1062.961538	787.1153846
1075.652174	785.7681159
1036.410256	788.8461538
1059.625	795.1875
1036.653846	796.0769231
1015	814.3888889
991.2692308	821.1923077
1004.747368	819.6736842
996.9230769	823.1282051
1007.258993	828.1151079
991.4146341	828.5609756
996.2941176	830.5588235
921.125	832.125
967.9814815	831.7777778
978.862069	831.6206897
1043.711111	834.8666667
988.8214286	835.3928571
1004.727273	837.6694215
1013.666667	834.8148148
955.9354839	840.3010753
1015.924528	840.1320755
1043.384615	840.8205128
907.4385965	840.9298246
916.3658537	840.9512195
984.9274194	841.7741935
997.4244604	843.8417266
1026.136364	844.2272727
923.6666667	845.2444444
909.9130435	846.173913
918.3684211	847.1578947
1013.65	847.05
1019.542553	847.7021277
949.925	847.575
913	848.4444444
989.1351351	849.7837838
1003.615385	853.4307692
1012.8	852
916.1818182	852.4545455
1023.904762	853.4761905
993.3428571	855.4571429
998.2592593	855.037037
925	855.5217391
908.8194444	855.8541667
930.3	859.6
986.826087	858.7608696
1044.117647	858.5882353
992.6444444	861.7111111
923	861.7894737
1013	862.3333333
1122.368421	863.6315789
899.2075472	865.0754717
909.9375	863.6875
941.4807692	864.1346154
985.7826087	863.6956522
1049.333333	863.4
912.2	867.3
961.3684211	867.5263158
992.3030303	867.2727273
1021.271739	864.5597826
944.9090909	867.9090909
1099.866667	868.2
1155.111111	869.0555556
1047.914894	870.4893617
1053.071429	870.1428571
1145.642336	869.8978102
964.3636364	871.5454545
1134.426829	872.304878
913.76	872.96
919.5238095	874.047619
961.2631579	874.3684211
1020.098361	876.5081967
1156.7	874.5
1030.588235	876.4705882
1150	876.7727273
1153.6	877.6
1025.612903	879.0967742
1139.877551	879.0408163
1146.666667	880.3333333
939.5	880.4
915.4831461	887.1460674
1033.170213	883.3297872
1037.613636	883.4772727
923.4210526	887.8421053
1047.472727	886.2545455
907.4791667	888.625
972.057971	887.7971014
982.9264706	888.25
988.4285714	888.9642857
1027.888889	889.5555556
935.3225806	892.8709677
1050.272727	892
1021.336538	894.0384615
1034.054795	895.8082192
909.64	896.24
1012.916667	897.1666667
920.5	898.375
949.9545455	898.7272727
956.3428571	899.3714286
979.9607843	897.1764706
1030.079365	900.5238095
905.7083333	899.5
938	901
985.9166667	901.8333333
1020.304348	899.6086957
914	901.2222222
958	904
1013.724138	902.8275862
908.8	905.95
915.3157895	909.1403509
990.6666667	910
1014.411765	911
1028.595238	908.547619
923.0487805	912.0243902
1043.430769	912.6461538
987.5	915.5
1019.950739	912.5665025
1037.078431	916.4313725
1027.391304	921.1630435
917.6666667	922.75
990.0280374	921.8317757
929.3396226	925.2830189
983.5263158	927.8684211
992.6818182	929.6363636
1029.986486	928.6486486
1021.117647	929.8088235
1039.833333	932.0277778
936.6938776	932.7142857
1028.636364	935.1363636
983.0357143	937.5357143
944.754386	941.0877193
939.5454545	947.6363636
979.6744186	947.372093
984.1470588	948.0588235
965.4545455	948.6363636
1025.171875	949.953125
977.7857143	954.6714286
1025.882353	959.1764706
999.4666667	969.8666667
938.1428571	979.1142857
956.6969697	978.8787879
1004.074074	981.5925926
1033.351351	983.5675676
954.5076923	984.8923077
942.5571429	987.8428571
959.1034483	988.1724138
630.7674419	987.7209302
1000.333333	989.1282051
635.5909091	989.5227273
1036.468085	990.8297872
938.7647059	994.4705882
937.6363636	1000.727273
943.974359	1001.948718
935.2891566	1006.409639
948.1851852	1005.981481
1028.434783	1007.021739
1035.028571	1008.228571
1072.148148	1007.962963
931.6428571	1013.964286
935.46875	1016.71875
943.2727273	1016.060606
1015.821429	1010
1031.3	1011.35
1023	1012
947.0526316	1014.157895
950.7757009	1016.074766
1107.78125	1018
937.091954	1024.068966
1028.632653	1025.653061
1060.388889	1029.861111
677.5333333	1033.716667
683.2857143	1035.928571
673.6458333	1037.375
669.0714286	1039.642857
687.4	1042.35
679.25	1042.525
695.0896552	1042.441379
672.68	1044.48
683.7692308	1045.346154
1082.932203	1046.305085
659.5	1047.4
1004.555556	1046.933333
1076.259259	1046.407407
678.6428571	1048.107143
671.5714286	1048.571429
689.925	1047.875
1081.236842	1051.736842
520.3255814	1049.255814
686.4756098	1053.341463
516.6	1054.075
528.0634921	1052.52381
1074.365385	1052.403846
657.8809524	1053.904762
522.8367347	1057.204082
537.5	1055.708333
533	1056.1875
659.8636364	1056.681818
664.9375	1056.1875
1057.289474	1057.078947
1020.215686	1059.27451
511.3235294	1057.573529
695.1428571	1056.945055
1076.751634	1061.993464
1070.261538	1058.784615
533.0434783	1062.478261
540.6666667	1060
1010.5	1060.75
659.6285714	1062.4
929.9285714	1061.857143
1048.608696	1062.043478
1088.045455	1062.272727
1006.294118	1062.941176
506.9036145	1065.228916
512.5	1064.178571
701.9285714	1062.5
916.6	1063.6
518.3191489	1063.404255
537.2	1065.8
560.7857143	1065.357143
692	1066.30303
696.7575758	1065.666667
708.6	1067.033333
713.0833333	1066.083333
477.9772727	1064.909091
499.2608696	1066.130435
979.9452055	1067.109589
1065.205128	1068.025641
514.1875	1069.625
537.9166667	1070.583333
1060.48	1070.2
693	1071.25
728.5185185	1070.37037
473.496732	1071.026144
712.0666667	1072.066667
904.5	1072.285714
975.0441176	1073.485294
969.55	1073.65
511.4814815	1074
721.85	1073.5
517.1111111	1075.388889
522.3529412	1075.470588
916.5740741	1073.574074
553.483871	1076.225806
732.2647059	1076.470588
539	1077.941176
705.2021277	1076.882979
1039	1078
506.9090909	1078.545455
514.5454545	1079.090909
968.9393939	1078.181818
1052.843137	1079.745098
441.5	1080
924.5675676	1079.621622
726.5	1080.022727
547.3472222	1082.291667
967.2272727	1082.272727
520.7333333	1082.866667
671.4117647	1083.117647
698.1884058	1080.202899
711.8809524	1082.230159
919.4411765	1083.764706
949.7142857	1083.5
955.5	1082.5
463.75	1084.333333
502.6078431	1082.411765
508.2307692	1084.384615
536.65	1083.733333
542	1085.52381
729.6428571	1085.964286
1048.8	1084.1
658.0740741	1085.407407
679.1710526	1088.04386
692.2626263	1083.949495
977.5217391	1085.391304
529.6637931	1088.698276
459.5517241	1087.275862
536.0384615	1089.423077
552.1111111	1087.666667
703.0416667	1087.916667
541.2	1090.7
692.7302632	1094.644737
828.3673469	1091.265306
709.3777778	1092
486.0454545	1092.954545
495.122807	1092.561404
507.0454545	1093.272727
703.2824427	1096.961832
978	1094.916667
526.4615385	1096.153846
539.1842105	1095.5
551.1034483	1096.37931
682.65	1097.983333
985.0666667	1096.044444
712.4166667	1098.333333
933.2181818	1098.090909
669.4090909	1099.863636
538.6315789	1100.736842
556.9111111	1100.244444
497.58	1100.22
963.516129	1100.83871
676.6805556	1102.958333
685.4166667	1102.916667
707.3690476	1106.511905
563.25	1106.366071
689.978022	1105.681319
585.7241379	1108.732759
698.9146341	1108.012195
576.9393939	1108.606061
950.8157895	1111.236842
693.6129032	1113.064516
938.8235294	1114.882353
704.1111111	1115.074074
943.7222222	1114.166667
595.6463415	1117.195122
961.4	1115.6
558.2857143	1117.5
949.6741573	1118.382022
942.5882353	1118.705882
974.4	1122.4
1024.4	1123.4
824.875	1124.125
587.6808511	1126
951.5806452	1130.064516
828.6746988	1134.084337
834.0833333	1132.625
883.125	1133.125
954.6190476	1134.571429
967.4074074	1135.481481
931.5	1138.5
612.975	1139.6
502.1111111	1141.148148
938.5	1141
955.6056338	1139.704225
838.95	1141.7
829.3333333	1143.47619
826.2142857	1143.214286
952.5442177	1145.734694
607.137931	1145.413793
584.6	1145.933333
925.7727273	1146.863636
930.2	1151
946.3157895	1151.859649
589.925	1152.925
937.7575758	1154.232323
892.4634146	1157.365854
915.0363636	1157.872727
883.3913043	1159.043478
636.5	1161.5
921.4086022	1161.784946
906.3421053	1161.684211
911.8461538	1162.846154
595.1692308	1162.123077
632	1162.28
900.6435185	1166.50463
608.0526316	1165.736842
629.3529412	1164.794118
887.682243	1166.915888
598.8285714	1164.628571
573.7916667	1166.958333
603.0483871	1167.451613
881.0434783	1168
927.4433962	1169.716981
597.75	1170.95
577.0769231	1171.230769
608.2820513	1170.25641
873.3255814	1171.27907
897	1171
592.4727273	1173.163636
611.9166667	1173.166667
621.864	1174.016
958.05	1172.825
1014.75	1173.75
1107.568421	1175.642105
628.5882353	1174.764706
880.7608696	1174.478261
601.5538462	1178.230769
893.5375	1176.6
900.8	1175.5
1021.15	1176.2
874.2368421	1177.157895
947.4166667	1177.291667
1099.803571	1179.767857
616.2580645	1178.596774
674.25	1178.875
682.5416667	1178.958333
907.4615385	1178.730769
1115.222222	1178.962963
634.7222222	1180.555556
690.6363636	1181.090909
890.6363636	1181
901.4285714	1181.771429
988.4705882	1182.411765
982.1071429	1183.035714
1120.479167	1183.083333
619.9245283	1185.132075
895.7407407	1184
1103.521739	1184.086957
602	1184.5
612.4054054	1185
632.64	1186.06
638.4166667	1184.416667
642.7575758	1185.575758
688.8461538	1184.961538
889.3181818	1185.545455
913.5959596	1186.79798
603.8181818	1187.727273
661.5409836	1190.459016
1009.956522	1189.652174
1088.895522	1189.477612
641.8604651	1193.604651
688	1190.466667
890.5909091	1191.727273
667.7096774	1194.483871
672.4878049	1193.317073
677.64	1192.32
934.7260274	1193.164384
984.5263158	1193.289474
1121.697674	1193.348837
635.8571429	1192.678571
649.8571429	1191.857143
869.6	1194.88
1098.4	1194.48
1116.227273	1195.227273
686.078125	1195.640625
940.4803922	1197.264706
1103.64	1195.8
662.4074074	1196.814815
647.15	1199.8
1078.980769	1199.346154
656.2162162	1198.283784
1072.27027	1200.756757
1137.25	1201.208333
678.7878788	1202.030303
689.95	1201.6
873.5	1200.5
1084.333333	1201.238095
650.3636364	1202.409091
1055.16129	1204.16129
941.84375	1205.864583
949.7	1204.275
877.6666667	1208.787879
1136	1208.173077
680.9772727	1211.045455
895.5384615	1210.307692
923.8823529	1211.588235
942.75	1213.4
904.2857143	1214.5
983.4285714	1213.809524
892.6	1216.383333
964.75	1218.083333
900.5454545	1218
927.3235294	1221.676471
910.4	1221.52
944.7272727	1221
941.4117647	1224.117647
960.1428571	1225.190476
978.3939394	1226
902.5416667	1226.027778
1104.28	1227.4
896.287037	1228.037037
673.1764706	1239.470588
680.5625	1241.6875
675.7	1242.866667
550	1247.5
680.9433962	1247.169811
690.125	1247.5
697.24	1249.64
886.8571429	1250.071429
683.9166667	1259.125
927.7884615	1261.942308
935.1363636	1263.204545
915.3333333	1265.711111
605.8823529	1268.382353
943.8275862	1267.448276
922.5909091	1270.536364
931.7117117	1272.225225
690.35	1275.25
585.5	1277
947.7169811	1278.113208
591.7594937	1280.481013
942.7037037	1280.481481
582.6842105	1281.263158
937.4230769	1282.192308
641.5	1282.5
925.5294118	1281.308824
647.1315789	1285.631579
941.6956522	1284.956522
586.0887097	1288.266129
710.7875	1284.95
662.5882353	1286.72549
934.1034483	1286.310345
578.1358025	1290.814815
640	1289.5
919.0379747	1290.227848
747.1052632	1290.421053
647.2926829	1291.707317
660.3888889	1291.944444
654.0105263	1291.326316
726.1142857	1291.4
927.625	1291
569.2380952	1292.761905
933.952381	1293
636.4594595	1294.054054
642.8275862	1294.689655
913.24	1297.48
679.12	1298.68
563.56	1300.08
601.6363636	1300.909091
658.5714286	1302.928571
730.2539683	1303.190476
622.0833333	1303.083333
572.4047619	1306.952381
626.9230769	1307.564103
724.2727273	1305.763636
621.0909091	1308.909091
727.2272727	1314.015152
677.4651163	1314.767442
569.54	1312.94
655.5301205	1316.506024
562.7938144	1317.835052
592.1111111	1316.666667
672.3111111	1318.955556
659.2222222	1319.888889
665.5925926	1320.333333
679.5238095	1319.428571
724.5090909	1321.036364
606.568	1321.264
691.88	1321.72
674.0576923	1325.365385
619.4791667	1325.916667
611.8823529	1329.764706
722.675	1329.625
617.5454545	1333.121212
611	1336.8
601.1639344	1336.934426
616	1339.26087
604.3170732	1342.219512
646.3888889	1344.037037
648.3846154	1351.384615
580.0769231	1353.307692
757.2340426	1355.978723
575.6	1356.866667
748.7777778	1355.777778
639.1666667	1357.5
582.125	1359.875
590.8	1359.6
698.9473684	1364.736842
665.5	1373.5
710.1714286	1372.457143
703.1785714	1374.892857
715.3181818	1376.318182
708.8333333	1377.851852
706.6153846	1405.076923
730.2	1408.92
943.4078947	1417
951.0333333	1417.533333
936.2089552	1419.58209
929.4	1423.5
721.1176471	1425.588235
943.6229508	1426.47541
930.875	1427.625
912.7627119	1428.559322
926	1430
938.9444444	1430.666667
944.0526316	1436.210526
926.2898551	1443.985507
961.3	1444.85
930.804878	1447.04878
897.4634146	1448.609756
967.4177215	1453.189873
933.8518519	1456.814815
972.7826087	1457.304348
942.2	1459
897.2131148	1462.786885
923.8333333	1465.595238
938.3394495	1465.816514
904.0625	1466.75
985.46875	1466.9375
990.8888889	1467.703704
993.6585366	1472.902439
916.6	1474.066667
979.9518072	1473.518072
985.7428571	1474.2
926.6785714	1477.25
985.483871	1480.548387
916.08	1481.44
933.3939394	1486.363636
982.8	1487.25
930.5238095	1490.47619
935.74	1492.38
962.7058824	1494.705882
895.7894737	1497.631579
986	1500.1875
938.1111111	1502.888889
961.6986301	1505.287671
939.9528302	1508.396226
960.8125	1511.4375
934.3513514	1514.567568
958.875	1514.875
991.3142857	1520.914286
743.4623656	1607.526882
739.4259259	1614.277778
745.4814815	1614.444444
784.1551724	1616.775862
780	1617.923077
787.3636364	1621.090909
761.5172414	1622.758621
780.5681818	1624.909091
760.4761905	1628.761905
789.9719626	1630.224299
753.5797101	1630.869565
778.8666667	1632.266667
745.4782609	1635.217391
776.974359	1636.153846
849.5882353	1638.117647
857.12	1639.68
779.8095238	1649.857143
783.9166667	1659.5
770.9428571	1662.342857
724.5925926	1662.925926
807.8333333	1670.583333
812.8392857	1673.553571
822.5789474	1675.631579
1015.8125	1677.84375
791.5777778	1679.044444
796.7014925	1676.41791
805.1898734	1678.367089
898.6315789	1678.263158
713.25	1679.678571
826.1333333	1681.6
786.6666667	1683.785714
899.2	1682.68
1018.96875	1682.375
1039.477273	1681.545455
814.7475728	1683.543689
877.5294118	1683.852941
769.9917355	1682.280992
781	1685.5
794.3286713	1688.132867
824.3333333	1686
768.1666667	1690.083333
803.2258065	1686.774194
773.1304348	1688.086957
802.625	1691.375
1030.081081	1691.108108
792.6333333	1695.866667
798.9230769	1698.2
960.9090909	1703.090909
801.6666667	1704.6
851.5	1704.8
1002.203125	1707.140625
979.5	1709.2
400.4210526	1710.105263
815.7647059	1710.176471
940.075	1709.95
1049.223684	1709.052632
413.6666667	1711.575758
1042	1713.010309
785.5	1712
1056.865979	1713.927835
402.8157895	1714.131579
870.4137931	1716.413793
1032.5	1716.2
396.6428571	1716.714286
703	1716.666667
737.9811321	1718.283019
790.125	1717.875
415.9047619	1718.904762
1047.849315	1719.945205
804.8421053	1720.842105
1054.037736	1723
425.826087	1724.043478
995.1666667	1728.055556
876.3333333	1729.333333
990.96	1729.8
675	1731.333333
863	1732.8
994.8	1732.666667
1002.076271	1732.364407
992.7045455	1736.113636
878.9166667	1735.777778
351.5	1738.5
331.5	1741.5
429.4193548	1742.596774
1018.555556	1741.111111
845.1126761	1743.338028
1050.8	1743.12
1013.846154	1745.5
453.78125	1745.34375
352.7105263	1747.736842
327.9444444	1747.777778
463.725	1748.725
846.75	1748.625
331.2777778	1750.277778
426.1538462	1749.923077
991.53125	1752.25
996.4285714	1752
345.52	1753.32
363.6923077	1753.346154
832.4444444	1754.333333
326.6463415	1754.036585
358.8235294	1755
848.0973451	1754.292035
420.1666667	1756.5
425.1470588	1756.676471
461.390625	1758.0625
784.3043478	1757.217391
795.5	1757.5
466.5714286	1756.936508
852.483871	1760.612903
839.7704918	1760.147541
432.097561	1762.585366
752.28	1762.02
846.7142857	1762.5
454.5603448	1761.396552
351.5833333	1767.458333
844.0294118	1766.705882
899.5	1769
704.4074074	1769.925926
830.1449275	1772.391304
400.9318182	1773.681818
862.4666667	1776.733333
333.4181818	1778.418182
326.2	1779.085714
752.8095238	1780.142857
816.44	1779.68
772.2777778	1781.388889
782.2941176	1781.882353
789.1764706	1782.088235
333.1428571	1783.642857
320.8987342	1784.860759
452.1818182	1784.242424
341.0606061	1785.545455
778.7222222	1785.833333
832.9	1785.325
424.4117647	1786.882353
328.5192308	1790.057692
334.7857143	1788.607143
350.8888889	1792.111111
458	1794
457.2162162	1798.081081
837.4210526	1801.368421
329.25	1802.25
446.5	1802.5
460.0227273	1802.363636
766.4545455	1805.090909
779.8421053	1802.894737
840.037037	1805.111111
827.1257143	1802.84
862.8888889	1805.666667
812.5294118	1809.323529
353.2857143	1809.5
829.8809524	1811.309524
881.3939394	1809.075758
464.5	1811.777778
436.9230769	1812.884615
815.6666667	1813
380.3235294	1813.352941
825.2222222	1814.866667
840.7512195	1813.936585
379.6190476	1818.333333
818.7368421	1817.263158
752	1819.5
391.7272727	1820.409091
443.375	1820.5625
830.7428571	1821.009524
358.2142857	1821.964286
723.5	1822
846.2461538	1822.892308
418.2592593	1824.259259
823.3448276	1824.965517
788.9090909	1827.363636
440.8780488	1828.439024
325.8910891	1834.80198
827	1832.851852
438.875	1833.5
356.44	1834.88
404	1836.095238
813.8181818	1836.181818
435.5	1836.590909
309.826087	1837.065217
308.3571429	1841
361.16	1838.48
427.5744681	1838.765957
856.7333333	1839.533333
320.1923077	1841.884615
334.3181818	1843.227273
433.5294118	1842.823529
451.4193548	1842.677419
419.5384615	1843.692308
357.702381	1847.821429
361.2413793	1846
364.8	1845.218182
430.1875	1845.5
406.2857143	1848.142857
410.8947368	1847.947368
317.2340426	1848.87234
308.1470588	1851.529412
393.7142857	1851.5
834.1111111	1851.333333
384.0606061	1852.212121
390	1852.666667
442.8648649	1852.378378
1082.409091	1852.545455
338.6666667	1852.888889
1044.837838	1854.675676
1076.181818	1853.772727
424.9473684	1854.789474
310.125	1856.125
876.4090909	1856.318182
1058.711864	1855.966102
386.05	1857.75
1050.111111	1857.666667
1065.142857	1857.47619
426.4615385	1859.153846
1053.555556	1858.666667
389.3125	1861.3125
396.75	1861.75
872.3466667	1860.586667
1092.807692	1861.903846
426.25	1864.3
1055.52	1865.24
356.8709677	1866.016129
873.8591549	1867.915493
881.2359551	1868.752809
1035.16129	1867.145161
1099.5	1867.5
1016.8	1871.5
869.0833333	1872.5
1033.363636	1872.045455
1056.384615	1872.615385
1067.674419	1874.55814
360.8846154	1875.653846
427.125	1879.666667
876.3333333	1880.125
1050.833333	1880.041667
351.0833333	1880.583333
404.9444444	1881.388889
1061.5	1881.307692
1099.791667	1880
1066.692308	1882.615385
352.5714286	1884.380952
1029.787879	1883.969697
1091.729412	1879.835294
1096.106383	1886.170213
1020.923077	1882.953846
1083.404412	1888.345588
395.6451613	1885.83871
453.7391304	1887.304348
1025.043478	1887.695652
1092.846154	1890.589744
341.8333333	1890.452381
1028.727273	1890.363636
421.7222222	1891.185185
415.5681818	1896.863636
432.5135135	1892.243243
1095.255556	1896.677778
347.2222222	1897.5
426.7959184	1896.836735
1097.636364	1899.090909
1086.455882	1898.5
370.6538462	1900.346154
1032.583333	1900
381.2222222	1902.5
1000.888889	1902.333333
328.8472222	1904.486111
1037.783784	1903.72973
337.5	1905.5
1030.375	1907.1125
394.7058824	1908.284314
442.125	1909
1100.769231	1908.74359
412.1929825	1908.947368
419.8202247	1906.202247
425.5384615	1907.019231
430.1123596	1911.05618
434.5675676	1910.621622
329.875	1910.875
1016.636364	1911.090909
349.4117647	1912.411765
323.0625	1913
410.92	1917.56
1088.086777	1915.190083
423.622449	1918.571429
1059.769231	1917.410256
1067.125	1915.59375
1075.540541	1915.594595
319.8571429	1914.107143
1019.891304	1916.391304
413.6410256	1919.307692
1102	1916.115942
337.6857143	1918.942857
1064.28	1919.96
1071	1919.411765
419.5	1922.3
1100.638889	1921.833333
316.4852941	1920.352941
437.3870968	1922.387097
1095.407407	1924.277778
1112.093333	1920.733333
380.0909091	1926.636364
411.625	1925.5625
1066.057692	1927.173077
1073.466667	1926.5
329.45	1930.45
1056.864516	1927.929032
338.4736842	1930.736842
418.6111111	1930.842593
423.2857143	1930.8
1070.52	1931.48
1080.387097	1931.741935
334.0833333	1932.833333
327.9375	1933.75
1075.514286	1933.714286
1065.717949	1934.230769
344.4615385	1936.153846
366.34	1937.2
480.7222222	1936.861111
357.1772152	1936.607595
414.9672131	1937.934426
1035.423077	1938.923077
345.8888889	1939.333333
1072.565217	1938.826087
1042.638554	1939.626506
1067.619048	1942.857143
363.88	1943.76
369.0909091	1943.636364
1033.243902	1944.756098
1060.171429	1944.407143
359.4833333	1948.716667
365.6923077	1952.115385
409.1076923	1956.215385
416.4482759	1956.241379
395.5319149	1958.021277
361.9363636	1958.336364
377.6153846	1958.615385
408.2291667	1963.520833
380.0909091	1964.030303
360.3	1968.3
956.3636364	1969.909091
411.4545455	1972.818182
431.1363636	1973
470.8333333	1977.805556
475.5263158	1975.526316
294	1978
369.015873	1978.174603
479.1304348	1980.130435
390	1980.142857
362.5882353	1981.117647
466.125	1980.145833
466.1395349	1987.465116
520.1724138	1983.896552
368.8095238	1985.428571
473.2238806	1987.552239
363.9183673	1988.204082
313.9444444	1999.777778
473.28	2001.24
337.8275862	2003.206897
334.125	2005.125
474.2307692	2005.230769
404.5333333	2006.266667
517.125	2009.5625
418	2011.090909
423.6	2010.84
333.1111111	2011.666667
353.0526316	2012.210526
571.6071429	2015.178571
356.3043478	2017.869565
409.1463415	2015.682927
333.9459459	2019.540541
364.5714286	2019.885714
436.3333333	2019.733333
416.0769231	2024.192308
407.5	2024.727273
332.8	2026.366667
361.9545455	2027.772727
330.2307692	2030.346154
421.3461538	2031.076923
333.3103448	2032.965517
370.2777778	2033.666667
364.4615385	2038.783217
254.6875	2034.916667
251.9130435	2039.956522
373.2727273	2038.681818
569.5384615	2038.846154
258.9411765	2040.647059
323.0434783	2040.347826
358.15	2040.725
415.6363636	2046.090909
252.8076923	2048.692308
248.5	2052.05
250.7692308	2056.5
565.0769231	2056.564103
407.7575758	2058.090909
571.2368421	2060.868421
616	2059.090909
350.76	2062.8
615.2121212	2063.515152
608.0909091	2071.090909
211.9375	2072.6875
253.4545455	2082.818182
616.9333333	2086.05
248.6666667	2087.416667
253.1	2089.466667
483.4418605	2089.813953
524.3333333	2091.5
257.2857143	2092.5
211.6363636	2092.818182
601.8888889	2096.555556
251.2205882	2097.573529
256.3392857	2104.196429
639	2103
495.3333333	2103.833333
499.75	2106.958333
508.0491803	2108.639344
500.4285714	2111.571429
535.3287671	2119.39726
549.125	2121.875
621.2258065	2129.225806
590.75	2139.416667
607.8611111	2141.833333
612.9583333	2143.416667
618.1162791	2151.104651
626.7	2153.05
630.2	2154
564.7368421	2155.842105
641.2105263	2156
558.5	2159
589.26	2162.54
582.6595745	2168.638298
607	2170.5
527.4603175	2173.238095
609.8378378	2176.783784
616.5185185	2178
610.2947368	2184.547368
623.7083333	2183.416667
636.3076923	2186.923077
542.3333333	2187.875
642.4571429	2189.514286
606.9285714	2191.357143
637.1538462	2193.564103
693.6923077	2193.461538
682.6	2194.8
678.5	2196.5
686.5	2197.4375
702.1621622	2198.648649
635	2200.833333
623.0666667	2206.4
657.2702703	2204.513514
660.9444444	2207.472222
650.7666667	2208.177778
656.7894737	2213.526316
663.64	2213.26
642.3076923	2214.230769
652.3647059	2218.788235
642.9666667	2218.9
630	2221.833333
637.7916667	2222.708333
651.5	2227.5
527.2105263	2227.263158
531.7692308	2229.769231
458.6666667	2229.25
635.8227848	2228.379747
640.9043478	2235.278261
645.1428571	2234.142857
630.8870968	2236.790323
474.96875	2240.71875
616.0833333	2240.041667
627.0909091	2252.909091
585.4736842	2254.631579
516.3333333	2254.8
616.8	2259.5
454.0909091	2264.844156
460	2266.375
446.1111111	2267.6
440.6086957	2268.347826
667.8780488	2268.780488
443.0895522	2273.343284
588.1111111	2273.944444
423.2631579	2282.631579
567.6923077	2283.5
425.559322	2286.610169
594.125	2294.125
273.3333333	2297
403.5	2297.5
604.1857143	2297.642857
596.125	2299.125
235.6190476	2302.571429
624.125	2304.125
587.345679	2305.703704
239.6857143	2309.028571
430.92	2309.56
245.2692308	2312.769231
249.4516129	2317
265.1428571	2320.190476
299	2320.076923
483.6666667	2320.466667
483.4210526	2326.052632
568.5384615	2336.615385
400.3333333	2337.888889
260.9333333	2340.4
279.8205128	2337.833333
282.4242424	2344.575758
577.3529412	2344.058824
597.5	2346
288.0352941	2349.658824
458.5882353	2348.411765
294.2941176	2349.441176
653.5625	2348.75
462.5333333	2352.366667
538.6153846	2353.384615
591.6153846	2354.384615
278.2717391	2354.336957
291.9565217	2356.086957
468.3448276	2359.862069
478.0769231	2361.615385
569	2363
268.875	2364.1875
268.3333333	2367.888889
456.8888889	2368.5
464.8888889	2370.472222
394.4782609	2376.666667
403.34	2376.36
452.72	2376.25
277	2379
399.2741935	2380.951613
476.95	2392.3
467.8846154	2404.5
474.5	2409
486.4	2426.4
642.884058	2440.188406
668	2453.5
578.0625	2515.6875
631.8823529	2526
630.84375	2532.34375
563.7222222	2534.666667
635.5609756	2536.341463
559.4074074	2541.185185
552.85	2546.0875
546.25	2550.825
569.8	2551.2
552	2552.934783
584.7142857	2553
554.1111111	2557.333333
551.3571429	2560.214286
597	2561
569.45	2573.4
590.5	2576.285714
561.5595238	2580.702381
601.9824561	2580.105263
573.039604	2580.584158
623.195122	2580.195122
555.1153846	2586.076923
649.875	2597.25
628.2727273	2598.5
652.5652174	2602.043478
570	2604.5
640.8493151	2624.876712
565.3833333	2631.5
652.1333333	2637.2
553.2380952	2641.619048
605.5	2642
516.765625	2652.984375
506.5955056	2657.910112
576.5	2662.2
650.2727273	2663.5
514.789916	2665.243697
534.6086957	2667.782609
538.6153846	2670.615385
619.2857143	2853.5
578.875	2854.875
608.9230769	2860.307692
578.4615385	2860.876923
584.0425532	2862.06383
555.5925926	2863.925926
573.5263158	2866.736842
517.2	2868.8
522.0681818	2869.772727
567.675	2871.05
542	2871
515.2692308	2874.346154
676	2877.5
680.7647059	2878.235294
576.8333333	2883.222222
510.4347826	2883.304348
675.7419355	2883.612903
734.2142857	2884.380952
579.875	2885.8125
521.2173913	2888.5
560.5974026	2889.831169
583.9803922	2889.862745
629.875	2891.458333
489.2173913	2900.391304
494.8928571	2903.321429
500.8709677	2906.290323
552.5	2903.333333
724.1875	2907.5
562.2857143	2914.5
617.3809524	2913.952381
622.5294118	2915.264706
655.9423077	2920.480769
497.7368421	2922.236842
485.3333333	2922.291667
490.3714286	2923.285714
493.7538462	2927.984615
707	2926.666667
773.4736842	2929.315789
709.5862069	2931.068966
755.5333333	2930.7
750.5384615	2931.730769
662.1176471	2932.588235
615.6571429	2934.771429
752.6363636	2938.654545
758.6964286	2938.5
775.2307692	2940.230769
746.8604651	2940.813953
589.7083333	2944.291667
612.4509804	2945.058824
662.2786885	2945
448.7662338	2956.753247
635.5454545	2954.590909
639.6	2957.4
444.7	2962
751	2962.258065
645.6538462	2965.769231
440.8285714	2964.685714
645.5454545	2970.181818
694.6153846	2970.384615
635.4107143	2971.517857
674	2978.375
752.2427184	2980.048544
694.9090909	2984.090909
687.2653061	2985.489796
777.1818182	2988.818182
695.6823529	2991.682353
777.9393939	2996.666667
716.0909091	2998.909091
762.3333333	3001.111111
769.7213115	3003.754098
756.875	3003.875
789.75	3002.555556
781.6618705	3004.690647
774.2	3008.16
653.6296296	3007.851852
754.6666667	3008.555556
649.9791667	3009.895833
771.4444444	3010.833333
703.5	3010.941176
786.3076923	3013
764.7142857	3014
757.6046512	3014.837209
655.90625	3016.9375
622.875	3022.875
689.3913043	3024
734.08	3023.68
695.4444444	3031.111111
679.5	3032.690476
699.2	3032.7
746.3333333	3038.5
780.7727273	3041.136364
546.5	3042.5
770.9166667	3053.666667
775.5	3053.272727
765.1578947	3056.684211
758.7333333	3060.333333
716.3333333	3078.25
677.5	3094.285714
754.7941176	3093.352941
736.7083333	3096.291667
746.3378995	3102.031963
660.1666667	3101.277778
754.1666667	3100.7
676.04	3106.16
738.0806452	3105.822581
753.1891892	3107.405405
624.9166667	3112.166667
725.2857143	3113.5
644.5916667	3120.5
664.2777778	3120.166667
655.5	3128.571429
660.3823529	3131.088235
721.7352941	3131.117647
649.7333333	3132.533333
651.5	3140.727273
651.5	3145.777778
523.8536585	3149.536585
540.5384615	3152.423077
543.8	3155.95
504	3156.5
519.7083333	3157.291667
515.1466667	3158.333333
503.4117647	3160.705882
532.75	3163.1875
669.1162791	3167.139535
502.5172414	3166.896552
647.7142857	3167.5
491.6060606	3168.757576
514.8235294	3168.607843
520.7954545	3168.590909
496.9473684	3169.184211
512.7037037	3175.851852
527.9425287	3170.931034
499.5733333	3174.426667
520.1162791	3176.093023
494.4166667	3179.708333
483.1481481	3195.740741
504.2580645	3199.354839
514.9333333	3197.966667
511.08	3198.64
514.5862069	3204.275862
477.5	3218.222222
529	3220
468.24	3236.32
683.9285714	3267.857143
685.7333333	3274.766667
690.1923077	3278.076923
695.8208955	3276.567164
700.2307692	3283.179487
693.2424242	3284.272727
687.5901639	3289.590164
681.6666667	3288.888889
699.3877551	3291.938776
714.875	3292.875
704.5	3293.933333
680.8648649	3295.243243
690.4193548	3297.451613
708.5	3297.714286
717.7857143	3297.821429
695.0714286	3301.035714
746.2916667	3308.041667
751.2272727	3313.545455
737.8333333	3322.47619
734.4705882	3328.441176
653.826087	3329
701.4390244	3344.926829
699.2564103	3349.358974
640.8571429	3349.928571
693.0769231	3350.446154
690.6	3355.96
673.5833333	3359.291667
673.2972973	3363.891892
689.5	3366.5
683.25	3367.045455
669.1176471	3374.588235
744.5	3375.871795
737.35	3380.05
745	3382.377778
676	3391.16
662.1818182	3392.090909
618.7555556	3399.222222
610.1153846	3404.692308
631.2820513	3409.897436
653	3415.5
716.6444444	3416.244444
721.6538462	3418.730769
748.5	3418.5
576.5652174	3422.608696
642.5	3428.5
721.4354839	3426.709677
619.8214286	3430.321429
559.2285714	3434.285714
746.7021277	3435.329787
619.9411765	3435.411765
740.8269231	3434.480769
734.8372093	3436.27907
624.4444444	3440.388889
737.6296296	3442.018519
642.9666667	3442.933333
649.2820513	3443.794872
654.7777778	3443.888889
619.75	3444.85
627.5416667	3445.125
735.5882353	3448.882353
650.8	3448.633333
645.1153846	3449.153846
678.9166667	3455.083333
680.25	3458.75
657.5416667	3462.791667
704.9375	3464.375
701.875	3467.125
662.7142857	3469.5
643.2173913	3474.695652
566.875	3478.875
572.7253521	3485.852113
662.1111111	3482.666667
578.6111111	3484.138889
654.8148148	3484.777778
569.3055556	3489.277778
579.1666667	3488.333333
721.2222222	3491.5
685.2745098	3492.470588
579.5972222	3495.319444
680	3498.875
698.137931	3498.896552
729.2	3502.96
691.9705882	3504.676471
662.1034483	3507.448276
558.25	3507.75
592.5675676	3508.054054
675.0384615	3508.115385
620.04	3513.96
672.575	3513.225
659.0487805	3514.804878
678.4230769	3514.653846
664.9428571	3515.361905
611.6153846	3518.615385
657.2307692	3522.076923
599.1031746	3522.650794
619.3939394	3523.393939
613.1690141	3524.971831
653.4210526	3524.421053
594.1785714	3531.071429
685.0588235	3529.823529
604.3888889	3531.333333
611.6333333	3531.366667
617.173913	3531.26087
595.1	3536.3
636.5714286	3536.918367
569.4166667	3537.75
675.5	3537.714286
602.3414634	3539.926829
672.5	3541
644.25	3541.25
576.5454545	3543.636364
713	3541.954545
631.1578947	3544.842105
623.097561	3561.609756
672.5853659	3564.756098
580	3569
638	3571.5
670.3823529	3573.889706
662.5909091	3573.386364
584.9777778	3575.688889
585.7142857	3581.4
658.75	3580.75
643.6666667	3582.611111
668.5	3589.714286
675.047619	3592.285714
597.9615385	3599.076923
693.6538462	3603.153846
608.2083333	3604.375
642.826087	3613.434783
608.4920635	3616.507937
625.0454545	3615.863636
639.0769231	3617.5
611.875	3626.041667
601.4528302	3626.962264
730.8	3727.075
736	3735
741	3740.5
679.3913043	3742.043478
736.4	3741.514286
637.9545455	3744.863636
776.4705882	3746.647059
770.04	3748.4
680.8333333	3749.583333
645.2264151	3749.641509
741.9411765	3753.078431
751.6046512	3753.162791
768	3760.88
682.71875	3760.5
749.4090909	3761.704545
637.7241379	3763.172414
597.2222222	3764.148148
626.125	3764.3125
656.5714286	3765.571429
685.9534884	3766.77907
621.3809524	3778.047619
627.1875	3780.375
713.3529412	3789.676471
774.03125	3789.40625
701.5862069	3790.62069
765.3548387	3791.258065
712.5652174	3794.565217
770.5142857	3793.914286
777.5769231	3793.961538
747.5	3796.138889
725.7857143	3800.071429
754.2307692	3808.261538
649.8	3808.88
760.4615385	3807.384615
757.9574468	3814.212766
728.28125	3816.5
751.3548387	3817.387097
654.7384615	3818.461538
748.0740741	3822.574074
644.5238095	3824
772.6129032	3828.967742
657.6333333	3830.366667
651.5294118	3836.088235
643.5	3843.5
823.5	3844.5
731.5	3849
722.8571429	3849.428571
759	3857.8
766.0277778	3859.027778
698.3333333	3865.380952
692.3846154	3871.153846
797.8055556	3872.222222
673	3874.28
794.8461538	3875.730769
848.9787234	3874.340426
853.6666667	3875.666667
723.5	3877.615385
818.0952381	3880
843.5	3883.5
814.0746269	3888.19403
787.5	3891.5
695.9473684	3898.842105
705.125	3899.208333
700.8478261	3901.23913
783.8139535	3900.44186
825.5714286	3902.178571
820.4230769	3903.038462
781.8214286	3906.321429
814.2330827	3907.699248
821.3695652	3908.565217
827.8064516	3907.322581
815.1363636	3913.636364
834.8446602	3910.038835
785.0810811	3912.432432
811.0714286	3916.404762
826	3912.619048
779.75	3915.4
800.4852941	3916.25
829.3846154	3918.384615
793.8275862	3918.689655
806.0869565	3918.913043
776.0933333	3920.973333
823.2173913	3921.391304
793.4444444	3922.277778
798.4782609	3923.391304
786.3333333	3923.031746
769.2962963	3924.518519
764.9	3926.483333
750.2272727	3930.909091
751.7777778	3935.037037
717.195122	3935.121951
723.08	3938.88
796.7714286	3939.257143
716.137931	3941.741379
727.7666667	3940.033333
746.3793103	3942.172414
751.12	3945.36
732.8108108	3945.445946
780.5	3946.222222
715.8529412	3950.058824
799.2	3950.7
