X	Y
0	0
0	6000
6000	0
6000	6000
352.5	233.8846154
393.6792453	238.7169811
401.1587302	245.1428571
421.3333333	245.125
347.2307692	251.9615385
406.9090909	255.9090909
372	263.40625
435.5925926	266.9259259
471.5	267.3529412
333.7209302	290.4651163
344.6666667	294.6410256
460.5652174	299.826087
517.7058824	309.7058824
460.0714286	391.1428571
437.5	393.5
519.2222222	396.8888889
374.1578947	402.8421053
393.3584906	406.1509434
384.95	406.175
374.4	409.9333333
531.1578947	411.5263158
483.5	412.2727273
411	419
494.5	419.8333333
464.46	438.88
460.2888889	447.2888889
528.0666667	449.3666667
475.7692308	456.5384615
609.4444444	527.5
674.375	541.3333333
723.8409091	549.3181818
622.9538462	553.2153846
698.55	558.15
774.9761905	570.7857143
634.0555556	576.6666667
769.2758621	579.4137931
567.9	582.38
811.5	584.0769231
641.9166667	600.0277778
802.7954545	603.8863636
820.5806452	610.5483871
669.4339623	614.8679245
830.625	623.75
770.6666667	628.7575758
760.1333333	641.1333333
913.369863	655.9041096
919.6153846	658.8461538
916.4473684	662.8421053
901.8305085	669.4237288
893.2	675.5
898.6896552	676.8275862
807.25	681.6666667
841.3555556	691.3777778
802.8666667	702.2
772.6666667	741.875
885.0625	757.78125
835.0196078	773.8431373
896.6818182	774.8636364
844.8888889	785.1666667
825.6818182	803.1363636
885.047619	837.8333333
877.1454545	850.1363636
874.56	866.88
898.8478261	876.1304348
894.3255814	878.4418605
863.3225806	934.9032258
834.3448276	970.3103448
822.6428571	975.6071429
711.0731707	1041.097561
716.95	1040.85
735.8636364	1047.25
707.2777778	1048.388889
717.7894737	1048.368421
676.875	1088.325
755.9285714	1087.809524
720.4	1109.177778
603.2820513	1112.205128
731.4117647	1118.411765
609.3555556	1120.933333
720.7428571	1121.742857
675.8392857	1128.392857
747.9285714	1138.52381
758.5	1141.714286
683.8604651	1156.093023
592.3684211	1169.368421
712.5853659	1172.829268
586.4897959	1176.285714
658.2903226	1177.935484
580	1179.5
814.2941176	1186.5
580.9574468	1189
688.2285714	1192.371429
616.1428571	1192.5
610	1199.857143
728.3	1205.5
696.125	1209.875
620.7222222	1215.388889
591.3636364	1219.25
707.5	1219.5
620.2432432	1221.486486
786	1223
857.16	1226
593.9166667	1227.916667
711.4193548	1230.548387
789.2222222	1233.666667
922.3333333	1234.2
687.1	1235.3
838.2903226	1234.709677
672.8684211	1235.789474
692.7586207	1261.206897
926	1264.5
656.3333333	1268.125
625.3636364	1270.909091
602.5757576	1291.030303
861.25	1292.714286
611.9090909	1303.090909
887.7179487	1308.230769
834.8	1310
858.9090909	1316.757576
846.0714286	1324.714286
1012.92	1325.56
1014.945946	1337.378378
843.5294118	1346.308824
918.5172414	1356.551724
909	1362
1000.086957	1361.956522
954.3888889	1367.851852
985.4666667	1367.366667
900.175	1382.95
921.0384615	1383.192308
989.0714286	1383
893.5	1407
772.173913	1423
893.6756757	1429.621622
931.5	1434.5
991.3913043	1434.630435
988	1454.5
981.5	1595
1005.555556	1599.5
1021.22	1617.68
1027	1634.410256
1046.575	1635.175
921.137931	1649
875.1904762	1656.071429
905.8484848	1655.818182
1073.23913	1656.586957
883.4193548	1657.129032
832.7111111	1657.911111
888.975	1658.325
1066.9	1657.95
1006.891304	1664.891304
832.7714286	1665.628571
860.2727273	1666.5
828.7857143	1673.380952
844.1666667	1679.904762
917.2181818	1681.963636
918.85	1687.325
937.1012658	1697.253165
959.4102564	1697
1017.517241	1700.206897
902.3157895	1706.144737
939.7142857	1707.5
1060.857143	1707
891.4736842	1708.631579
824.7027027	1718.675676
561	1723.5
830.5405405	1726.918919
904.3125	1730.4375
818	1733.793103
1015.628571	1740.485714
965.4193548	1743.064516
936.6904762	1751.52381
542.9565217	1759.086957
923.6027397	1758.09589
891.2894737	1759.052632
814.1020408	1759.428571
797.8684211	1760.894737
546.5	1763.785714
834.255814	1767.976744
548.1111111	1776.027778
920	1778
796.4117647	1781.323529
816.5	1785
805.8333333	1786.5
984.8666667	1789.966667
805.030303	1791.848485
893.2903226	1793.290323
876.7826087	1807.391304
867.75	1814.615385
822.6571429	1820.657143
502.1538462	1823
886.125	1826.333333
876.0689655	1833.034483
989.375	1835.5
987.5	1844.285714
822.65625	1846.4375
857	1846.5
604.5	1849
832.4242424	1848.424242
506	1855.5
469	1856.826087
965.6222222	1859.311111
520.5454545	1861.863636
519.1111111	1867.5
541.0714286	1867.160714
983.8717949	1869.153846
518.1395349	1874.790698
548.9428571	1875.714286
964.5	1875.785714
515.9487179	1883.717949
838.452381	1883.952381
963	1883.863636
471.3777778	1896.577778
938.3	1895.06
511.7380952	1901.928571
813.0810811	1904.054054
613.2444444	1906.311111
851.5	1907.222222
957.9285714	1907.833333
966.5333333	1913.088889
941.7647059	1916.117647
542.2608696	1919.5
897.5	1923.5
578	1925.243902
516.5	1927
777	1931
969.2978723	1936.170213
578.5333333	1937.533333
620.08	1939.56
898.8421053	1941.052632
554.3125	1941.1875
481.1578947	1953.842105
847.6666667	1955.5
979.4576271	1957.711864
498.8181818	1958.236364
542.8648649	1958.594595
767.4528302	1961
818.5	1962.777778
960.2307692	1963.846154
503.9107143	1964.839286
794.2941176	1969.235294
832.4347826	1970.913043
533.9215686	1975.333333
614.7755102	1976.55102
932.2083333	1980.708333
946.7222222	1984.027778
812.1818182	1991.393939
879.2380952	1992.285714
556.0277778	2006.972222
492.0181818	2009.090909
474.2424242	2011.636364
603.3225806	2011.258065
521.4210526	2014.578947
601.1458333	2015.854167
572.5	2017.4
884.4680851	2020.659574
563.0724638	2022.73913
546.925	2024.8
821.2307692	2025.230769
538.0816327	2025.510204
932.5757576	2031.727273
436.2619048	2044
518.3888889	2043.861111
570.0232558	2043.813953
475.5	2044.785714
871.2424242	2045.575758
497.6111111	2048.138889
506.1034483	2051.310345
491.75	2052.204545
424.7586207	2054.724138
924.5	2055.785714
539	2057.25
813.375	2058.1875
438.8863636	2058.795455
493.44	2058.92
573.1538462	2061.096154
522.5098039	2066.078431
430.53125	2066.34375
426.9090909	2069.333333
576.3947368	2068.315789
492.5185185	2071.259259
435.0588235	2072.823529
444.7894737	2073.631579
796.15	2076.716667
821.5675676	2076.567568
495.1142857	2080.342857
619.44	2079.64
775.5641026	2079.948718
599.6571429	2084.057143
606	2086.413043
469.5945946	2086.972973
615.8139535	2087.325581
867.8	2087.4
825.1428571	2087.964286
519.72	2089.36
375.925	2091.025
556.5	2094.8
612.5882353	2096.882353
548.2162162	2099
936	2099.5
439.0666667	2101.866667
577.0526316	2103.026316
522.6190476	2105.52381
556.671875	2105.515625
811.5	2106.16129
908.6666667	2109.2
634.7692308	2110.430769
497.0727273	2113.345455
524.5283019	2113.113208
403.5	2114.083333
513.0625	2114.125
796.25	2118.615385
588.5384615	2121.846154
482.7727273	2125.272727
514.82	2125.02
910.775	2125.775
891.0208333	2127.625
573.0338983	2128.677966
596.4745763	2130.067797
532.4	2130.822222
460.3939394	2132.515152
541	2133.243902
439.7142857	2140.346939
572.6551724	2139
472.047619	2142.428571
922.1666667	2141.5
930.7692308	2143.846154
383.6764706	2144.911765
551	2144.777778
845.0204082	2145.836735
494.76	2150.2
514.3529412	2150.147059
478	2151.2
857.5	2151
390.5675676	2151.567568
802.4571429	2152.071429
381.0555556	2154.805556
551.2786885	2154.95082
389.45	2157.425
832.7580645	2162.225806
403.2142857	2163.321429
508.8846154	2163.846154
451.1707317	2164.414634
487.3333333	2168.5
419.05	2176.1
930.56	2180.92
485.8085106	2184.425532
867.4313725	2191.039216
492.24	2194.4
536.5714286	2197.771429
549.0740741	2197.592593
868.6	2197.875
882.3111111	2201.311111
552.4	2202.44
872.8518519	2203.759259
798.875	2209
792.3809524	2210.428571
554.8461538	2214.653846
796	2217.37037
882.3255814	2218.883721
546.5	2227.5
516.1860465	2228.418605
535.3684211	2236.368421
505.5135135	2237.864865
788.3777778	2242.066667
489.0285714	2245.171429
477.8518519	2247.907407
876.9285714	2275.017857
780.5	2291.106061
867.1111111	2296.944444
397.71875	2303.96875
891.6571429	2309.895238
883.0571429	2313.028571
795.962963	2314.185185
854.0740741	2319.592593
709.5084746	2321.949153
796.3584906	2326.396226
760.953125	2327.796875
788.5	2341.222222
611.2291667	2349.4375
595.5	2351
746.9347826	2351.934783
759.9047619	2353.095238
553.8888889	2362.185185
750.28	2364.88
919	2368.25
788.84375	2371.71875
839.5	2373.5
530.047619	2380.5
705.6511628	2381.55814
604.2051282	2384.205128
746.3	2387.5
591.8709677	2391.032258
538	2393.5
893.5	2394.705882
838.4285714	2397.285714
897.2380952	2404.47619
846.5	2406
747.8333333	2416.733333
831	2417.375
569.0943396	2422.113208
732.5686275	2423.470588
766	2428.37931
563.5	2428.5
896.8095238	2430.761905
881.3333333	2434.125
763.5	2435.777778
719.6666667	2444.692308
647.9375	2447.25
842.3137255	2446.960784
859.5	2458
622.025641	2464.846154
857.2352941	2467.27451
570.8214286	2468.785714
525.5581395	2472.44186
647.1282051	2476
643.1153846	2478.923077
555.9545455	2480.772727
737.6538462	2484.269231
879.5384615	2492.134615
847.5925926	2495.814815
528.6060606	2500.848485
723.78125	2501.890625
836.0869565	2502.246377
839.6666667	2508.333333
882.490566	2505.735849
844.4915254	2516.677966
853.2954545	2516.681818
746.1538462	2517.653846
868.04	2517.6
582.5	2522.274194
844.7384615	2525.138462
617.7333333	2527.173333
893.1351351	2527.027027
728.372549	2528.980392
829.9868421	2531.815789
851.6333333	2531.766667
725.2424242	2535.090909
647.5	2539.352941
868.3461538	2537.564103
740.5	2543
594.8545455	2549.927273
737.2	2549.377778
902.9411765	2552.764706
740.7166667	2554.783333
668.3653846	2557.865385
735.2702703	2558.540541
653.875	2566.875
727	2568.25
737.8275862	2569.086207
578.0909091	2574.090909
668.4509804	2577.156863
613.9555556	2579.422222
855.4237288	2579.322034
657.7894737	2595.868421
750.6842105	2603.315789
873.1372549	2603.137255
843.2307692	2603.538462
655.3	2604.5
673.5789474	2610.894737
679.4745763	2611.389831
556.9166667	2617.5
754.4285714	2619.244898
659.5	2622.5
598.0967742	2622.806452
618.5333333	2625.866667
557.2105263	2628.842105
759.6785714	2630.964286
662.5945946	2640.135135
643.5714286	2650.619048
649.5	2653.5
736.0740741	2659.592593
722.4074074	2663.666667
668.4571429	2664.8
739.5	2668
869.9387755	2668.836735
875.5517241	2670.37931
660.36	2673.58
736.0789474	2673.552632
669.5178571	2673.232143
675.3055556	2675.305556
662.1372549	2681.607843
668.3442623	2680.672131
688.2592593	2735.148148
665.2857143	2736.5
675.5	2744.5
666.5454545	2748.818182
660.6153846	2750.876923
691.7826087	2764.065217
686.9387755	2776.530612
712.6	2777.74
765.2571429	2781.485714
756.0701754	2785.526316
679.1428571	2791.5
688.9487179	2791.974359
724.5438596	2796.438596
557.6	2798.5
718.2156863	2819.27451
718	2835.5
729.6949153	2835.474576
801.5	2870.785714
778.0869565	2871.565217
750.4339623	2875.339623
780.9705882	2877.617647
418.9655172	2895.068966
759.9038462	2894.634615
395.3888889	2895.75
748.5	2900.2
415.6285714	2901.428571
756.627451	2902.392157
380.3333333	2908.6
401.9210526	2907.868421
759.5483871	2907.580645
414.5294118	2915.568627
406.754386	2917.789474
395.6341463	2920.560976
413.0526316	2921.947368
402.7777778	2925.444444
391.5526316	2926.105263
379.8125	2931.5
400.6481481	2931.944444
771.4285714	2942.771429
401.075	2946.85
405.7241379	2949.862069
402.0666667	2960.973333
404.8108108	2968.783784
786.3478261	2976.978261
760.6818182	2999.818182
354.8275862	3003.448276
396.6862745	3010.156863
367.5	3012.272727
406.6666667	3016.614035
345.4310345	3044.551724
341.9	3054.333333
326.6857143	3056.4
441.1388889	3058.611111
751.3015873	3059.634921
341.2083333	3063.875
769.5	3065
338.7391304	3069
343.8333333	3068.666667
695.9210526	3071.052632
745.4736842	3072.087719
755.8611111	3071.583333
328.9354839	3072.645161
695.2857143	3077.5
414.5	3077.777778
681.2040816	3079.367347
324.6	3080
350	3079.8
335.1538462	3085.538462
367.3103448	3087.448276
685.2439024	3088
702.025641	3090.74359
794.2727273	3091.018182
746.5	3092.727273
359.16	3094.32
423.025	3095.325
771.6666667	3097.952381
721.097561	3099.487805
801.4920635	3103.444444
385	3109
775.6818182	3112.863636
564.195122	3113.829268
819.1136364	3117.25
887.3928571	3116.857143
780.9615385	3118.038462
798.6166667	3119.933333
851.440678	3122.20339
856.7272727	3122.545455
851.9347826	3128.456522
858.4651163	3126.581395
799.1162791	3127.883721
664.3384615	3132.461538
680.7894737	3134.342105
793.6129032	3136.129032
674.7962963	3137.388889
872.66	3141.4
887.7391304	3140.847826
753.8235294	3143.588235
839.1948052	3142.688312
744.94	3145.02
889.7	3146.6
796.7804878	3147.853659
747.4090909	3151.318182
894.7894737	3152.368421
869.3174603	3156.015873
663.2162162	3159.675676
761.8085106	3160.148936
799.2790698	3162.139535
673.9574468	3166.574468
697.7241379	3166.448276
758.1388889	3167.305556
704.7272727	3168.145455
869.5254237	3172.40678
800.7884615	3175.115385
757.6271186	3184.694915
685.6176471	3190.235294
762.7058824	3195.5
695.625	3210.275
729.0851064	3217.510638
795.7391304	3231.521739
790.4324324	3231.081081
788.2142857	3236.047619
684.2222222	3236.944444
730.6792453	3244.981132
685.6595745	3251.212766
726.6	3257.08
735.3095238	3257.142857
743.9714286	3261.285714
505.0652174	3263.608696
523.9259259	3269.074074
530.326087	3270.065217
517.7692308	3271.512821
753.8125	3271.083333
669.0666667	3285.2
533.173913	3290
741.3857143	3293.9
546.8421053	3294.947368
557.5294118	3305.431373
559.0169492	3314.949153
517.8913043	3323.478261
560.2083333	3339.5
517.7916667	3343.708333
698.8955224	3346.313433
467.2432432	3350.837838
722.5769231	3352.384615
688.3584906	3362.90566
462.2765957	3372.191489
568.09375	3372.65625
534.325	3379.85
543.5	3383.647059
469.5263158	3419
677.968254	3429.650794
534.9142857	3434.314286
509.2916667	3451.208333
675.5918367	3453.142857
681.0930233	3456.976744
465.5151515	3471.393939
687.7090909	3489.6
670.4	3493.485714
714	3502
660.7941176	3513.294118
689.6229508	3521.442623
674.6052632	3524.026316
666.875	3531
673.5306122	3545.428571
483.05	3592.25
489.96	3594.6
511.5757576	3637.424242
493.8181818	3662.045455
506	3681.5
463.3684211	3687.947368
522.9473684	3694.368421
518.9302326	3701.465116
501.0740741	3710.592593
514.8873239	3709.676056
777.027027	3721.675676
538.625	3724.1875
515.1515152	3730.787879
525.0952381	3770.190476
694.3555556	3778.333333
548.2	3790
728.3636364	3791.666667
646.3333333	3803
717.15	3818.45
768.8571429	3818.428571
502	3850.8
547.15	3857.583333
486.9736842	3860.026316
656.55	3872.025
668.2222222	3872.933333
526.1162791	3875.116279
543.5151515	3879.454545
675.8636364	3878.704545
685.6	3880.066667
595.1904762	3881.071429
675.9538462	3887.553846
694.92	3887.56
547.5	3897.285714
651.5	3907.5
707.2888889	3908
661.3846154	3909.730769
615.6896552	3911.448276
577.53125	3915.34375
695.0789474	3916.052632
583.9428571	3917.342857
610.8367347	3918.734694
626.2	3924.075
690.9189189	3924.459459
570.3809524	3926.857143
693.5	3932
496.7	3933.96
634.0350877	3933.842105
549.5	3946.222222
684.78125	3952
732.0625	3954.09375
544.5217391	3956.130435
546.9117647	3960.764706
730.8285714	3962
752.1081081	3966.540541
757.8823529	3970.588235
755.3846154	3974.923077
764.0857143	3974.942857
620.3333333	3977.805556
712.25	3977.375
677.0697674	3979.55814
609	3987.5
587.1904762	3992.857143
630.5	3997.5
683	4003.5
541.8333333	4017.916667
535.4074074	4021.925926
671.2352941	4057.941176
660.695122	4099.792683
639	4111.5
665	4118
665.5641026	4123.717949
637.9787234	4137.382979
658.2702703	4145.594595
646.9555556	4149.555556
598.6792453	4223.132075
579.9285714	4234.392857
569.0833333	4237.666667
524.6666667	4242.972222
602.0434783	4245.391304
580.4146341	4262.658537
509.5555556	4270.305556
518.2285714	4272.914286
601.9361702	4286.021277
486.969697	4286.818182
541.4310345	4301.051724
513.9318182	4340.795455
522.5	4340.5
538.3150685	4341.958904
524.4615385	4426.346154
467.9411765	4438.705882
510.4285714	4444.285714
563.7571429	4452.742857
510.7333333	4454.9
493.5897436	4456.666667
411.8461538	4469.538462
484	4471.59375
450.1875	4479.5
431.5	4503.666667
502.9655172	4559.034483
510.7755102	4566.122449
395.625	4583.5
393.4166667	4611.888889
414.6666667	4614.541667
435.5	4615.25
366.0571429	4624.285714
481.6825397	4646.285714
390.7666667	4765.466667
