X	Y
0	0
0	6000
6000	0
6000	6000
471	244.7575758
451.5	251.5
480.5409836	275.1311475
497.9032258	287.0645161
398.0769231	304.4230769
524.8461538	312.3846154
415.05	330.1
537.0222222	333.8888889
528.1707317	343.4146341
389.2653061	355.3877551
381.2285714	357.1714286
468.5490196	370.9411765
456.9565217	383.2608696
419.1230769	390.5692308
464.4473684	393.9210526
467.9487179	391.3589744
435.8055556	397.9444444
530.0625	399.90625
544.0571429	407.8142857
464.5	413
548.2580645	416.2580645
493.4594595	427.9189189
655.2857143	520.4761905
748.4193548	532.983871
668.6666667	541.7179487
708.2857143	545.8928571
673.6470588	546.5882353
702.5641026	548.6153846
832.6037736	561.9433962
766.2195122	563.1463415
838.5609756	565.097561
857.875	569.6666667
691.5	580.6363636
703.1714286	590.3142857
898.6222222	591.3333333
806.3055556	594.9166667
797.7708333	603.2291667
749.5949367	603.4683544
699.875	612.875
877.0434783	618.7826087
905.05	620.075
952.3	624.3666667
922.5	628.5
885.804878	635.8780488
921.5	661.2727273
982.2758621	662.4137931
803.9791667	662.3125
780.125	672.7708333
987	679.6190476
901.1052632	701.4210526
949.3684211	701.2105263
846.4074074	708.5555556
1012.794118	708.6470588
986.9583333	727.4166667
952.9	733.425
834.0588235	736.1568627
909.5	736.6842105
894.25	740.25
954.2826087	742.3043478
910.2413793	743.8965517
903.78125	750.0625
910.4255319	754.4255319
857.8472222	776.5555556
727.6153846	811.5384615
855.8709677	814.9032258
734.7419355	819.5483871
722	825.125
723.0909091	833.0909091
733.1886792	836.2830189
873.2142857	838.6428571
878.1111111	840.1851852
871.4324324	844
896.3214286	848.625
879.9259259	862.9876543
851.5	870
866.025641	870.2051282
896.265625	877.640625
859.4137931	932.862069
845.34	953.48
841.8837209	962.8837209
726.2178218	1013.772277
670.3050847	1020.576271
700.2089552	1021.985075
736.6530612	1023.673469
745.1621622	1024.567568
700.7142857	1027.928571
746.1818182	1029.909091
657.25	1030.55
663	1030.333333
717.5	1031.297297
709	1033.716981
653.3170732	1037.658537
665.9361702	1041.553191
752.4705882	1054.764706
749.84	1059.36
739.8550725	1059.521739
649.3692308	1061.984615
746.3289474	1068.052632
711.6833333	1080.15
736.24	1080.68
606.7636364	1088.872727
680.5	1091.222222
609.5	1095.307692
595.8947368	1105.815789
638	1108
749.6530612	1111.653061
632.0740741	1117.888889
634.7714286	1124.571429
750.1363636	1125.045455
692.3333333	1125.97619
858.0357143	1130.160714
824.1071429	1131.053571
910.4761905	1131.809524
877.1428571	1132.809524
809.7254902	1137.215686
599.8035714	1138.571429
832.9558824	1138.411765
773.6393443	1141.770492
697.4782609	1144.376812
913	1149.333333
883.25	1154.178571
672.4615385	1155.846154
681.6603774	1158.54717
838.1818182	1158.090909
731.1964286	1162.053571
817.3793103	1163.206897
810.7142857	1163.928571
593.2328767	1168.69863
609.8461538	1180.884615
713.12	1181.12
704.8571429	1181.857143
657.3728814	1182.491525
596.2439024	1184.073171
788.6785714	1184.75
817.9230769	1184.384615
779.3703704	1195.938272
846.1904762	1197.071429
803	1200.136364
616.3428571	1201.228571
720.1754386	1203.438596
912.4137931	1205.068966
788.8181818	1208.75
795.45	1211.1
856	1213.163265
599.96	1213.4
810.3953488	1213.674419
966	1219.5
927.2	1221.916667
717.3333333	1223.6875
891.4571429	1224.085714
889.1428571	1228.095238
658.1896552	1228.758621
953.6491228	1229.701754
945.5243902	1232.231707
562.2424242	1236.69697
565.9677419	1238.258065
872.5384615	1238.057692
868.45	1239.4
879.3432836	1239.268657
949.7857143	1239.392857
645.9873418	1241.113924
594	1243
894.7073171	1243.634146
941.547619	1244.642857
945.9333333	1246.133333
603.7321429	1248.303571
944.1621622	1250.351351
623.5	1249.5
958.7209302	1256.255814
819.1219512	1258.146341
843.5	1258
609.275	1264.2
814.4761905	1264.492063
641.21875	1264.78125
648.7446809	1267
802.1323529	1271.676471
923.1428571	1279.785714
937.7631579	1280.921053
957.9090909	1282.136364
804.7222222	1283.333333
831.2195122	1284.414634
938.1153846	1285.5
840.968254	1285.68254
808.2881356	1289.237288
930.2702703	1290.108108
822.1538462	1292.282051
836.6923077	1295.076923
934.5172414	1297.758621
911.3684211	1302.789474
922.95	1307.075
839.575	1310.625
975.0816327	1311.040816
979.8214286	1316.196429
936.0909091	1316.909091
1002.888889	1320
973.1454545	1321.472727
854.4782609	1326.956522
959.8269231	1341.903846
967.1538462	1349
892.2758621	1350.62069
983.779661	1353.033898
898.2941176	1367.676471
972	1373.5
890.6315789	1380.789474
877.1785714	1387.345238
973.9090909	1387.090909
971.8148148	1393.481481
931.92	1395.44
952.469697	1414.909091
968.627907	1416.860465
937.6585366	1419.97561
960.7162162	1421.243243
907.9459459	1422.72973
914.9375	1427.375
590.5	1435.8125
753.2058824	1438.147059
595.3953488	1440.465116
758.9411765	1507.176471
765.65	1510.7
1097.575	1535.175
997.9166667	1583.666667
970.6538462	1600.076923
826.75	1601.375
975.2424242	1601.909091
817.5348837	1611.418605
1065.068182	1627.954545
875.0615385	1630.923077
1022.833333	1630.208333
882.6888889	1631.222222
1072.890411	1634.726027
897.2	1635.5
874.4	1637.6
876.5555556	1642.166667
869.4081633	1646.102041
844.453125	1648.046875
1053.853659	1647.756098
914	1653.745455
984.1304348	1653.978261
1078.208955	1663.029851
1084.522727	1662.477273
826.5510204	1665.795918
1040.75	1667.25
1055	1668.325581
1060	1671.125
1072.148148	1674.111111
1061.565217	1677.956522
1032.222222	1683.5
885.75	1708.75
827.5	1725
833.82	1728.58
811.5	1733.6
925.7272727	1735.772727
1015.253968	1741.079365
930.1470588	1746.470588
829.1666667	1751.5
925.137931	1764.5
776.7435897	1764.615385
940.2758621	1765.396552
1009.808511	1769.851064
945.175	1775.225
854.0175439	1778.649123
533	1801.352941
875.24	1811
833.2982456	1816.333333
901.6153846	1817.115385
903.6363636	1824.454545
559.9833333	1825.683333
967.440678	1826.033898
914.2884615	1829.519231
976.9259259	1828.592593
491.09375	1830.9375
964.54	1850
530	1850.84375
969.8163265	1855.408163
813.9666667	1857.7
817.9705882	1857.323529
537.2666667	1858.333333
543.4285714	1858.367347
974.8392857	1859.785714
852.4310345	1859.913793
971.673913	1866
787.3055556	1868.361111
566.2727273	1874.5
905.5	1875
947.32	1874.76
986.1176471	1877.313725
873.5483871	1880.096774
827.9795918	1882.122449
501.2291667	1883.833333
925.0689655	1886.586207
872.988764	1890.550562
889.2352941	1894.741176
618.2361111	1899.958333
622.1363636	1903.545455
523.025	1902.975
865.8333333	1904.796296
922.3793103	1905.155172
894.6615385	1908.615385
910.9130435	1907.956522
515.225	1916.225
576.2432432	1917.189189
873.6153846	1918.615385
846.0606061	1919.575758
982.3461538	1920.288462
904.3863636	1920.704545
979.3658537	1929.658537
1000.547619	1930.488095
599.9393939	1933.30303
747.9333333	1933.4
552.2560976	1935.256098
929.5833333	1935.25
972.7317073	1936.609756
1006.565217	1938.326087
861.8846154	1939.307692
995	1939.5
600.9591837	1949.22449
979.5666667	1948.566667
586.5777778	1950.533333
610.4313725	1954.588235
934.3333333	1955.5
832.2941176	1956.5
774.1666667	1956.5
509.9148936	1959.297872
1064.032258	1959.774194
609.05	1962.45
522.5	1965.5
870.5405405	1965.486486
510.5892857	1974.303571
863	1975.653846
957.0666667	1977.066667
873.4313725	1979.54902
834.625	1987.428571
818.2758621	1994.62069
871.8	1997.12
535.85	1998.6
497.3829787	1998.765957
523.1428571	2004.142857
524.25	2012.409091
578.4285714	2011.880952
786.25	2011.53125
581.6470588	2015.117647
603.5	2015.352941
587.5	2018.5
887.4576271	2019.779661
443.1590909	2021.113636
903.109375	2021.90625
544.9	2026.95
578.6590909	2032.613636
780.4117647	2034.176471
886.2666667	2035.966667
512.3571429	2036.595238
792.6428571	2036.357143
489.8333333	2040.277778
777.52	2041.2
883.5348837	2042.953488
433.2711864	2044.322034
817	2044.777778
484.925	2046.05
795.0384615	2046.096154
723.5	2047.5
478.9411765	2051.156863
411.047619	2052.793651
419.2686567	2059.014925
859	2065.448276
612.65	2066.9
759.8860759	2067.316456
427.8653846	2067.788462
762.9333333	2071.6
879.9824561	2069.421053
391.6428571	2070.595238
589.3888889	2073.138889
538.25	2075.204545
395.3043478	2076.782609
790.0789474	2080.447368
397.42	2080.98
563.4444444	2083.351852
398	2085.592593
479.7407407	2090.074074
484.8333333	2093.25
571.5	2093
391.8918919	2093.864865
598.9487179	2094.717949
382.6363636	2096.909091
400.8095238	2097.047619
448.2380952	2097.142857
426.0833333	2100.916667
577.95	2103.2
599.5882353	2106.676471
428.0357143	2109.142857
548.6842105	2113.157895
604.9473684	2117.368421
447.7894737	2118.578947
498.8823529	2124.588235
475.952381	2130.047619
524.972973	2130.108108
565.9090909	2131.363636
474.7142857	2136.071429
860.2	2137
896.4772727	2138.363636
665.3965517	2140.396552
481.4878049	2144.170732
489.4193548	2148.548387
406.1875	2156.9375
480.5	2166.285714
808.2619048	2173.047619
896.7837838	2173.459459
487.3548387	2174.516129
890.2	2182.333333
501.7647059	2184.235294
547.58	2188.7
510.05	2189.9
795.6304348	2190.891304
886.2222222	2191.5
899.3333333	2196.875
463.5531915	2197.851064
559.6153846	2198.333333
553.6097561	2199.560976
565.3478261	2202.869565
876.0243902	2202.853659
501.5671642	2203.925373
523.5	2207.8125
790.2083333	2210.5
547.6557377	2211.852459
890.972973	2213.243243
638.7368421	2219.5
796.5686275	2225.470588
894.9795918	2224.897959
494.6229508	2227.540984
806.1463415	2230.073171
799.56	2231.08
801.4736842	2238.631579
859.469697	2237.651515
870.6511628	2241.837209
855.2903226	2244.548387
804.5106383	2266.425532
800.3125	2267.0625
800.1153846	2271.730769
845.0697674	2271.023256
713.7627119	2279.728814
720.326087	2283.391304
849.3866667	2282.64
790.42	2285.14
869.8604651	2285.069767
842.3333333	2287.904762
715.5	2289.818182
666.6363636	2292.545455
895.5609756	2298.560976
798.6603774	2304.849057
764.9863014	2317.630137
806.5	2320.5
765.6	2324.685714
802.0714286	2325.142857
583	2327.756098
742.7297297	2332.945946
724.6363636	2335.863636
725.5952381	2343.833333
830.2972973	2348.837838
891.9347826	2355.934783
793.862069	2360.62069
815.2424242	2364.409091
585.0363636	2370.036364
853.2682927	2374
896.5384615	2374.807692
718.62	2377.3
527.2727273	2380.954545
532.25	2383.475
890.6875	2382.645833
629.0625	2383.90625
714.5744681	2384.361702
765.3913043	2383.956522
756	2387.4
819.8378378	2389.027027
756.6086957	2391.26087
766.6857143	2389.714286
884.7321429	2402.25
900.9361702	2403.446809
819.7826087	2405.391304
872.3953488	2407.209302
880.1269841	2411
453.5	2413.5
578	2415.125
885.2105263	2415.184211
584.3055556	2415.652778
817.7931034	2416.37931
711.6842105	2416.684211
579.6428571	2428.785714
858.8823529	2431.058824
424.0833333	2432.916667
694.21875	2432.5
680.4603175	2434.365079
856.3157895	2442.921053
622.2439024	2444
743.265625	2445.75
830.6666667	2446.177778
574.7567568	2455.243243
731.9811321	2455.509434
863	2456.25
890.6041667	2457.104167
578.0724638	2465.753623
882.9772727	2467.340909
586.7	2468.05
734.7948718	2471.179487
880.7857143	2473.285714
873.877551	2475
639.5185185	2480.296296
882.6052632	2479.289474
879.3953488	2484.209302
594	2488.73913
741.7721519	2488.531646
847.4	2489.4
887.5	2490.5
565.3103448	2493.448276
845.440678	2498.559322
836.5531915	2504.404255
635	2507.5
696.8333333	2506.952381
833.8717949	2508.641026
674.1034483	2509.827586
576.1929825	2515.824561
527.5526316	2518.921053
624.4339623	2519.54717
901.9444444	2524.75
525.75	2529.958333
593.5272727	2549.981818
692.9166667	2550.366667
618.8974359	2550.717949
702.6734694	2552.714286
627.3181818	2561.757576
554.9487179	2568.948718
547.7931034	2572.241379
533	2583
907.8421053	2584.447368
646.4347826	2586.23913
655.6595745	2591.361702
741.7575758	2592.030303
549.037037	2593.777778
859.2093023	2596.44186
860.0666667	2603.933333
657.5	2606.866667
650.75	2613.85
743.9583333	2613.916667
735.7954545	2615.886364
761.12	2617.76
862	2621.208333
737.71875	2625.34375
875.3157895	2630.973684
571.5	2632
671	2631.346939
665.5652174	2636.608696
857.4242424	2636.939394
612.3529412	2638.823529
887.1153846	2639.307692
873.5166667	2639.4
881.1904762	2641.142857
655.08	2643.56
683.5	2645.117647
830.2	2646
664.2727273	2647.515152
691.4090909	2651.068182
741.7058824	2651.5
890.5208333	2650.083333
623.962963	2653.148148
699.0882353	2652.735294
880.6976744	2653
614.425	2676.75
629.9387755	2684.877551
675.2647059	2685
710.5925926	2683.469136
619	2686.173913
632.952381	2691.809524
723.547619	2692.380952
648.9607843	2700.568627
667.9555556	2701.911111
728.4705882	2710.921569
713.1276596	2712.893617
663.3333333	2713.306667
636.0526316	2714.842105
853.2307692	2716.153846
723.0789474	2756.131579
749.3421053	2767.447368
735.6296296	2769.240741
732.46875	2777.53125
511.1428571	2816.928571
808	2849.5
815.173913	2851
441.1025641	2860.179487
810.3125	2893.958333
789.4137931	2896.586207
781.6071429	2898.047619
790.739726	2902.589041
639.71875	2905.90625
795.5	2909.625
782.6363636	2913.522727
664	2937.820513
682.2105263	2955.491228
677	2958.16129
804.4565217	2960.304348
445.9375	2999.515625
465.1904762	3026.857143
390.4324324	3028.945946
389.3461538	3035
437.1935484	3037.774194
387.0909091	3039.363636
728.6666667	3042.025641
407.5	3051.5
726.95	3051.175
768.7058824	3051.5
720.4146341	3052.097561
750.5789474	3052.842105
714.3333333	3055.125
695.3846154	3077.923077
742.2	3078
854.4565217	3084.76087
654	3099.5
799.4936709	3098.35443
875.5434783	3099.76087
803.9583333	3101.416667
810.537037	3100.425926
747.2307692	3104.211538
806.5517241	3105.586207
728.9354839	3105.580645
879.5	3107.5
633.7857143	3119.178571
801.115942	3121.26087
871.5957447	3128.787234
619.1818182	3134.909091
788.875	3136.25
621.8108108	3139.702703
798.42	3139.76
885.4418605	3140.55814
617	3142.863636
790.7428571	3141.714286
556.04	3147.92
516.8	3150.257143
779.2592593	3152.925926
518.2978723	3154.574468
874.7777778	3155.555556
519.76	3162.4
734	3173
568.8888889	3173.888889
817.2307692	3182.115385
765	3200.826087
574	3203.5
772	3203.137931
621	3212.826087
530.5151515	3218.727273
761.3636364	3222.909091
698.5	3227.5
542.8548387	3229.612903
632.7272727	3235.5
561.8448276	3239.224138
578.2857143	3251.52381
556.0625	3253.90625
579.7142857	3259.928571
699.875	3265.125
592.744186	3279.930233
571.2553191	3283.042553
595.0444444	3288.866667
600.4117647	3288.882353
544.76	3298.4
606.1525424	3298.033898
598.1864407	3301.40678
603.9714286	3305.171429
542.1791045	3312
589.9607843	3320.156863
540.28	3321.56
583.245283	3325.433962
599.8103448	3325.155172
730.8095238	3326.071429
586.6666667	3330.222222
538.9787234	3334.170213
599.2857143	3335.914286
604.59375	3337.15625
525.1162791	3340.116279
778.8	3345.24
567.3220339	3345.576271
727.4807692	3350.25
503.44	3356.08
595.6	3357.44
498.5714286	3369.714286
745.0816327	3381.122449
509.0727273	3382.109091
683.0689655	3401.37931
735.1538462	3404.423077
683.7666667	3405.5
722.3255814	3406.55814
683.140625	3409.421875
718.2093023	3413.139535
702.25	3421.25
752.75	3428.0625
723.68	3433.76
748.7027027	3433.918919
690.7741935	3445.903226
693.0638298	3450.382979
699.9	3457.066667
690.5	3458.294118
690.6046512	3464.534884
720.8235294	3468
699.5818182	3468.654545
689.6	3471.6
693.3611111	3474.833333
700.05	3476.1
746.9206349	3487.349206
735.372549	3493.137255
752.5074627	3492.268657
699.8064516	3500.870968
750.1190476	3500.904762
749.5	3506.678571
741.9347826	3507.717391
739.45	3512.775
589.4285714	3527.714286
533.8627451	3533.431373
528.0769231	3539.435897
514.9069767	3554
534.8666667	3555.066667
554.972973	3559.378378
849.9166667	3587.833333
578.0212766	3590.170213
822.55	3593.95
562.24	3597.42
492.9444444	3599.083333
848.75	3599.035714
834.7241379	3605.206897
809.625	3606.15625
553.12	3606.56
831.8285714	3615.685714
580.0697674	3620.604651
571.7777778	3622.244444
599.5111111	3654.422222
818.5	3665.333333
548.5	3676.5
713.0930233	3680.976744
742.1153846	3703.692308
777.6285714	3720.771429
603.0789474	3723.368421
760.2	3725.266667
574.6590909	3729.477273
724.7	3741.1
724.6875	3745.1875
781.1764706	3744.735294
787.0294118	3744.411765
785.2580645	3750.032258
797.44	3752.92
702	3772
798.7837838	3777.675676
676.6956522	3789.391304
736.3414634	3790.682927
743.2857143	3795.071429
597.6458333	3796.770833
678.7352941	3797
776.3783784	3800.135135
677.125	3803.225
642.7083333	3805.708333
685.4210526	3820.105263
611.5	3829.214286
721.7045455	3829.363636
710.3636364	3835.5
755.469697	3836.363636
634.6382979	3837.808511
703.8	3848.4
773.6666667	3854.888889
682.2307692	3862.641026
678.0833333	3866.972222
778.8571429	3873.163265
682.6333333	3879.366667
798.58	3879.86
594.9583333	3881.625
600.1956522	3912.956522
751.2898551	3914.072464
764.3125	3925.15625
760.3157895	3932.5
788.625	3937.166667
541.4242424	3938.424242
564.8947368	3938.631579
731.075	3943.05
753.5	3946.785714
716	3947.755102
735.0731707	3950.756098
721.4324324	3951.945946
786.8823529	3952.941176
727.1481481	3957.296296
717.1212121	3958.69697
751.2075472	3960.867925
729.5	3962.9
697.5405405	4010.918919
722.9428571	4021.342857
719.64	4025.6
728.7317073	4024.97561
720.0408163	4032.55102
745.5428571	4035.085714
708.5588235	4041.676471
732.7659574	4048.234043
712.6578947	4050.815789
714.3142857	4063.914286
716.2830189	4078.886792
673.375	4084.583333
675.3432836	4151.641791
631.2368421	4170.342105
691.3023256	4194.581395
681.9333333	4199.066667
507.3	4224.85
608.6603774	4242.603774
631.6607143	4249
533.7142857	4259.5
697.44	4265.92
553.6734694	4268.387755
553.6315789	4288.684211
568.5714286	4311.942857
564.6315789	4314.263158
626.4054054	4328.243243
630.5	4333.5
623.3958333	4334.770833
629.4074074	4354.259259
583.8181818	4372.090909
518.3333333	4375.033333
664.875	4375.125
597.6363636	4384.909091
647	4463.416667
631.6774194	4471.580645
557.28125	4545.9375
514.4705882	4555.852941
531.122449	4559.22449
544	4561.259259
540.0689655	4562.37931
250.6363636	4568.909091
533.8709677	4578.129032
507.3902439	4590.268293
562.0416667	4619.9375
418.2580645	4774.709677
