X	Y
0	0
0	6000
6000	0
6000	6000
435.5384615	231.8717949
436.6428571	237
443.2	244.08
415.5	246.25
437.8117647	248.2823529
499.25	252.1388889
418.4583333	251.7916667
489.5	252.6875
441.4444444	254.7777778
414	255.66
406.3	259.9666667
496.4193548	262.6612903
412.1395349	263.2093023
430.195122	263.3170732
418.2929293	262.9090909
401.5	265.25
394.8378378	264.7162162
504.3	266.625
406.825	268.375
498.9090909	267.4545455
382.7272727	268.0909091
491.96	267.84
497.2413793	270.6206897
389.5483871	271.6129032
480	273.8434783
486.25	271.4375
398.2790698	273.4302326
473.7	266.4571429
434.2048193	272.5662651
392.1428571	274.7142857
425.5645161	274.983871
486.5	276
434.7222222	278.2777778
440.7083333	280
451.3793103	284.4482759
444.8108108	284.8918919
505.2413793	287.6896552
439.1666667	289.3541667
448.88	290.48
499.7142857	291.4857143
523.92	292.48
442.0864198	294.8024691
504.2	295.1
512.9722222	297.75
517.5483871	297.9193548
438.3333333	300.875
441.0465116	305.6744186
441.76	312.04
516.6315789	314.2631579
417.5185185	322.2962963
435.8823529	326.2352941
441.3	327.4
474.9583333	327.4583333
445.8636364	330.2727273
434.0243902	331.6585366
544.125	332.75
538.3684211	334.4736842
448.4285714	335.5714286
431.8928571	342.6428571
439.1363636	347.6363636
534.8181818	354.6136364
446.8888889	366.6296296
524.4883721	367.4651163
522.75	373
422.0714286	373.2142857
514.8214286	374.3928571
527.7333333	373.3333333
534.2666667	388.6666667
419.1875	389.7291667
414.1785714	392.3571429
468.2068966	393.8965517
477.5	394.0833333
528.8217822	391.9009901
557.75	393.578125
535.9818182	394.6727273
543.125	394.875
549.0638298	395.893617
562.9166667	396.6666667
554.1111111	399.3333333
485.3090909	398.6545455
538.7307692	400.7307692
545.2978723	400.5106383
478.0819672	399.295082
529.6590909	401.5454545
475.9642857	402.3928571
482.9811321	406.9811321
541.4	406.2666667
475.3333333	408.1428571
493.1923077	408.1923077
521.7317073	408.2439024
501.96	413.16
674.2631579	484.2631579
671.1333333	486.4
677.5	487.5
680	491.1818182
658.1724138	492.9310345
653.4782609	493.826087
662.9	494.525
649.875	496.4583333
687.42	497.54
658.6056338	501.0985915
652.7222222	500.2777778
695.8723404	501
678.5263158	509.0263158
684.3125	508.75
684.6774194	513.6129032
659.4090909	513.8636364
679.0869565	515.4347826
653.6285714	518.4
685.3636364	521.0909091
680.2424242	522.3030303
651.6666667	525
660.6363636	528.3636364
649.9642857	531.1071429
656.5625	530.0625
730.475	530.875
736.3529412	531.5882353
685.627451	531.627451
740.8214286	532.4642857
690.7777778	535.1944444
681.8571429	535.9285714
707.96	536.8
714.6666667	535.0392157
725.2432432	535.8108108
737.5806452	536.1935484
731.3548387	536.3225806
718.7169811	539.4150943
689.8484848	542.9090909
682.2898551	542.0434783
709.7058824	541.2941176
730.1363636	541.1363636
736.7037037	541.1111111
744.65625	542
715.5	544.8
727.4285714	547.1964286
734.1818182	551.8181818
794.127451	551.3431373
704.6923077	552.4615385
683.9166667	555.3333333
727.6666667	553.8039216
669.7333333	555.3333333
711.483871	558.5806452
812.3636364	556.8181818
722.5	558.1111111
728.7981651	561.7981651
740.2307692	558.3846154
841.1	559.1
814.7741935	561.3548387
668.2105263	562.3508772
835.6875	561.8125
673.0879121	565.010989
693.9285714	563.5714286
677.7	566.4
703.9090909	565.4393939
720.3043478	565.6956522
735.8275862	565.137931
751.5416667	567.9166667
832.1515152	564.8787879
697.8333333	567.8148148
710.1923077	567.7307692
690	569
732.7272727	569.0909091
798.1578947	569.3157895
810.7608696	568.7391304
678.9714286	570.6571429
721.7307692	571.1153846
693	571.625
702.5909091	572.3181818
708.16	572.28
804.5164835	571.1318681
812.3018868	578.9496855
682	576
700.609375	576.875
706.7777778	576.2777778
839.5555556	576
843.171875	574.140625
850.2465753	578.5136986
709.05	580.1
693.25	580.5
817.4166667	586.8888889
849.6153846	585.9615385
855.75	587.5833333
860.6857143	587.2
689.2	588
850.8214286	589.6071429
745	593
856.2105263	591.5263158
739.6363636	592.9545455
848.35	593.1
748.0434783	595.5652174
754.9268293	593.7804878
760.1016949	597.7118644
751.0625	599.75
852.6470588	597.9411765
755.1666667	599.875
743.4090909	599.4545455
835.9142857	598.3428571
739.2222222	600.5
831.4074074	603.2037037
839.9292929	605.4343434
755.55	604.65
760.4347826	606.4347826
865.1176471	607.6078431
747.1111111	608.8888889
743.8137255	611.7843137
870.8	611.75
776.1	624.5
837.7272727	626.4090909
748.027027	626.5405405
841.5416667	628.4166667
742.7857143	627.7678571
749	631.4722222
819.8636364	631.8939394
911.1764706	630.5882353
804.2755344	643.1900238
915.6153846	633.3076923
941.744186	632.9069767
771.3695652	632.673913
815.2222222	633.7222222
910.8311688	637.5584416
922.625	633.625
919.5416667	635.625
930.2857143	635.452381
937.2352941	636.9411765
750.1139241	635.9620253
924.5	638.1176471
945.6875	637.3125
733.84375	638.59375
823	639.3333333
941	638.8571429
753.625	639.375
776	639.9538462
916.4166667	638.5
930	640.6206897
811.7560976	639.6829268
916.9814815	643.037037
936.3333333	641.3333333
782.5357143	643.9285714
830.7894737	643.3157895
774.893617	645.7234043
790.2083333	643
920.3265306	647
925.4333333	644.6666667
842.5357143	647.625
940.2619048	645.3333333
790.2222222	648.5333333
796.5531915	651.7234043
835.6756757	648.6756757
814.9333333	649.2
923.3428571	651.9142857
932.6944444	650.0277778
915.85	652.1
930.4	654.6
840.6226415	654.7169811
783.7916667	658.2083333
937.5342466	653.1780822
941.7474747	659.8888889
765.5535714	660.2321429
798.6956522	659.7826087
916.2702703	660.0540541
934.5454545	661.7272727
770.68	663.8133333
776.0277778	663.7222222
786	665.1111111
922.0217391	664.2608696
789.5	669.0625
784.8205128	670.3846154
881.9213483	667.6067416
775.55	669.6
920.6333333	671.0666667
792.5	672.25
929.5526316	673.6403509
790.08	675.2
883.8888889	674.3333333
873.7272727	675.4090909
950.6285714	675.8857143
795.2586207	677.8965517
851.5	678.7142857
882.55	679.75
924.8666667	679.7666667
787.2972973	680.7027027
799.6785714	681.3571429
930.2045455	682.5909091
794.7083333	683.9583333
852.7307692	683.6538462
884.047619	684.952381
918.1612903	682.5806452
803.6081081	686.8918919
924.1346154	686.1346154
835.3333333	690
933	688.2857143
937.625	688.625
943.6	689.45
928.2105263	691.7894737
799.5	692.3461538
921.5	691.625
916.2804878	690.8536585
803.8	695.5
936.375	694.4375
940.8461538	693.3653846
932.2333333	695.0666667
937.1454545	700.2
832.2608696	697.8913043
871.3055556	698.2222222
875.8571429	698.2857143
920.452381	698.9047619
925.9090909	699.1590909
930.4	702.1777778
875.3846154	704.3589744
827.5789474	705.8947368
912.6521739	707.3913043
933.9655172	707.3103448
884.1935484	707.516129
880.5168539	711.0786517
940.254902	710.6862745
935.7142857	713.3428571
859.3448276	711.7241379
846.7407407	712.4444444
914.2608696	714.6086957
976.625	715.9
939.7307692	718.7692308
934.7714286	719.2285714
985.1578947	722.4736842
904.3846154	722.4615385
908.5555556	724.3703704
988.5	725
923.7428571	724.7714286
908.1830986	729.1971831
1000.066667	728.6
917.3166667	730.05
923.1666667	732.5625
723.8076923	733
875.2	734.3
851.7377049	740.6557377
876.4166667	738.4166667
857.516129	741.6935484
878.8	743
888.462963	744.037037
891.1538462	748.8846154
832.8292683	766
833.775	771.15
752.9375	772.6875
854.4117647	776.3333333
849.0555556	781.2222222
857.0571429	781.9142857
843.8823529	787.1764706
851.1794872	787.3846154
847.6071429	791.9642857
835.3863636	797.75
847.3333333	803.6666667
851.8139535	803.4418605
840.4565217	804.5978261
709.6578947	806.75
846.0344828	810.5172414
842.4375	813.75
845.65	816.2
838.9473684	818.8947368
837.0857143	825.1714286
845.4651163	825.1162791
841.5588235	825.5588235
823.0740741	830.2222222
837.804878	831.0243902
827.1052632	834.7192982
842.3291139	838.4261603
831.6842105	837.1578947
861.1111111	839.75
809.4090909	840.2272727
855.6935484	839.2580645
831.7333333	843.5833333
850.5	846.2931034
855.85	847.15
832.2195122	851.6829268
814.1666667	850.9166667
823.625	850.75
852.1975309	853.2592593
837.4516129	852.6129032
837.4230769	859.7692308
849.92	859.8
846.745098	864.5098039
839.1764706	864.7058824
833.7391304	865.0869565
851.8947368	868.8684211
836.5652174	868.0869565
841.1	867.9
855.90625	867.09375
845.5	868.6
859	871.1538462
845.2444444	873.7555556
855.9411765	875.6470588
853	876.0625
860.4230769	875.8846154
845.6857143	879.5142857
849.6447368	884.1578947
858.1012658	884.2278481
884.1818182	884.1818182
829.8181818	886.4545455
839.3829787	888.1276596
817.8387097	890.9354839
822.4	890.6
855.7142857	890.7142857
821.5909091	894.4545455
813.2954545	895.0909091
822.4242424	898.4545455
809.1666667	903.3333333
826.1851852	903.8333333
817.21875	906.25
821.44	905.16
814.0172414	911
821.1428571	912.3428571
827.8974359	909.7692308
816.1964286	918.4285714
822.5	917.5
833.7518797	917.7593985
845.7906977	919.3953488
831.1666667	923.0666667
823.62	923.54
816.0625	925.8125
842.8378378	927.6486486
838.3947368	929.7105263
827.3333333	930.5454545
850.4920635	930.952381
833.5104167	932.2083333
844.3461538	933.3461538
827.0666667	934.8
833.6428571	939.8928571
852.8837209	936.1860465
829.2692308	941.3461538
824.7377049	940.8360656
800.2051282	961.6666667
811.1818182	965.8181818
739.5	966.7777778
794.3650794	967.6984127
804.8142857	967.9142857
813.5454545	970.5454545
824.7272727	970.8181818
796.5757576	973.6363636
803.6666667	973.2380952
809.4583333	973.7083333
821.7826087	974.6086957
849.1111111	978.2222222
721.0416667	1028.166667
704.6666667	1030.777778
720.6666667	1032.888889
679.5915493	1034.71831
687.7234043	1035.723404
650.6184211	1036.763158
656	1034.534483
711.7777778	1036.916667
695.7209302	1037.209302
645.9795918	1040.55102
682.6071429	1040.821429
687.4222222	1043.422222
682.4137931	1046.172414
642.0714286	1044.464286
646.3125	1046.4375
691.3666667	1050.733333
672.3181818	1050.045455
647.2352941	1055.926471
687.6585366	1054.97561
733.969697	1057.151515
666.8947368	1058.473684
732.0681818	1062.25
688.7763158	1062.868421
681.4	1065
772	1064.846154
641.9866667	1068.146667
687.3333333	1068.911111
676.5106383	1067.212766
668	1070.5
633.4857143	1068.285714
730.744	1071.44
636.3103448	1071.206897
699.6818182	1069.151515
722.1698113	1069.886792
699.7272727	1074.409091
710.3518519	1076.151852
684.3232323	1074.777778
671.2686567	1076.208955
679.7368421	1078.157895
723.2083333	1077.25
695.1818182	1077.090909
675.8846154	1080.230769
688.9285714	1080.857143
697.1111111	1081.722222
724.2727273	1081.909091
613.14	1087.25
717.0322581	1087.731183
712.9166667	1088.5
722.3529412	1088.823529
631.9189189	1090.486486
637.6451613	1089.870968
634.7413793	1096.775862
713.0909091	1093.727273
617.2666667	1094.533333
627.6341463	1095.756098
718.7333333	1095.066667
611.3714286	1097.371429
707.2777778	1097.611111
697.9111111	1098.977778
628.625	1101.857143
588.2173913	1103.73913
419.5806452	1110.935484
589.1153846	1116.192308
687.9333333	1130.166667
680.9032258	1130.612903
708.2888889	1134.333333
604.3846154	1140.384615
608.0666667	1140.333333
586.6666667	1140.636364
671.744186	1144.348837
753.625	1143.2
588.1632653	1145.081633
600.3103448	1145.931034
608.8297872	1147.617021
694.1587302	1147.857143
757.6842105	1147.842105
754.4137931	1149.793103
579.6071429	1149.678571
674.8666667	1149.066667
686.35	1154.816667
607.85	1154.675
616.7830189	1153.150943
693.2352941	1152.764706
826.4074074	1155
602	1156
681.5882353	1155.882353
694.0363636	1156.363636
657.5714286	1159.150794
611.6153846	1158.884615
814.6129032	1157.322581
822.3513514	1158.283784
858.3802817	1159.591549
648.6333333	1160.633333
652.4545455	1163.090909
817.5921053	1165.302632
846	1163.142857
648.6944444	1166.388889
824.3684211	1165.842105
812.5	1167
860.9642857	1169.571429
592.862069	1171.62069
649.3823529	1171.205882
850.6190476	1174
856.3513514	1172.594595
706.125	1175.875
834.4545455	1177.181818
817.9361702	1177.382979
821.1935484	1180.032258
827.440678	1180.728814
843.9655172	1179.206897
708.6857143	1181.657143
790.9642857	1181.678571
610.6478873	1183.985915
814.0689655	1183.37931
821.6666667	1184.190476
836.0204082	1183.877551
857.9194631	1186.107383
556.3157895	1183.5
654.5679012	1186.098765
867.5744681	1183.87234
569.4230769	1187.365385
844.025641	1186.273504
576.6666667	1188.166667
608.5359477	1191.156863
820.1803279	1188.278689
554.1176471	1188.588235
561.5405405	1188.297297
615.0967742	1190.645161
704.0833333	1189.416667
807.3571429	1189.928571
859.0277778	1194.694444
580.8064516	1190.516129
866.9047619	1191.047619
624.1886792	1192.09434
840.625	1193.425
871	1192
595.4634146	1192.243902
636.6	1192.333333
810.75	1192.5
620.9117647	1195.382353
803.6923077	1193.230769
572.8850575	1196.390805
658	1193.576923
648.1363636	1194.560606
577.8	1197.6
582.2857143	1195.452381
596.6956522	1197.608696
815.3636364	1197.363636
606.2	1197.733333
633.75	1197.071429
669.8148148	1198.703704
844.4375	1198.25
639.2222222	1199.222222
804.9791667	1197.895833
863.96	1199.28
662.3461538	1199.076923
773.5932203	1198.559322
583.3333333	1199.611111
576.8095238	1203.857143
638.2777778	1202.277778
672.5	1202.5
810.7142857	1200.464286
582.1666667	1204.444444
606.0454545	1203.818182
774.7931034	1203.896552
804.2105263	1204.842105
817.5853659	1206.670732
864.4	1203.4
800.3888889	1203.5
868.2916667	1204.958333
770.0384615	1206.615385
809.4117647	1206.529412
813.0909091	1205.909091
585.0135135	1207.067568
765.8	1207.9
809.2647059	1210.205882
864.3913043	1208.913043
884.2424242	1208.727273
581.5	1210.5
635.4791667	1209.583333
756.6818182	1210.5
589.8181818	1210.30303
592.6746988	1215.903614
610	1210.418605
628.3064516	1213.854839
878.7142857	1212.928571
580.34375	1214.09375
600.0222222	1213.333333
603.9090909	1217.090909
615.8571429	1215.293651
635.4705882	1214.470588
761.1538462	1214.923077
633	1217.5
596.8965517	1220.586207
585.4477612	1221.977612
633.2753623	1219.304348
576.5	1219.777778
607.8125	1220.625
764.3636364	1220.712121
611.7368421	1222.736842
624.9714286	1222.428571
879.8095238	1222.47619
757.8823529	1222.235294
602.5454545	1223.318182
763.9285714	1227.071429
605.5625	1225.875
618.9605263	1225.605263
597.173913	1228.684783
608.8421053	1227.105263
759.65	1227.1
881.3913043	1227.73913
898.4358974	1229.307692
586.5172414	1231.344828
601.6190476	1231.904762
593	1234.307692
605.2592593	1235.481481
897.4181818	1233.745455
598.047619	1236.761905
892.0138889	1239
616.047619	1238.833333
797.4051724	1237.155172
900	1240.710145
610.9824561	1236.421053
667.2178218	1238.851485
931.7619048	1239.380952
607.4117647	1245.205882
601.0806452	1243.596774
657.9565217	1242.217391
838.0285714	1241.171429
613.3939394	1244.69697
793.0322581	1247.333333
901.037037	1246.037037
637.8421053	1250.315789
582.1538462	1250.461538
901.25	1250.625
799.9302326	1252.860465
917.7352941	1252.264706
839.5535714	1255.339286
798.4583333	1258.083333
871.6415094	1258.018868
902.7948718	1257
911.8064516	1260.451613
803.3571429	1260.678571
905.375	1260.75
916.4545455	1259.4
908.8666667	1261.533333
899.0701754	1268.824561
919.2916667	1263.791667
814.0330579	1264.669421
905.2777778	1266.055556
908.8584071	1271.20354
896.09375	1266.15625
917.8235294	1268.411765
902.8	1268.857143
807.4259259	1267.87037
817.3550725	1276.427536
790.6923077	1271.692308
802.6	1272.3
806.5625	1273.65625
810	1275.1
813.25	1274.3125
865.9285714	1275.892857
811.4444444	1278.111111
857.9411765	1277.764706
807.5	1279.727273
900.4761905	1280.079365
929.9166667	1282.416667
933.125	1283.75
926.8	1286.2
938.8958333	1286.697917
813.5588235	1287.882353
824.8095238	1290.015873
941.6071429	1291.928571
819.625	1289.166667
807.9117647	1290.911765
887.6956522	1292.130435
803.6486486	1294.810811
920.0704961	1302.409922
860.0909091	1294.522727
815.4285714	1297.619048
821.2592593	1297.851852
874	1297
933.1351351	1293.675676
800.627907	1299.790698
854.8333333	1298.166667
886.2413793	1299.172414
939.03125	1298
938	1303.259259
879.0740741	1302.87037
933.1212121	1303.939394
812.2857143	1305.5
936.4166667	1307.166667
906.1271186	1305.220339
922.8481013	1309.481013
834.5825243	1308.330097
809.1607143	1311.214286
955.7837838	1311.837838
923.4893617	1319
874.8285714	1316.4
909.1111111	1317.222222
869.5245902	1317.803279
809.6363636	1318.909091
813.5384615	1319
912.4	1320.4
830	1323
868.1428571	1323.095238
874.8461538	1324
918.9230769	1323.153846
825.3090909	1327.790909
913.5304348	1327.652174
862.7571429	1325.242857
868.1333333	1328.6
888	1329.2
832.1428571	1331.542857
908.84	1332.48
922.8421053	1329.710526
882.8	1334
919.5636364	1335.8
926.2857143	1335.714286
827.3283582	1337.014925
851.2857143	1336.6
835.5555556	1338.407407
844.7741935	1339.096774
857.1363636	1338.545455
849.2941176	1341.647059
921.7	1341.8
927.8064516	1339.645161
900.7142857	1342.5
893.8947368	1342.421053
867.2727273	1344.136364
931.475	1343.25
916.1538462	1345
920.2	1347.542857
885.5416667	1348.166667
893.7042254	1350.577465
926.7727273	1347.924242
933.6571429	1352.942857
848.2205882	1354.75
856.8571429	1353.142857
883.6923077	1353.923077
889.4827586	1353.896552
926.46	1355.26
863.2142857	1355.928571
850.1935484	1361.16129
928.1333333	1360
936.4204545	1361.034091
882	1363.2
928.7090909	1365.072727
922.2352941	1366.985294
929.9615385	1372.307692
852.4210526	1378.289474
922.4265403	1378.327014
939.9583333	1378.833333
846.9583333	1379.791667
931.8611111	1379.166667
935.6067416	1386.41573
849.4716981	1385.264151
941.4482759	1384.206897
982.2368421	1386.263158
928.9642857	1388.642857
944.6666667	1391.714286
982.8928571	1392.214286
936.4210526	1393.631579
893	1396.391304
888.7368421	1398.684211
890.1707317	1404.317073
895.2702703	1400.864865
897.8529412	1404.558824
904.4782609	1403.173913
801.7058824	1407.411765
901.15625	1408.859375
888.825	1410.85
287.6666667	1413.708333
893.7317073	1413.487805
903.2	1415.55
890.1851852	1417.851852
885.3589744	1417.410256
896.804878	1418.487805
876.7352941	1421.029412
868.8	1422.892308
911.8	1423.5
758.4444444	1425.388889
833.5555556	1424.666667
875.7966102	1428.79661
879.9473684	1427.315789
905.7012987	1426.324675
870.2222222	1428.703704
901	1430.235294
911.2828283	1433.89899
898.5	1434.777778
918.4210526	1436.684211
911.2156863	1442.019608
881.8947368	1443.052632
876.2	1444.025
870.2337662	1449.519481
564.5	1501.8
796.12	1544.38
746.3181818	1561.636364
750.4528302	1580.792453
959.6478873	1596.93662
937.7777778	1603.5
954.25	1603.3125
949.2058824	1604.588235
820.56	1605.92
788	1608.089286
816.2307692	1608.230769
971.375	1610.958333
799.2177419	1610.548387
816.1304348	1612.869565
822.6	1611.56
810.5666667	1611.833333
972.1428571	1614.666667
176.8666667	1614.533333
806.5679012	1614.82716
779.2857143	1615.642857
810.406015	1624.849624
928.7021277	1614.893617
941.3939394	1618.454545
946.3833333	1616.016667
950.5882353	1618.676471
967.0980392	1618.705882
956.4736842	1619.157895
973.1515152	1621.560606
925.3043478	1625.382609
947.0666667	1626.466667
935.8703704	1623.796296
953.1333333	1625.2
962.25	1625.25
773.625	1627.8
803.2666667	1625.5
955.2413793	1628.586207
930.1666667	1629.5
993.5	1630.5
888.9615385	1631
937.4193548	1630.387097
947	1631.28125
962.5555556	1631.638889
1001	1630.5
952.2045455	1633.363636
969.1904762	1630.873016
778.8076923	1633.442308
932.625	1633.583333
818.516129	1633.903226
883.8387097	1633.387097
936.6470588	1634.470588
871.297619	1633.845238
943.8888889	1635.666667
807.2035398	1641.876106
813.6779661	1637.474576
878.6521739	1636.173913
852.52	1637.04
964.9487179	1638.410256
885.047619	1638.380952
958.2413793	1638.137931
826.5245902	1638.245902
1007.533654	1639.985577
997.8181818	1637.318182
846	1641
960.65	1641.8
819.4285714	1640.714286
884.1304348	1642.304348
889.6153846	1642
825.6923077	1644.365385
980.4285714	1643.97619
815.8888889	1644.805556
1009.133065	1651.991935
991.787234	1650.258865
820.9677419	1649.16129
863.8181818	1649.181818
1021.289474	1653.442105
816.7464789	1652.323944
837.3333333	1651.5
1000.516129	1650.677419
957.7916667	1657.333333
963.2037037	1655.388889
999.76	1659.56
967.7391304	1658.043478
778.5862069	1659.931034
971.16	1659.12
963.7272727	1662.772727
783.4081633	1661.510204
973.3611111	1664.083333
992.5	1663.5
984.5510204	1663.387755
777.4516129	1665.032258
866.54	1665.26
972.6363636	1667.909091
985.1666667	1668.666667
868.6818182	1671.318182
834.3913043	1672.086957
773	1675.291667
840.5909091	1675.318182
984.9710145	1676.188406
992.375	1675.53125
835.7454545	1677.4
811.2777778	1681.111111
834.1538462	1682.923077
987.9166667	1680.583333
825.25	1682.25
830.2857143	1681.653061
837.6956522	1683.217391
844.4705882	1682.058824
985.1621622	1683.567568
841.6315789	1684.263158
992.6666667	1681.844444
822.9090909	1685.090909
994.7409639	1695.537651
1025.12987	1683.714286
960.8958333	1688.25
967.0833333	1687.916667
1007.307692	1688.769231
827.4375	1688.5625
979.6666667	1689.291667
1019.823529	1689.176471
1012.92381	1700.104762
1016.064516	1691.193548
785.0294118	1695.294118
936.88	1694.92
962.5730337	1695.955056
969.6842105	1695.421053
975.5	1694.8
1008.884615	1699.769231
973.5306122	1700.244898
973.5483871	1705.451613
980.0169492	1709.084746
971.3636364	1709.090909
985.8846154	1709.346154
990.3870968	1710.612903
975.8125	1711.0625
979.5	1715
880.25	1714.583333
976.3571429	1715.892857
937.6896552	1717.965517
971.3333333	1719.966667
949.9642857	1722.5
943.8709677	1724.16129
791.4583333	1726.020833
797	1726.966667
787.3928571	1729
959.7794118	1727.382353
965.5	1730
816.047619	1728.507937
973.25	1731.875
798.9761905	1732.285714
818.8548387	1735.741935
789.0833333	1734.75
794.7272727	1736.309091
967.5333333	1735.466667
811.6071429	1735.053571
953.8055556	1733.722222
959.4473684	1737
969.3061224	1744.816327
769.4047619	1741.738095
882.08	1741.96
952.5806452	1741.903226
772.375	1745.535714
881.3333333	1746.833333
771.3529412	1754.5
951.0147059	1758.323529
767.7142857	1762.47619
963.0857143	1763.8
764.9166667	1766.291667
957.9090909	1766.568182
966.5686275	1768.058824
749.0909091	1768.681818
953.1111111	1770.111111
765.2758621	1771.344828
908.4424779	1774.60177
964.1699346	1775.431373
857.3870968	1773.677419
901.1333333	1775.822222
852.0833333	1778.083333
858.8571429	1779.632653
947.3888889	1778.611111
937.2531646	1781.594937
941.8947368	1779.736842
518.2258065	1780.741935
957.0909091	1782.818182
533.8888889	1782.722222
524.6666667	1784.020833
530.1388889	1785.944444
937.2222222	1789.277778
941.5714286	1786.571429
842.7837838	1789.635135
828.94	1790.6
837.6	1793.55
846.3913043	1795.543478
827.5365854	1795.97561
952.4758065	1794.370968
829.2162162	1800.648649
925.75	1800.95
958.9230769	1800.051282
539.8181818	1802.363636
544.0769231	1801.512821
832.15625	1803.375
956.4117647	1803.705882
866.4473684	1805
923.1923077	1806.692308
861.3	1807.566667
938.8157895	1807.210526
469.6521739	1808.26087
869.1176471	1809.588235
947.3	1809.8
939.5283019	1812.018868
919.9705882	1812.029412
864.4651163	1813.581395
471.75	1813.666667
636.6666667	1813.555556
930.9056604	1815.264151
935.3333333	1816.904762
939.375	1817.583333
749.3793103	1817.551724
759.7027027	1821.054054
911.5211268	1821.056338
910.0526316	1824.315789
750.25	1823.625
912.3684211	1826.578947
463.8125	1827.5
905.8888889	1827.296296
466.825	1832.3
777.375	1833.875
909.6727273	1833.909091
769.3636364	1835.909091
918.6428571	1836.142857
775.4	1836.96
912.0769231	1837.846154
854.75	1836.541667
463.125	1840.152778
471.7704918	1841.57377
915.2	1841.8
472.6428571	1846.714286
478.26	1846.1
914.7142857	1847.591837
541.3731343	1855.507463
911.08	1853.8
451.7126437	1856.413793
893.4545455	1856.363636
535.7222222	1856.944444
551.75	1858.05
500.7142857	1860.047619
529.8947368	1860.578947
899.6190476	1864.085714
911.9509804	1865.480392
921.5714286	1866.285714
491.15625	1866.84375
831.4794521	1867.808219
495.2465753	1871.958904
489.0434783	1871.956522
813.4761905	1873.428571
924.9230769	1872.807692
490.3333333	1876.555556
808.95	1877.7
769.5945946	1880.945946
790	1881
811.85	1880.3
908.5405405	1880.621622
476.4310345	1882.241379
905	1882
753.4137931	1883.137931
758.4210526	1883.894737
748.1875	1884.5
808.1515152	1885.060606
912.9090909	1885.318182
471.2352941	1887.505882
770.9444444	1886.166667
882.84375	1885.6875
753.5	1887.285714
763.9230769	1886.628205
906.8888889	1886.333333
757.7027027	1889.891892
889.125	1887.625
466.7368421	1889.578947
804.4146341	1890.97561
909.9375	1889.125
477.125	1891.65625
895.6851852	1889.740741
905.5333333	1891.333333
760.7777778	1894.444444
876.4	1891.8
756.125	1895.041667
904	1896.393939
764.4634146	1898.243902
877.4444444	1897.592593
891.1474359	1897.673077
757.375	1902.28125
876	1901.666667
897.3902439	1903.707317
451	1905
897	1907.352941
760.0909091	1906.727273
454.1538462	1907.153846
451.2307692	1909.269231
745.8571429	1909.928571
753.825	1910.1
902.3125	1912.625
539.2222222	1914.388889
854.92	1913.44
553.1219512	1915.634146
759.25	1917.15
798.5	1918
855.3703704	1917.777778
670.05	1920.1
532.2903226	1920.709677
909.5333333	1921.133333
553.2794118	1923.823529
560.7837838	1924
855.974359	1924.128205
905.3958333	1924.666667
555.6363636	1928.409091
856.137931	1929.965517
903.45	1931.075
906.9	1932.4
916.1621622	1933.648649
500.6956522	1936.065217
911.7173913	1940.217391
704.4137931	1939.931034
949.4210526	1940.894737
916.5733333	1942.866667
923.2906977	1941
909.75	1949.25
784.3974359	1954
488.2222222	1952.555556
789.375	1955.75
886.2	1956.5
789.5789474	1961.105263
762.1111111	1963.802469
783.8461538	1961.461538
857.7368421	1962.842105
864.0555556	1964.722222
867.6216216	1966.486486
765.3333333	1967.083333
786.8484848	1966.727273
888	1968.25
443.5	1972
844.5	1973.111111
454.6666667	1978.764706
462.1	1978.8
436.7142857	1982.571429
465.515625	1983.671875
453.7	1984.3
457.3846154	1984.461538
440.1818182	1984.727273
532	1985
852.5	1984.8
791.7037037	1986.111111
435.3076923	1986.576923
443.8987342	1988.772152
450.9285714	1988.464286
435.95	1991.7
461.64	1989.746667
431.1428571	1992.628571
457	1995.5
449.5	1999
483.5555556	1999.285714
538.125	2000.109375
474.1666667	2000.833333
480.8125	2003.5
471.7777778	2003.62963
487.8382353	2004.705882
525.1176471	2005.411765
723.5	2005.15
541.8888889	2007.481481
536.7222222	2008
722.3333333	2008.888889
726.125	2008.875
466.6734694	2011.285714
533.3571429	2011.714286
396.3529412	2013.882353
550.8703704	2014.796296
738.3090909	2013.472727
465.1818182	2017.181818
537.5873016	2015.190476
391.4117647	2016.588235
386.1111111	2018.333333
732.1927711	2016.951807
723.1833333	2021.15
727.0810811	2022.189189
542.8428571	2023.085714
852.5	2022.769231
862.1	2022.1
734.15625	2023.03125
393	2024.909091
425.1176471	2024.941176
732.9333333	2029.15
722.9259259	2030.407407
410.1363636	2031.318182
424.0238095	2031.071429
729.9545455	2035.772727
738	2035
411.90625	2037.03125
416.3157895	2037
421.4285714	2036.47619
408.2	2041.15
402.1612903	2043.451613
417.3461538	2046.038462
397.1025641	2047.538462
465.2222222	2048.444444
411.4634146	2049.268293
416	2050
392.25	2049.466667
421.1923077	2050.384615
387.5555556	2052.740741
427.2333333	2051.566667
424.1714286	2055.085714
418.88	2057.46
440.3333333	2056.888889
427.9393939	2060.060606
764.9090909	2065.090909
441.6585366	2066.536585
441.75	2073.34375
510.6842105	2075.657895
393.2647059	2081.205882
390.8181818	2085.340909
807.7272727	2096.333333
819.3157895	2097.263158
824.6285714	2098.914286
816.4482759	2103.068966
490.9666667	2108.8
401.25	2109.75
410.4482759	2109.793103
828.1142857	2110.914286
405.8688525	2106.295082
670.2857143	2114.5
411.5090909	2115.854545
474.8064516	2115.290323
361.3333333	2115.75
404.7714286	2116.028571
492.75	2117.35
400.1724138	2115.931034
865.4482759	2119.62069
371.5531915	2121.659574
440.3333333	2121.444444
747.4	2120.95
798.9344262	2120.967213
494.744	2125.448
501.3513514	2123.162162
508.9166667	2122.833333
732	2123.5
868	2123.615385
864.2142857	2124.857143
372.9883721	2128.174419
808.5	2128
504.2	2129.066667
862.2666667	2128.2
826.6923077	2131.820513
503.5081967	2134.704918
821.2777778	2132.814815
852.483871	2133.193548
857.8135593	2135.084746
621	2137.173913
828.2424242	2137.69697
497.9166667	2140.083333
851.3076923	2139.153846
534.1578947	2142.842105
828.75	2143.0625
531.2857143	2149.428571
481.3103448	2152.862069
530.88	2154.44
481.9411765	2159.823529
477.030303	2159.545455
842.6521739	2161.086957
851.5	2163.5
508.8604651	2172.72093
504.24	2174.1
771.53125	2178.625
777.755102	2175.040816
779.2647059	2180.176471
776.3611111	2186.25
449.3333333	2183.111111
413.9090909	2184.909091
501.605042	2183.319328
383.8461538	2186.076923
423.8695652	2186.73913
493.5348837	2188.488372
430.5666667	2190.266667
499.119403	2191.38806
796.5	2190
490.875	2193.4375
598.2222222	2196.5
725.5	2196.222222
399.2758621	2196.37931
404.3275862	2197.362069
797.3888889	2197.722222
706.1	2205.1
689.4782609	2209.608696
814.825	2210.5
819.7538462	2211.461538
815.2631579	2217.184211
438.1794872	2218.076923
721	2221.357143
724.7222222	2224.5
718.0909091	2224.204545
549.0869565	2261.956522
807.3703704	2270.296296
627.1612903	2274.064516
802.4347826	2274.347826
812.1111111	2274.666667
808.2	2277.085714
803.3571429	2278.714286
757.5789474	2283.421053
798.2391304	2280.173913
803.9069767	2283.139535
736.0238095	2283.904762
800.3809524	2288.238095
797.0204082	2290.265306
804.744186	2289.581395
720.4285714	2294.971429
808	2296.95
814	2298.181818
635.5	2300.5
825	2300.575
818.9347826	2299.717391
799.9142857	2302.428571
772.2121212	2304.787879
820.0185185	2306.694444
810.6	2308.32
817.5833333	2310.416667
539.195122	2310.463415
711.5789474	2313.894737
725.372093	2314.476744
771.5733333	2314.24
704.5	2315.5
716.2058824	2315.411765
764.6153846	2318.423077
775.675	2318.45
778.9811321	2323.415094
770.7083333	2323.708333
775.0909091	2327.636364
491.5	2325.375
767.5882353	2327.647059
770	2331.555556
774.6296296	2331.851852
823.4848485	2333.924242
831.7833333	2335.2
844.5	2336.8
828.4411765	2340.088235
520.0344828	2342.172414
731.7142857	2342.285714
836.0666667	2341.355556
510.3617021	2343.382979
504.9375	2346.21875
835.1363636	2347.090909
515.6666667	2346.761905
808.6153846	2346.461538
827.1219512	2348.109756
511.15	2348.55
731.3913043	2348.543478
526.1403509	2353.807018
791.0714286	2353.142857
804.1071429	2353.642857
784.5797101	2357.231884
807.75	2357.857143
802.7083333	2361.125
791.0416667	2362.291667
803.6333333	2367.9
673.3	2367.7
500.7647059	2369.411765
833.5925926	2368.888889
825.8157895	2371.75
691.9090909	2371.606061
483.0088496	2374.610619
805.5641026	2373.769231
797.5090909	2371.5
502.2307692	2374.807692
814.3928571	2374.714286
688.8666667	2375.766667
694.6111111	2376.222222
829.4347826	2376.869565
833.9534884	2375.697674
469.1428571	2379.5
685.59375	2380.09375
819.3333333	2377.666667
827.6	2380.2
475.8837209	2380.116279
689.5333333	2380.466667
693.4736842	2380.263158
482.671875	2383.4375
812.95	2380.425
818.7368421	2382.052632
450.5	2382.5
800.6708861	2382.088608
820.9148936	2385.361702
826.0277778	2382.5
660.8125	2385.6875
666.0961538	2384.653846
671.4117647	2385.941176
830.5483871	2386.016129
530.962963	2388.407407
483.5283019	2390.773585
823.9189189	2391.297297
514.5714286	2393.357143
819.3333333	2395.015873
687.0232558	2392.151163
488.483871	2396.032258
482.375	2397.291667
799.1025641	2397.076923
653.2307692	2400.192308
666.9545455	2400.727273
681	2402.142857
796.5757576	2403.363636
694.925	2406.6
798.1666667	2407.958333
652.516129	2417.430108
607.4285714	2421.228571
595.7916667	2425.333333
587.7241379	2427.793103
592.5365854	2430.756098
507.5882353	2436.117647
549.3157895	2443.157895
579.5	2443.5
765.9433962	2445.320755
680.3939394	2445.80303
654.0909091	2450.909091
500.5405405	2456.27027
506.3333333	2455.645833
511	2457.230769
557.675	2461.825
540.2903226	2463.129032
790.1980198	2460.633663
552.5555556	2463.925926
518.7	2464.65
650.0555556	2466.444444
537.2592593	2467.555556
548.5098039	2470.666667
650.6666667	2471.666667
653.5326087	2472.576087
640.1025641	2478.076923
814.1304348	2480.608696
816.3	2485.133333
804.4193548	2486.645161
662.1403509	2490.140351
815.952381	2490.738095
657	2493
771.9189189	2493.972973
807.2982456	2493.298246
660.6315789	2498.263158
502.8	2495.033333
766.4693878	2495.040816
492.0769231	2495.576923
651.7230769	2496.969231
655.7222222	2499.833333
498.3157895	2500.947368
503.9583333	2502
479.4821429	2502.375
484.1411765	2504.929412
491.0909091	2501.977273
475.037037	2504.814815
496.0666667	2505.566667
637.4	2504.514286
831.8	2504.5
501.9259259	2507.148148
486.88	2509.76
490.6923077	2510.230769
631.765625	2506.984375
832.84375	2510.53125
475.3676471	2514.352941
549.52	2511.88
828.1481481	2512.962963
804.2608696	2514.217391
673.3043478	2514.869565
507.5048544	2513.097087
610.6555556	2516.811111
836.0526316	2516.578947
840.2272727	2517.272727
554.875	2517.1875
607.9375	2520.3125
484.0714286	2523.561224
487.6923077	2517.576923
548.7901235	2518.851852
547	2522.481481
478	2522.5
505.9130435	2522.608696
494.4047619	2521.833333
833.3066667	2523
509.5	2525.8
480.7692308	2527.230769
493.7380952	2528.357143
489.452381	2531.666667
688.0909091	2530.363636
826.2	2529.5
831.1525424	2530.508475
842.8333333	2531.733333
836.8484848	2530.848485
833.0384615	2537.153846
530.875	2539.46875
583.6666667	2539.083333
833.5	2542.2
839.4642857	2539.767857
485.8829787	2542.414894
579.9615385	2542.230769
586.1818182	2543.636364
472.2857143	2546.809524
592.3684211	2548.263158
617.6610169	2555.050847
587.6438356	2555.780822
600.7222222	2564.833333
770.5227273	2566.568182
471.3870968	2565.677419
487.3617021	2564.446809
495.0227273	2567.522727
488.1052632	2570.368421
492.9230769	2573.025641
466.8695652	2571.478261
497	2573
500.3703704	2570.851852
767.3714286	2573.628571
781.962963	2576.074074
787.1724138	2574.827586
499.5454545	2577.030303
785.0714286	2578.714286
594.3684211	2583.736842
614.7241379	2589.586207
500.1875	2592.6875
604.9868421	2597.144737
811.4210526	2597.5
598.9444444	2599.222222
602.2777778	2602.277778
597.0731707	2604.243902
604.56	2605.92
607.525	2608.525
693.75	2611.25
788.3846154	2616.692308
784.6538462	2618.153846
793.4179104	2619.208955
783.03125	2622.71875
788.7674419	2623.581395
595.9655172	2624.793103
580.2692308	2637.115385
600.0555556	2642.944444
571.5	2650.5
583.0102041	2651.673469
603.8684211	2648.868421
596.295082	2660.52459
722.375	2657.75
578.9714286	2662.257143
583	2662.461538
582.2608696	2667.782609
586	2668.470588
550.0277778	2671.986111
554.7037037	2673.259259
587.7333333	2672.533333
559	2675.571429
640.9772727	2673.863636
584.8536585	2676.04878
584.5833333	2680.416667
641.65	2679.8
640.2954545	2685.431818
577.9090909	2685.363636
581.95	2684.5
586.5	2685.416667
597.9166667	2686.083333
663.6086957	2685.565217
701.4210526	2685.578947
583.5294118	2688.352941
669.2	2687
596.95	2691.2
661.8947368	2690.263158
666.9333333	2691.766667
682.1818182	2694.484848
607.0740741	2693.037037
601.8947368	2696.175439
662.9230769	2694.923077
596.9285714	2698.785714
659.5588235	2698.5
666.075	2698.1
674.3272727	2695.918182
608.3529412	2698.588235
652.4268293	2701.439024
608.5454545	2703.636364
604.8275862	2708.551724
613.1666667	2704.75
668.7647059	2703.970588
755.5	2704.5
649.5172414	2708.241379
663.5789474	2708.842105
612.5555556	2709.722222
616.4705882	2711.176471
671.1625	2710.7375
612.5	2716.625
667.0379747	2716.759494
649.4	2718.866667
606.8421053	2720.315789
674.6666667	2719.861111
612.8888889	2724.888889
629.8	2724.2
650.2142857	2723.5
645.6315789	2723.868421
600.1538462	2728.666667
550.2121212	2729.636364
625.9565217	2729.086957
639.4736842	2729.973684
625.0769231	2733.692308
630.6315789	2733.684211
615.0769231	2734.876923
635.6875	2736.375
618.5806452	2739.225806
661.3846154	2741.384615
695.5	2741
496.4482759	2742.103448
635.4285714	2744.904762
631.6410256	2747.974359
627.3823529	2751.441176
636.1111111	2750.833333
680.9516129	2750.387097
676.025974	2755.831169
683.4736842	2756.368421
665.0535714	2758.321429
656.0571429	2760.8
661.625	2762.975
658.0666667	2765.6
612.8684211	2769.342105
659.5833333	2770
741.2580645	2791.935484
509.6363636	2816.090909
701.6629213	2818.786517
709.9090909	2818.363636
585.7142857	2820.52381
696.6	2823.233333
731.125	2832.375
717	2848
711.7083333	2850.916667
740.7361111	2863.208333
733.1351351	2865.864865
584.9285714	2868.857143
737.1111111	2871.222222
743.1538462	2877
712.3414634	2884.341463
683.9259259	2888.407407
706.0909091	2892.515152
711.1290323	2891.354839
719	2893.333333
731.88	2894.12
775.0434783	2897.956522
565	2900.173913
728.3846154	2902.576923
814.0909091	2901.636364
859.5	2904
724.6592179	2903.072626
518	2910
706.4117647	2934.235294
703.7826087	2937.608696
712.4188034	2938
600	2943.75
597.2933333	2950.92
591.6190476	2949.539683
561	2955
350.5862069	2969.655172
364.16	2969.68
345.2	2971.1
359.1632653	2972.163265
371	2972.692308
348.5	2974.2
358.6	2979.25
362.5185185	2979.777778
355.673913	2979.565217
359.8846154	2984.923077
319.8421053	2990.184211
515.6153846	2990.076923
307.828125	2988.09375
299.5405405	2990.824324
337.35	2993.55
307.7179487	2995.871795
330.5555556	2996.592593
295.2469136	2996.91358
334.1818182	3000.515152
300.3669725	3003.954128
328.5	2999.884615
312.1730769	2999.75
326	3003.055556
317.5454545	3001.363636
308.4069767	3006.988372
315.0930233	3006.488372
339.3333333	3004.547619
323.2222222	3005.407407
346.5652174	3007.391304
322.2807018	3009.561404
338.7222222	3010.277778
292.547619	3011.047619
306.5	3013.882353
298.7	3015.066667
322.0689655	3015.344828
340.4736842	3016.526316
584	3015.8
273.0597015	3018.522388
330.1940299	3014.791045
335.72	3017.12
314	3017.162162
328	3021.265306
306.4	3021.661538
317.0869565	3026.23913
295.7307692	3022.480769
312.2142857	3024.214286
320.7446809	3023.87234
336.3181818	3022.818182
809.1176471	3024.588235
289.5	3026.925
298.5714286	3026.964286
302.8709677	3026.258065
310.90625	3028.09375
328.2580645	3027.032258
332.516129	3026.709677
324.4285714	3029
313.8787879	3031.454545
295.6666667	3034.990476
305.75	3034.384615
301.4411765	3034.029412
291.5957447	3038.361702
318.0138889	3035.819444
360.6470588	3049.470588
356.5	3049.75
772	3051.5
353.8333333	3053.333333
360	3053
307.4	3054.825
708.1111111	3057.111111
804.5	3056.78125
788.3888889	3060.666667
712.2727273	3060.863636
781.5764706	3062.870588
763.7567568	3062.540541
791.2142857	3064.892857
718	3064.864407
707.3962264	3064.584906
749.1538462	3066.538462
760.5384615	3066.538462
787.0333333	3067.766667
796.6388889	3066.805556
800.556962	3065.35443
771.2990654	3066.691589
640.9411765	3069.411765
646.6666667	3069.52381
758.962963	3070.296296
716.0540541	3069.405405
744.2068966	3069.517241
748.75	3071.107143
776.4197531	3072.209877
780.5	3075.9375
800.95	3076.3
658.775	3078.15
715.7666667	3076.516667
776.6190476	3080.47619
653.1538462	3077.564103
721.2820513	3082.692308
648.8	3083.76
718.8181818	3087.136364
657.2131148	3087.557377
739.2	3089.106667
740.8888889	3094.555556
746.96	3092.92
764.5	3093.8
739.2553191	3100.12766
733.3114754	3096.688525
623.6808511	3097.319149
629.5	3098.285714
743.3921569	3101.882353
748.3409091	3099.431818
784.8529412	3098.264706
683.4680851	3100.787234
689.6338028	3102.647887
780	3100.56
735.7727273	3104.090909
792.8703704	3101.953704
781.6101695	3106.881356
742.5862069	3108.344828
757.3103448	3111.724138
759.8461538	3117.538462
565	3119.157895
780.3333333	3120.555556
765.2790698	3123.209302
770.6333333	3122.8
791.92	3121.68
798.5294118	3121.823529
775.02	3123.46
798.2380952	3126.238095
778.7619048	3127.190476
789.6666667	3127.708333
794.3030303	3127.272727
782.3010753	3132.709677
653.2307692	3133.461538
692.5	3136.8
716.5	3138
783.952381	3137.952381
799.1186441	3142.79661
664.4767442	3147.151163
763.974359	3150.871795
663.3548387	3153.16129
658.6538462	3154.038462
765.3333333	3158.148148
776	3159.5
699.3823529	3161.117647
759.6470588	3160.705882
704.8	3177.5
692.1153846	3178.5
705.2941176	3196.882353
708.875	3204.666667
677.6923077	3203.769231
705.3333333	3204.5
740.6818182	3204.348485
673.6785714	3206.321429
680.4444444	3208.277778
731.825	3207.75
620.0588235	3210.294118
732.25	3211.9375
670.3913043	3211.086957
728.6111111	3213.361111
676.5	3214.785714
615.9487179	3215.74359
671.15	3217.175
453.137931	3226.413793
470.9473684	3235.684211
541.5555556	3240.333333
425.8	3251.4
422.6666667	3255.5
429.1578947	3254.5
429.7222222	3258.777778
421.4078947	3260.539474
429.2777778	3262.722222
492.2	3262.133333
632.9318182	3263.318182
670.15	3263.75
436.609375	3266.9375
415.4347826	3267.782609
420.0344828	3267.482759
668.5416667	3267.5
411.6666667	3269.8
423.9	3270.3
481.0606061	3270.030303
666.952381	3271.285714
673.75	3268.575
437.4444444	3272.611111
422.25	3274
476.3880597	3273.985075
432.5384615	3273.365385
488.1428571	3272.142857
406	3276.566667
414.1	3274.8375
467.8181818	3275.030303
482.5576923	3277.903846
473.025641	3280.051282
420.2051282	3278.076923
463.82	3280.34
487.4090909	3281.090909
468.2307692	3281.076923
665.8	3280
679.6	3280.7
405.12	3281.84
413.804878	3281.756098
493.1714286	3281.2
499.8055556	3283.361111
662.75	3283.3
409.6923077	3285.615385
446.8928571	3285.285714
488.9038462	3287.384615
451.3913043	3285.608696
497.1702128	3287.957447
505.2307692	3287.269231
450.0869565	3290.478261
491.4545455	3292.227273
446.0625	3290.9375
504.6744186	3292.046512
676.755102	3289.020408
659.9433962	3291.056604
666.969697	3294
425.1904762	3294.928571
662.9090909	3296
442.1509434	3295.698113
431.1818182	3297.545455
448.6086957	3297.652174
442	3301.702128
662.625	3299.666667
673.8450704	3298.267606
435.2222222	3299.5
502.125	3302.875
669.9756098	3304.780488
675.4857143	3308.857143
500.9375	3311.8125
670.96	3311.8
419.3157895	3311.921053
464.3333333	3325.111111
470.6153846	3325.615385
449.1428571	3338.380952
455.2	3337.6
472.1470588	3339.294118
476.2352941	3338.941176
444.5263158	3341.578947
487.8222222	3342.133333
416.2142857	3344.928571
417.21875	3350.171875
402.6989247	3353.827957
409.6212121	3353.666667
415.3846154	3354
426.2608696	3355.130435
481.1	3355.966667
417.6136364	3357.25
403.0384615	3361.461538
411.6949153	3361.779661
398.7843137	3364.666667
451.3461538	3362.692308
405.95	3365.35
439.4473684	3364.078947
409.2941176	3367.588235
441.7166667	3370.316667
471.9846154	3382.092308
621.2352941	3385.039216
437.483871	3384.806452
466.5636364	3385.890909
476.0740741	3387.962963
623.8125	3388.875
627.6052632	3386.421053
470.5945946	3391.108108
479.875	3390.25
609.8611111	3390.861111
603.7777778	3393.111111
474.64	3395.32
657.5714286	3396.428571
464.2962963	3396.407407
652.2923077	3400.769231
660.3636364	3403.909091
465.1	3404.5
648.0923077	3406.369231
635.5	3407.5
609.375	3411.333333
658.1333333	3423.733333
636.25	3426.95
661	3426.8
666.627907	3425.930233
670.0606061	3429.787879
636.3571429	3432.428571
661.1016949	3431.084746
667.3571429	3436.285714
656.2857143	3436.928571
660.7037037	3437.62963
660.6153846	3441.923077
668	3442.948718
665.1428571	3444.214286
662.0666667	3445.866667
667.5	3451.5
646.1388889	3471.388889
626.5714286	3475.190476
632.372093	3475.837209
628.9090909	3479.545455
624.4565217	3485.771739
562.6470588	3489.529412
617.3333333	3507.75
423.4736842	3574.947368
417.3277311	3577.680672
458.6842105	3592.596491
404.4123711	3595.680412
462.1034483	3596.827586
459	3599.466667
424.2745098	3599.843137
420.8695652	3606.695652
426.0606061	3608.484848
425.6341463	3613.170732
432.7727273	3611.681818
416.6760563	3614.098592
461.5789474	3655
446.6842105	3675.684211
451.0288462	3680.519231
452.2093023	3684.186047
461.1515152	3683.424242
460	3704.5
465.3571429	3726.285714
483.5	3737
566.2241379	3751.344828
562.6666667	3757.857143
677.9545455	3779.318182
656.9166667	3787.055556
631.5	3793
655.6842105	3794.578947
490.9294118	3831.047059
660.4666667	3834.066667
624.647541	3838.155738
442.1764706	3837.411765
525.8076923	3839.653846
603.5	3840.2
658.0645161	3840.516129
434.7297297	3839.486486
444.6666667	3841.190476
450.3255814	3840.325581
438.1395349	3845.348837
457	3841.891892
443.7692308	3844.769231
452.3333333	3843.333333
527	3844.6
654.5	3843.5
520.2931034	3845.810345
514.25	3848.178571
507.1590909	3850.409091
528.8222222	3849.822222
515.2173913	3854.369565
519.9285714	3852.142857
502.7894737	3855.026316
510.6315789	3852.684211
494	3857.25
524.25	3858.625
496.375	3859.75
493.0909091	3866.318182
481.1363636	3872.272727
488.2258065	3872.822581
494.7368421	3872.578947
635.5	3881
686	3885
680.9583333	3886.291667
566.1363636	3888.818182
682.6	3889.4
459.1836735	3890.346939
453.5	3893.133333
684.4444444	3893.203704
459.8518519	3895.851852
681.4230769	3897.384615
454.8095238	3897.333333
673.0425532	3900.042553
655.2894737	3910.315789
666.7857143	3909.571429
677.8888889	3912.388889
663.6666667	3928.133333
425.7586207	3929.482759
432.4705882	3929.764706
668.2941176	3928.882353
419.2857143	3933.5
426.5333333	3949.266667
423.4883721	3953.488372
668.1176471	3954.411765
423.0666667	3958.4
606.0384615	3962.333333
666.75	3962.428571
631.25	3964.839286
604.8	3967.32
667.3636364	3969.5
600.6818182	3969.863636
604.1803279	3973.590164
629.127451	3977.362745
660.5208333	3980.145833
664.3809524	3983.52381
627.5	3986.5
642.85	3986.3
660.5	3986.25
634.3214286	3988.678571
628.3478261	4000.26087
625.1428571	4002.238095
629.9148936	4005.680851
625.3043478	4008.73913
620.6818182	4044.545455
591.25	4061.35
589.5555556	4066.222222
591.3333333	4072.538462
604	4077.666667
591.3	4088.325
595.6730769	4091.057692
590.3636364	4094.772727
504.90625	4170.03125
549.9393939	4170.787879
440.5454545	4172.818182
500.25	4173.9375
547.9166667	4174.708333
434.4583333	4177.291667
440.7391304	4176.608696
495.875	4178.25
502.5897436	4180.641026
521.5714286	4178.857143
543.5714286	4179.142857
488.8	4179.971429
440.0344828	4181.327586
495.9736842	4182.921053
548.5	4182.3
499.75	4186.642857
519.925	4185.325
541.1538462	4188
456.2	4188.5
462.1333333	4192.177778
523.2727273	4191.068182
498.1111111	4192.462963
477.5	4194.166667
506.3970588	4193.220588
494.6666667	4196.636364
485.6341463	4197.097561
459.8636364	4199.659091
375	4202.945455
500.3333333	4203.066667
454.2	4203.45
464.5925926	4204.111111
448.1785714	4206.535714
458.2916667	4207.958333
446.25	4210.25
451.2903226	4211.870968
509.52	4232.32
398.3	4238.675
400.375	4242.875
428.7407407	4242.407407
437.6090909	4242.218182
430.3777778	4247.711111
438.2692308	4251.038462
554.3488372	4280.860465
548.5483871	4285.903226
553.1428571	4287.607143
523.8461538	4299.769231
458.0454545	4301.659091
452.4444444	4304.555556
502.1034483	4305.655172
498.44	4310.08
515.5333333	4334.066667
500.2258065	4345.516129
503.3666667	4349.266667
525.2333333	4388
441.16	4389.08
520.3571429	4392.642857
524	4395.790698
418.6904762	4395.642857
413.1707317	4399.536585
472.4457831	4413.060241
481.8409091	4438.227273
385.3809524	4440.714286
460.7567568	4442.72973
385.5909091	4446.672727
412.3846154	4446.384615
448.28125	4447.21875
458.25	4448.4375
464.4285714	4447.228571
491.2142857	4450.357143
411.8461538	4450.923077
417.2727273	4455.181818
443.875	4455.125
411.21875	4456.9375
493.6	4461.6
449.2	4462.766667
438.94	4466.42
439.3833333	4475.016667
446.7777778	4475.555556
426.2727273	4483.272727
440.25	4480.833333
432.0097087	4484.087379
378.5384615	4482.615385
381.7321429	4486.285714
440.4722222	4488.388889
449.673913	4489.347826
387.4875	4490.0625
380.047619	4493.333333
384.8333333	4497.277778
371.2777778	4502.472222
368.6666667	4508.333333
458.6	4507.6
462.6470588	4507.411765
466.6923077	4509.115385
459.5	4511.285714
462.6875	4512
373.3809524	4512.238095
368.3714286	4514.057143
369.5	4518.2
430.3965517	4527.603448
369.8333333	4560.768116
339.5	4566.545455
337.425	4576.85
344.9	4576.466667
351.7272727	4578
330.6388889	4579.972222
343.8222222	4583.918519
333.7733333	4585.36
336.5	4590.5
375.3043478	4604.869565
381.0454545	4606.227273
377.3571429	4610.071429
413.8928571	4653.5
402.969697	4655.69697
