X	Y
0	0
0	6000
6000	0
6000	6000
541.0645161	192.3548387
412.56	230.2
422.877551	230.1020408
439.1851852	232.9074074
433.5102041	231.3469388
411.2926829	235.3902439
417.6716418	235.5074627
429.6	235.9333333
402.1590909	237.7045455
407.3548387	240.5967742
423.2307692	238.5192308
412.4222222	244
417.3809524	244.2380952
401.8552632	246.1578947
423.7042254	247.6338028
441.2727273	248.8181818
439	251.5
406.7777778	251.9444444
410.8235294	250.8235294
422.2916667	253.2916667
372.7619048	254.9047619
390.9411765	253.9411765
397.016129	255.5967742
416.3428571	253.4285714
402.7777778	256.4444444
463.5392157	261
368.1621622	258.7837838
378.2325581	261.1162791
384.5257732	260.1237113
395.0444444	262.7111111
405.5217391	262.0289855
411.5833333	260.3472222
376.2692308	266.5384615
413.7619048	267.9880952
400.9423077	267.5576923
472.3913043	269.5
366.7818182	270.4363636
356.5342466	271.5205479
392.25	272.25
415.3571429	273.7142857
412.5	275
470.8541667	276.15625
486.8888889	279.0666667
469.8076923	282.0769231
474.4615385	282.1153846
354.6666667	283.2857143
482.2323232	284.4444444
492.627907	284.3488372
501.12	286
485.8	292
479.3076923	293.8846154
482.9032258	300.1935484
474.0526316	303.9473684
398.4827586	310.3103448
468.76	311.04
482.3076923	314.4615385
395.7446809	316.9787234
467.9375	316.6875
404.9130435	319.2608696
426.6666667	319.1449275
497.3333333	320.1754386
502.4090909	321.2272727
483.6734694	322.7346939
371.01	324.76
431.5142857	323.0857143
398.7761194	324.4776119
427.8	327.55
391.6666667	326.3809524
438.25	326.625
376.1666667	329.125
489.1052632	328.0526316
454.5423729	332.7288136
393.1609195	334.5747126
491.9142857	335.6857143
379.5	337.4
385.7941176	336.9411765
443.6326531	339.4693878
452.6865672	340.3731343
486.6666667	341
391.2931034	343.0517241
436.6451613	343.1935484
507.6857143	342.4857143
386.5952381	346.2619048
444.5483871	352.0967742
496.6666667	359
407.9767442	368.5813953
415.125	367.5
486.4545455	380.5454545
480.8723404	384.6595745
476.7916667	388.2916667
492.1864407	385.4237288
487.59375	388.625
497.3333333	389.5277778
483.2978723	391.893617
494.8974359	395.2564103
505.9285714	394.5357143
510.2244898	399.6530612
497.4090909	399.6363636
456.7727273	400.4090909
464.2142857	402.3571429
516.2244898	403.0408163
457.4259259	405.2037037
469.25	406.7857143
462.8444444	408.6444444
593.1132075	489.1132075
602.1538462	490.7692308
618.3958333	492.5
626.1666667	492.6666667
611.9333333	496.6666667
623.8846154	498.2692308
616.6666667	500.25
622.5238095	502.5238095
603.2307692	504.8461538
626.8055556	506.1666667
616.9859155	508.3661972
630.5483871	511.5806452
631.3333333	518.75
638.4166667	518.8125
632.1443299	531.814433
641.484375	529.421875
639.8648649	536.1081081
710.7384615	536.8153846
703.45	539.65
633	541.1481481
704.125	542.875
709.1875	543.09375
637.5365854	545.8536585
673.4666667	556.5333333
654.8214286	557.2142857
639.8409091	559.3409091
696.2307692	558.7692308
630.2	563.5
654.6388889	563.0555556
696.5882353	562.8823529
802.6511628	564.9302326
663.6976744	566.9767442
798.2307692	569.1282051
709.7826087	568.576087
806.0192308	570.8076923
660.6818182	571.4545455
668.5652174	572.1956522
718.9655172	570.9310345
714.5645161	576.016129
729.2051282	574.8205128
800.7419355	574.6451613
722.1052632	576.1052632
659.7952756	577.9685039
670.5454545	576.3636364
704.65625	576.25
735.5882353	578.5294118
672.3376623	580.8571429
720.0238095	581.2142857
775.9090909	580.0454545
797.8863636	582.6136364
803.7346939	585.4897959
1027.888889	585.3333333
777.1230769	586.2769231
809.875	589
781.06	591.4
821.4047619	589.9285714
817.1363636	593.8863636
747.9	599.65
834.8679245	600.4150943
723.4482759	602.2241379
820.1594203	601.4057971
698.6666667	602.6666667
751.0526316	603.6315789
859.48	602.8266667
717.6363636	604.6969697
743.6140351	605.1578947
801.3333333	606.9122807
825.3076923	606.9230769
833.7837838	608.4864865
838.1923077	607.1538462
813.6376812	607.9565217
863.1578947	609.6842105
727.7822581	611.5725806
748.2380952	609.4761905
754.1694915	609.6779661
822.5342466	610.8356164
868.0363636	609.3272727
802.8076923	612.6153846
720	614
809.3090909	614.0727273
735.0909091	617.6060606
811.4864865	618.3513514
818.0526316	616.9210526
756.3846154	618.8846154
688.1388889	619.5
714.0666667	622.0666667
718.4	620
723.1111111	621.7777778
706.86	623.18
717.6333333	627.1333333
878.4117647	626.4313725
712.2068966	633.6896552
881.2615385	633.7538462
744.7222222	634.3333333
749.5882353	635.1176471
875.3636364	634.6363636
868.0689655	635.7758621
863.1707317	642.0731707
704.3103448	642.8275862
770.4444444	643.1111111
869.9074074	642.5
881.6813187	642.6153846
886.8421053	647.4210526
829.2395833	647.8020833
751	650.125
771.21875	650.625
776.5606061	649.5454545
764.5172414	650.5862069
896.5531915	651
747.7142857	655.3214286
896.8536585	656.804878
758.4042553	656.4680851
816.9569892	657.1827957
828.0526316	660.6842105
754.2195122	660.5121951
748.1643836	663.3424658
847.6216216	664.7567568
913	667.5
756.5	668.6190476
886.5833333	668.5277778
751.625	671.5
757.5454545	675.2727273
762.8181818	674.8181818
876.6521739	673.2173913
882.5384615	675.1794872
870.2258065	675.3870968
848.4705882	679.5294118
804.28125	687.8125
892.773913	690.0347826
900.9302326	689.9302326
849.2580645	695.1397849
873.5833333	693.2777778
806.8518519	693.3333333
823.7142857	692.0982143
815.7234043	692.7659574
795.8333333	696
827.0909091	697.9090909
832.5903614	699.3493976
844.6969697	699.5757576
885.5454545	697.6363636
806.2666667	698.8888889
894.5	699
815.3518519	700.2962963
838.4	699.8857143
811.3	700.7
823.8421053	702.6140351
857	701.6
862.6818182	702.7727273
871.28	703
810.1290323	704.6451613
819.8148148	705.7407407
839.6206897	705.5862069
852.3770492	705.9344262
804.3939394	705.2424242
866.71875	706.375
814.2173913	708
817.75	710.8333333
803.3269231	711.8076923
861.1830986	710.6338028
811.6388889	712.9722222
834.825	710.4
820.6610169	714.4237288
877.2222222	712.3777778
830.6666667	716.2666667
841.0857143	716.5
833.9473684	718.5263158
887.4814815	719.4074074
845.4242424	722.0606061
870.2560976	721.195122
878.2820513	722.4102564
837.9230769	722.6153846
874.4054054	728.1081081
845	727.5
864.0681818	728.6931818
967.9333333	729.1333333
871.7560976	734.9268293
907	741.125
834.4	744.3333333
910.09375	746.3125
914.75	745.1875
913.25	751.4166667
823.6296296	805.8148148
831.2884615	807.7307692
827.5	811.5
818.6153846	874.6153846
811.2	877.8285714
810.4193548	882.3225806
825.4716981	891.0943396
831.2826087	894.6304348
816.5	895.5
808.4117647	910.5588235
796.4117647	917.3529412
790.2428571	920.9142857
813.6290323	932.6505376
800.3333333	931.4722222
797.4339623	937.509434
777.3611111	941.8333333
784.7532468	938.2207792
812.1785714	947.1071429
782.8372093	949.1511628
788.6153846	950.7692308
777.65	952.55
788.1666667	955
786.4444444	960.4444444
688.5172414	1010.413793
695.9444444	1011.777778
680.6666667	1016.166667
688.1884058	1016.57971
694.2826087	1021.23913
657.4655172	1031
631.4716981	1039.226415
604.1875	1055.625
682.2222222	1063.037037
695.893617	1065.744681
674.0252101	1070.117647
696.8666667	1071.973333
676.6363636	1075.30303
670.9310345	1077.793103
666.0263158	1079.578947
695.8888889	1078.111111
574	1091.793103
592.779661	1095.423729
581.9438202	1095.213483
577.6140351	1102.491228
620.3333333	1101.555556
559.1944444	1105.694444
564.6097561	1109.292683
552.8307692	1110.107692
557.8571429	1112.428571
559	1117.078431
651.275	1122.2
677.3846154	1125.884615
683.625	1125.875
649.4736842	1127
770.4117647	1130.117647
577.7	1131
575.0909091	1133.818182
774.3092784	1135.721649
563.5217391	1136.347826
568.4615385	1137.884615
587.3636364	1139.090909
562.3421053	1140.736842
677.1833333	1140.15
684.475	1139.65
761.5151515	1139.515152
653.9736842	1143.657895
574.6666667	1142.833333
728.9090909	1142.636364
680	1144.791667
760.4772727	1145.727273
824.969697	1146.363636
596.4178082	1151.547945
792.4107143	1147.535714
602.9285714	1149.071429
823	1150.5
790.4444444	1153.222222
830.3392857	1151.803571
589	1150.5
602.15625	1154.09375
626	1152.971429
609.5064935	1152.441558
634.8987342	1156.658228
764	1156
797.1904762	1158.52381
629.2941176	1158
549.4193548	1159.645161
605.0434783	1161.891304
631.3636364	1160.727273
599.2888889	1162.155556
823.5	1164.769231
828.6190476	1164.619048
632.0208333	1165.770833
800.04	1167.16
817.2465753	1168.890411
826.9576271	1172.483051
670.3636364	1179.818182
665.3783784	1181.081081
753.1111111	1182.277778
814.1515152	1180.969697
809.7435897	1188.333333
660.4857143	1186.857143
758.3	1188.1
633.1111111	1189.031746
653.3444444	1190.266667
660.7555556	1192.733333
832.1153846	1190.038462
615.6116505	1191.728155
750.4285714	1191.285714
628.2424242	1192.757576
818.3333333	1192.777778
548.8571429	1193.821429
645.2634409	1196.204301
634.6206897	1195.586207
639.7	1196.15
545.6296296	1197.518519
579.0625	1196.6875
628.4736842	1198
607.0625	1198.3125
654.9375	1198.1875
635.7647059	1200.323529
589.5	1201.375
575.90625	1204.171875
584.3947368	1206.289474
639.9454545	1207.563636
632.2857143	1207.761905
602.4788732	1206.43662
608.2777778	1209.444444
597.4545455	1208.681818
576.1388889	1210.194444
845.4285714	1211.831933
605.2758621	1214.310345
714.0625	1212.354167
721.0588235	1212.617647
569.6296296	1213.462963
595.8	1216.088889
741.6969697	1215.69697
577.1184211	1217.289474
584.0888889	1219.4
719.0769231	1218.307692
846.7017544	1220
862.0652174	1217.5
714.1904762	1219.952381
804.6944444	1223.027778
573.3692308	1224.338462
584.9166667	1224.625
798.4202899	1223.362319
810.3333333	1225
862.3636364	1225.636364
566.4	1226.885714
854.4150943	1227.283019
579.7457627	1228.305085
595.1791045	1227.686567
585.5526316	1230.973684
801.0402685	1234.181208
810.6190476	1230.047619
861	1231.525
806.7619048	1230.285714
561.137931	1233.655172
769.969697	1233.151515
850.6666667	1233.533333
590.7435897	1235.564103
812.9090909	1235.618182
823	1236.035714
567	1236.578947
575.42	1236.73
836.1372549	1239.294118
828.4833333	1238.666667
847.7894737	1238.210526
889.1463415	1238.447154
581.2786885	1240.852459
781.9666667	1240.266667
807.375	1241.625
817.2837838	1241.635135
799.0972222	1242.972222
822.92	1243.64
830	1245.188679
846.1956522	1246.782609
882.04	1246.32
890	1247.815789
770.3478261	1247.304348
819.7037037	1248.333333
824.1428571	1249.285714
885.5916667	1256.125
876.4193548	1261.645161
831.6170213	1268.574468
838.1044776	1272.641791
830.8	1274.2
842.3409091	1279.022727
837.4666667	1280.266667
867.6153846	1279.615385
831.9587629	1283.773196
863.9565217	1285.695652
829.2162162	1290.810811
802.6603774	1289.981132
821.4756098	1291.067073
868.7741935	1288.806452
814.5	1292.671875
864.0416667	1291.833333
856.6388889	1294.972222
867.6052632	1295.565789
871.9090909	1305.727273
894.4368932	1309.407767
843.18	1311
855.8536585	1311.97561
862.5348837	1312.72093
836.5609756	1313.926829
885.4468085	1313.276596
844.8214286	1316.714286
901.2272727	1315.727273
823.2222222	1318.166667
838.9285714	1318.857143
861.875	1317.875
868.3043478	1317.26087
891.5972222	1318.472222
832.6744186	1320.651163
843.295082	1322.639344
888.5142857	1324.685714
883.2295082	1321.737705
875.8269231	1323.173077
869.0923077	1327.846154
864.1578947	1333.789474
891.3428571	1332.685714
816.6727273	1334.818182
807.4722222	1335.027778
867.8214286	1337.392857
899.4	1337.766667
905.4318182	1339.090909
893.0921053	1339.763158
859.826087	1341.782609
825.5090909	1341.854545
883.5	1342.636364
910.6315789	1345.947368
882.4705882	1347.264706
823.9130435	1350.097826
833.641791	1347.179104
830.9473684	1351.631579
861.2093023	1350.55814
854.8181818	1355.181818
815.875	1355.5
902.8823529	1357.156863
849.826087	1358.173913
898.1	1359.533333
894.1428571	1361.97619
903.5277778	1364.638889
899.3877551	1368.755102
907.75	1368.5
872.5	1377.3
910.3478261	1382.869565
866.2340426	1391.382979
908.2631579	1392.473684
875.7222222	1394.388889
807.3181818	1394.954545
846.2631579	1395.447368
901.8055556	1395.569444
863.8636364	1398
882.7666667	1398.433333
855.3968254	1399.571429
908.1153846	1399.961538
847.9615385	1400.884615
897.7831325	1401.409639
877.6222222	1403.177778
867.2444444	1404.866667
906.1666667	1404.916667
848.9183673	1410.979592
585.1269841	1414
592.1538462	1414.384615
856.9135802	1413.04321
898.4393939	1415.954545
847.7073171	1417.04878
589.6857143	1418.828571
887.2432432	1419.135135
859.6785714	1420.928571
532.8571429	1420.761905
897.09375	1423.1875
861	1425.333333
533	1425.972973
539.1351351	1425.351351
540.4642857	1430.75
549.0952381	1433.666667
555.7826087	1433.869565
561.7727273	1433.25
542.7674419	1437.790698
945.097561	1570.536585
949.969697	1573.212121
934.6	1574.685714
947.9230769	1577.923077
940.1666667	1578.854167
931.4814815	1581.111111
924	1582.772727
784.6470588	1587.529412
955.6271186	1588.813559
960.8518519	1588.074074
918.4814815	1590.592593
925.98	1588.14
790.7142857	1596.985714
806.7586207	1596.793103
945.1259843	1597.401575
777	1600
923.4104478	1600.91791
954.2857143	1601.942857
905.7027027	1602.121622
936.1639344	1601.819672
949.25	1604.222222
911.4411765	1605.529412
927.5466667	1607.706667
933.7209302	1607.162791
941.9354839	1606.387097
787.109375	1608.40625
910.7663551	1611.17757
948.3166667	1611.05
921.4897959	1614.693878
941.9589041	1613.876712
969.2962963	1614.148148
976.8148148	1615.111111
933.5164835	1615.89011
798.2307692	1616.512821
907.5945946	1618.459459
982.1538462	1618.923077
927.25	1620.625
993.6491228	1623.368421
829.5416667	1624.75
852.71875	1625.125
940.8636364	1624.090909
818.375	1626.020833
970.9166667	1627.097222
910.6824324	1628.168919
876.5348837	1627.174419
985.6693548	1626.604839
979.1515152	1628.666667
999.7241379	1627.965517
899.6086957	1630.028986
889.5614035	1629.666667
992.3220339	1632.220339
826.4411765	1632.970588
832.826087	1634.321739
841.6571429	1632.657143
942.8448276	1632.362069
848.0986842	1634.296053
885.2666667	1634.2
902.62	1636.24
979.175	1634.275
999.1186441	1634.084746
814.7065217	1633.73913
893.8888889	1635.511111
974.0789474	1636.342105
878.6153846	1635.961538
984	1637.464286
858.6181818	1636.163636
965.3181818	1638.625
883.030303	1638.575758
815.4615385	1640.038462
841.7307692	1638.692308
824.6346154	1639.75
953.8181818	1638.688312
810.3125	1642.859375
861.260274	1642.027397
921.7083333	1641
911.8	1644.7
916.2162162	1643.486486
938.5925926	1644.814815
945.3630573	1647.082803
969.4634146	1644.902439
843.425	1646.35
956.2180451	1647.571429
923.4583333	1647.770833
830.5272727	1648.036364
816.2	1648.5
803.7540984	1649.672131
965.5454545	1649.381818
908.2948718	1649.602564
915.9130435	1651.347826
973.1923077	1650.846154
923.3846154	1653.564103
939	1654.75
968.28	1655.78
973.04	1657.24
943.4615385	1658.153846
1002.5	1657.848837
762.2638889	1661.125
809.5581395	1658.813953
963.627451	1661.254902
816.5617978	1658.94382
812.7096774	1664.225806
838.4615385	1664.846154
994.5	1664.957143
1001.081081	1665.810811
821	1667.025641
841.76	1668.44
768.5	1668.571429
926.0909091	1668.363636
940.3529412	1669.294118
952.2807018	1667.210526
812.3376623	1669.246753
845.6666667	1671.75
807.3	1674.142857
968.1538462	1672.461538
916.4634146	1676.707317
929.893617	1675.276596
961.4558824	1675.029412
813.4727273	1677.327273
983.2708333	1676.541667
847.0555556	1678.194444
965.8039216	1679.372549
974.34375	1678.5625
767.5172414	1682.275862
849.7826087	1683.76087
859.7666667	1684.7
969.1	1684.5
953.72	1685.52
965.7333333	1687.4
764.7	1690.2
949.5555556	1688.972222
956.3125	1690.9375
968.7272727	1690.954545
912.9444444	1694.305556
919.9756098	1694.300813
893.4509804	1696.921569
949.5929204	1696.389381
908.9166667	1699.722222
784.1	1699.05
916.4385965	1702.596491
776.9259259	1699.851852
795.2268519	1707.143519
810.2444444	1701.955556
926.4852941	1704.617647
936.6388889	1704.861111
816.5111111	1706
892.7096774	1705.709677
774.3529412	1707.411765
789.382716	1707.641975
769.3478261	1708.347826
801.8791209	1704.087912
750.7407407	1709.91358
806.2763158	1713.355263
810.7435897	1707.974359
948.3431373	1707.960784
766.1428571	1711.928571
937.5106383	1714.638298
826.3333333	1714.611111
792.1836735	1720.897959
516.4444444	1720.155556
899.4285714	1732.619048
841.2881356	1735.932203
908.75	1737.863636
840.2375	1742.1125
746.025641	1745.74359
895.0909091	1747.636364
498.0909091	1752.818182
874.1	1753.82
891.3928571	1753.642857
902.8461538	1755.538462
542.7045455	1759.204545
923.3505155	1756.010309
932.0526316	1759.026316
939.1457286	1764.974874
880.8333333	1761.916667
496.2	1763.5
928.75	1763.958333
818.75	1764.964286
912.2666667	1765.333333
934.5263158	1764.157895
943.8823529	1766.529412
747.5	1766.5
518.4678899	1768.06422
528.9166667	1767.833333
816	1768.166667
948.4861111	1769.333333
914.4567901	1769.802469
926.0958904	1772.082192
826.8703704	1771.092593
918.75	1772.75
519.4285714	1774.285714
833	1775.923077
919.9512195	1777.707317
900.1304348	1781.188406
472.4651163	1782.813953
895.8125	1782.75
902.6428571	1785.785714
909.4745763	1786.830508
508.1818182	1786.818182
919.03125	1787.416667
901.8695652	1790.086957
923.6078431	1793.333333
772.1896552	1794.103448
904.5517241	1795.137931
767.5135135	1796
754.5	1796.217391
829.8108108	1799.405405
465.6296296	1799.407407
747.0833333	1799.75
758.5555556	1800.066667
740.7894737	1803.105263
917.8913043	1802.434783
909.7241379	1804.275862
749.9113924	1803.898734
756.9354839	1805.741935
922.5	1806
887.1363636	1805.863636
882.7368421	1807.657895
462.8947368	1810.421053
889.475	1810.9
882.9230769	1814.102564
892.9387755	1816.081633
450.9272727	1818.418182
464.5434783	1818.217391
455.52	1820.4
459.6923077	1816.717949
885.7428571	1819.914286
900.5	1820.5
460.625	1824.3
467.7073171	1824.317073
877.5753425	1822.150685
882.7	1825.6
885.0888889	1829.533333
917.3	1829.3
491.75	1829.85
487.2222222	1833.222222
497.1568627	1833.54902
543.6888889	1834.466667
887.6136364	1835.295455
534.875	1836.125
883.90625	1839.625
918.6363636	1838.909091
533.1571429	1840.714286
474.7142857	1842.571429
493.0361446	1843.096386
486.9021739	1848.119565
734.3451327	1844.60177
495.8448276	1849.896552
477.3661972	1850.197183
483.0769231	1852.423077
733.1206897	1854.034483
503.097561	1852.731707
496.2	1854.733333
770.1794872	1854.589744
778.8080808	1853.444444
899.6363636	1856.090909
491.2142857	1857.357143
775.0357143	1858.607143
792.5348837	1855.418605
795.6481481	1859.277778
765.2857143	1858.071429
867.5	1859.5
787.1	1859.1
783.4466019	1863.68932
760.5853659	1865.634146
491.3157895	1866.552632
873.787037	1866.990741
788.0294118	1870
881.020202	1871.727273
763.0089286	1875.0625
895.5	1875.5
872.4	1875.633333
740.1730769	1877.519231
875.8	1878.7
733.6956522	1880.304348
746.3428571	1880.057143
751.875	1883.089286
879.125	1882.375
547.2285714	1882.885714
745.1142857	1885.228571
873.8888889	1882.777778
891.25	1883.525
740.2439024	1885.902439
734.1162791	1888.511628
757.7142857	1886.904762
765.4347826	1887.695652
885.52	1888.92
739.7288136	1893.016949
752.8	1890.628571
879.4375	1891.78125
761.7118644	1893.152542
748.2205882	1893.602941
756.3777778	1896.977778
518.3548387	1896.516129
839	1896.285714
744.0769231	1898.871795
750.1551724	1902.568966
839.8292683	1901.658537
847.9166667	1906.722222
908.8214286	1908.107143
837.0238095	1907.97619
840.0695652	1911.513043
826.2666667	1910.833333
912.1147541	1912.114754
765.3	1912.95
728.2307692	1914.961538
761.5	1916.222222
927.55	1915.9
503.3376623	1919.376623
510.5294118	1917.852941
917.027027	1923.243243
827	1925.105263
819.8536585	1926.170732
884.1578947	1926.631579
911.8478261	1927.434783
865.0681818	1928.295455
880	1930.884615
822.2909091	1931.672727
861.1875	1933.15625
890.6101695	1931.186441
866.9574468	1934.659574
884.9791667	1933.666667
897.2407407	1933.62963
890	1937.090909
905.1304348	1934.434783
882.2168675	1940.421687
899.8285714	1939.571429
888.4545455	1940.545455
893.1888889	1943.755556
867	1942.529412
837.779661	1944.559322
455.2765957	1946.978723
848.9583333	1948.041667
875.6153846	1948.826923
829.7567568	1948.702703
748.3684211	1950.526316
757.5512821	1950.602564
836.5	1950.90625
842.1923077	1950.230769
882.9425287	1949.448276
754.9791667	1954.833333
807.1555556	1956.222222
832.8	1956.5
814.2258065	1960.387097
511.7333333	1963.311111
506.137931	1963.62069
776.9166667	1964.916667
450.260274	1968.876712
443.7105263	1969.578947
439.1212121	1974.378788
414.7346939	1977.102041
447.1029412	1977.720588
431.9714286	1978.171429
440.4545455	1979.818182
843.1683168	1977.504951
437.0833333	1980.375
758.5	1980.888889
419.1818182	1982.227273
825	1984.307692
432.9545455	1985.606061
524.25	1985.333333
713.3636364	1985.5
822.1111111	1986.333333
472.5384615	1986.205128
466.6375	1991.9375
709.4888889	1990.6
433.8333333	1991.333333
459.9032258	1991.83871
472.2361111	1994.694444
765.6060606	1993
835.0594059	1992.980198
847.8507463	1996.313433
415.2142857	1997.828571
547.5	1997.631579
727.537037	1994.759259
732.8636364	1996.318182
834.6486486	1999.540541
401.6386555	2001.462185
409.3939394	2000.060606
531.3809524	1999.47619
728.625	2003.425
819.0769231	1998.923077
841.0892857	2001.178571
849.6415094	2002.641509
465	2003.5
722.9302326	2003.186047
392.969697	2005.868687
820.4520548	2006.438356
715.7794118	2005.852941
469.4	2007.314286
390	2012.5
397.2142857	2012.535714
460.8392857	2011.089286
457.3243243	2015.162162
394.2380952	2015.571429
821.5471698	2013.415094
419.1891892	2014.243243
417.3229167	2019.802083
544.2291667	2017.375
720	2016.941176
760.6521739	2017.043478
537.6938776	2021.377551
757.125	2020.458333
822.2222222	2019.925926
824.5531915	2024.808511
408.8425926	2026.138889
424.8461538	2024.076923
531.875	2026.125
754.03125	2026.34375
407.8333333	2030
446.6333333	2028.366667
401.0461538	2031.769231
429.7333333	2037.466667
475.505618	2041.460674
360.8421053	2040.842105
417.6524823	2038.567376
425.7457627	2042.457627
432.4444444	2041.314815
420.2	2047.733333
385.5692308	2045.969231
391.6222222	2048.777778
377.6025641	2048.461538
431.6470588	2050.658824
722.8947368	2050.936842
729.0714286	2053.607143
819.1052632	2057.56391
809.0869565	2058.26087
812.2666667	2063.133333
782.7692308	2064.769231
803.8681319	2064.758242
519.7241379	2068.793103
804.5517241	2070.896552
523.5625	2071.9375
798.5857143	2074.957143
803.7419355	2078.193548
771.3333333	2079.714286
721.3595506	2084.191011
804.075	2084.35
713.7179487	2086.858974
402.5555556	2086.518519
501.2631579	2086.421053
796.3473054	2092.994012
399.6388889	2091.833333
498.6516854	2091.898876
816.421875	2090.9375
810.9895833	2091.78125
710.2424242	2093.030303
439.5	2093.222222
800.8823529	2095.220588
396	2096.833333
781.5333333	2098.866667
790.8709677	2100.887097
736.52	2105.12
785.1710526	2107.25
404.1818182	2106.818182
826.2727273	2107.386364
741.8974359	2110.384615
724.0298507	2110.507463
809.0147059	2111.75
824	2112.3875
738.2535211	2115.126761
823.3181818	2117.727273
813.0227273	2116.545455
436	2118
818.4516129	2116.612903
815.8571429	2122
834.2093023	2120
841.6086957	2120.608696
821.7837838	2123.054054
441.6122449	2125.081633
814.3235294	2126.794118
827.1294118	2125.811765
784.4705882	2128.470588
820.6428571	2129.178571
843.2884615	2127.596154
779.6535433	2133.503937
838.9166667	2134.444444
840.2	2139.8
846.7586207	2138.793103
782.3142857	2142.438095
498.7857143	2145.642857
788.1176471	2146.019608
782.3589744	2149.846154
767.2	2150.628571
836.4705882	2151.352941
771.0540541	2154.189189
765.0784314	2156.294118
828.9512195	2157.829268
792.72	2159.34
807.25	2163.5
738.5	2166.6875
796.4333333	2164.666667
446.2372881	2168.186441
790.9090909	2168
423.58	2169.18
437.7142857	2169.020408
805.7	2168.8
799.0754717	2170.962264
443.6086957	2172.565217
406.5322581	2175.645161
798.9206349	2176.698413
401.2941176	2179.176471
819.8	2178.5
825.1538462	2179.115385
803.3061224	2181.040816
795.4915254	2184.881356
407.1136364	2183.522727
817.7777778	2186.444444
797.2142857	2191.785714
790.1851852	2191.320988
808.483871	2212.870968
737.7948718	2219.051282
810.5057471	2219.827586
843.4285714	2234.619048
793.5254237	2237.372881
818	2237.785714
791.3461538	2243.596154
844.8285714	2244.314286
603.8157895	2246.210526
797.3571429	2247.333333
730.164557	2247.278481
773.1071429	2250.035714
813.4642857	2249.357143
847.8709677	2251.741935
740.2	2251.542857
728	2255.121212
773.9	2255.166667
666.46875	2257.09375
779.5	2259.785714
725.9473684	2261
845.3643411	2265.550388
725.046875	2267.09375
833.5	2264.125
669.75	2267.361111
663.1666667	2267.722222
791.7391304	2266.608696
788.4	2270.542857
693.7	2274.011111
702	2273.266667
838.5978261	2272.608696
844.5333333	2273.133333
827.9340659	2275.445055
835.4090909	2277.363636
700.5	2279
792.1	2277.8
821.244898	2278.571429
831.5	2284.866667
821.4210526	2287.578947
644.4324324	2293.243243
805.8135593	2291.694915
831.1298701	2293.064935
735.7894737	2295.052632
818.2051282	2295.358974
806.4864865	2298.810811
762.8899083	2304.486239
809.5	2305.802632
760.2068966	2309.206897
802.36	2309.6
814.5714286	2310.357143
828.3069307	2311.405941
762.7317073	2313.560976
599.5	2314.56
535.2622951	2318.934426
830.2	2319.542857
813.2439024	2319.146341
509.9130435	2323.521739
774	2322.8
811.8	2325.171429
837.8627451	2323.882353
760.0769231	2325.692308
533.9701493	2327.19403
831.59375	2328
529.8591549	2333.450704
674.7878788	2332.333333
679.6034483	2333.155172
771.1111111	2333.666667
832.875	2334.875
688	2334.72549
769	2335.75
697.7368421	2335.936842
525.0394737	2338.539474
671.6875	2336.90625
638.8846154	2340.538462
679.3888889	2341.166667
510.021978	2342.626374
671.4166667	2345.533333
519.5384615	2344.205128
694.6785714	2343
770	2341.494949
676.2857143	2346.190476
684.4871795	2343.820513
688.8676471	2345.588235
833.5	2345.892857
680.0408163	2349.122449
694.4666667	2349.616667
512.3	2349.7
701.9787234	2349.170213
664.0684932	2350.315068
820.2424242	2350.954545
500.2627119	2350.966102
811.08	2350.96
834.6760563	2352.971831
828.0210526	2356.189474
523.7096774	2353.354839
721.8230089	2354.442478
659.5	2355.166667
597.5	2356.5
712.6969697	2355.090909
715.3653846	2359.192308
519.7024793	2359.355372
662.0740741	2359.703704
683.5	2358.5
729.1538462	2359.461538
818.8970588	2360.794118
554.96875	2362.3125
718.56	2363.56
695.5185185	2364.222222
686.734375	2366.90625
702.5	2364.875
562.2105263	2364.421053
572.2982456	2364.140351
541.9178082	2364.643836
567.5	2367.75
577.9736842	2366.684211
523.25	2368.5
725.3157895	2368
818.24	2368.04
541.9805825	2372.941748
493.5483871	2370.145161
576.0869565	2371.434783
550.0877193	2372.210526
583.3333333	2373.333333
800.3928571	2372.232143
799.4777778	2381.066667
599.5531915	2380.978723
769.1578947	2381.473684
768.4528302	2387.433962
787.76	2399.12
793.7961165	2397.106796
495.5	2399.5
636.9464286	2400.178571
811.2702703	2400.918919
498.3728814	2405.983051
781.9107143	2402.892857
787	2406.696429
780.2807018	2412.350877
785.1	2411.9
774.475	2414.275
605.5	2415.285714
777.0967742	2419.516129
781.0833333	2418.583333
519.0769231	2430.153846
550.037037	2429.62963
535.4666667	2432.866667
530.1594203	2432.376812
533.2439024	2440.414634
537.1123596	2441.47191
526.2407407	2440.055556
677.3888889	2441.277778
543.2222222	2441.666667
817.953125	2445.515625
538.7142857	2449.5
819.8333333	2450.875
562.8181818	2452.181818
816.1016949	2455.79661
646.6444444	2460.666667
817.3030303	2462.045455
819.2954545	2467.136364
498.0526316	2466.684211
819.1578947	2473.447368
490.0909091	2478
495.3387097	2477.725806
819.4390244	2479.365854
516.9	2479.666667
643.71875	2482.65625
839.6808511	2485.648936
519.2115385	2487.480769
774.9240506	2489.227848
500.5	2489.583333
483.5	2491.5
494.3157895	2491.842105
811.8119658	2494.555556
649.8928571	2494.607143
473.3508772	2497.701754
486.2439024	2500.333333
844.9775281	2499.033708
838.741573	2499.58427
524.7058824	2505.411765
474.125	2506.125
481.828125	2509.71875
518.5925926	2508.925926
523.1309524	2512.309524
807.9504132	2512.157025
489.5348837	2515.372093
845.7826087	2515.086957
861.96875	2516.6875
805.1111111	2520.444444
845.2894737	2523.184211
631.2352941	2524.735294
491.3103448	2527.448276
536.0188679	2530.471698
575.78125	2530.625
792.9571429	2532.157143
515.0909091	2536.818182
620.5957447	2537.446809
511.6470588	2539.470588
790.6626506	2541.26506
782.6666667	2542.333333
797.4117647	2542.882353
501.15	2543.7
621.3294118	2544.023529
824.5	2548.5
510.6097561	2549.682927
606.1176471	2552.397059
864.8333333	2555.083333
823.4117647	2557.764706
856.875	2558.875
531.3448276	2561.051724
605.36	2561.2
842.9191919	2561.323232
599.6486486	2560.283784
611.5833333	2560.027778
614.6774194	2562.903226
623.035503	2563.295858
588.2916667	2566.583333
595.3777778	2566.911111
616.7105263	2568
526.7714286	2567.914286
609.3225806	2568.451613
604.6111111	2569.638889
828.519774	2572.259887
591.7428571	2571.114286
823.5	2570.083333
610.755814	2575.604651
621.0517241	2574
602.8888889	2577.277778
833.48	2576.48
836.8461538	2578.865385
528.2978723	2577.808511
833.0769231	2583.730769
626.4545455	2580
608.3076923	2582.807692
627.3076923	2585.038462
537.0422535	2585.422535
544.5810811	2586.162162
804.6923077	2585.403846
811.835443	2583.379747
548	2590
551.516129	2590.612903
557.1369863	2590.835616
807.3939394	2592.212121
636.7	2593.1
802.8333333	2593.055556
549.5	2597.5
555.85	2598.5
607.7894737	2595.894737
798.9010989	2596.164835
560.5208333	2601.5
612.8380952	2600.761905
604.9444444	2604.055556
816.3823529	2610.078431
596.2605634	2612.260563
810.3943662	2612.788732
593.5789474	2620.631579
600.5	2621.804348
596.2941176	2627
653.3333333	2624.086957
589.2894737	2627.236842
594.5652174	2632.152174
693.6233766	2632.727273
600.8421053	2636.842105
596.8823529	2643.058824
623	2642.346154
666.5632184	2645.678161
658.2253521	2642.450704
661.3939394	2650.787879
664.6515152	2655.227273
656.0714286	2650.595238
653.1071429	2651.857143
649.6875	2652.84375
685.125	2655.125
657.76	2657.36
649.796875	2658.984375
668.5681818	2661.636364
675.1777778	2661.111111
681.8333333	2662.083333
669.2564103	2668.076923
645.381295	2670.892086
621.6616541	2673.62406
635.6875	2675.958333
668.5714286	2677.071429
642	2680
636.0212766	2682.382979
632.6666667	2686.133333
629.9634146	2692.609756
679.3818182	2693.036364
637.0434783	2694.804348
675.2708333	2697.1875
637.1153846	2701.230769
631.421875	2702.1875
642.5903614	2701.975904
663.5666667	2704.233333
619.32	2704.28
658.7948718	2703.615385
634.2372881	2709.847458
639.3703704	2708.074074
650.3974359	2707.512821
659.1290323	2709.451613
685.6458333	2730.416667
702.52	2762.3
625.5612245	2905.663265
933.5	2914.5
359.9375	2953.8625
366.9230769	2954.519231
370.4418605	2957.906977
381	2958.480519
390.96	2958.48
361.1521739	2961.26087
385.8928571	2962.892857
361.2727273	2965.393939
371.7166667	2965.933333
343.2142857	2966.142857
366.5	2968
377.9090909	2965.393939
338.7916667	2969.291667
378.2571429	2971.2
334.6	2971.3
373.5652174	2972.26087
343.1090909	2971.945455
363.2352941	2973.294118
323.1875	2974.375
329.8360656	2976.245902
336	2978.979592
343.1166667	2978.833333
358.3333333	2978.2
376.7894737	2978.403509
346.25	2985.125
368.0275229	2985.541284
340.4645669	2990.661417
361.5487805	2990.756098
332.3829787	2994.12766
349.8421053	2997.315789
344.2	2999.44
354.2333333	2999.855556
335.32	3000.106667
379.3043478	3001.956522
375.6	3003.533333
345.9583333	3003.25
338.2682927	3005.317073
370.5405405	3005.432432
342.5294118	3007.647059
356.6727273	3006.418182
364.4814815	3008.351852
347.5769231	3008.461538
332.4166667	3009.458333
337.3076923	3012.153846
351.972973	3011.486486
347.1875	3016.208333
340.8787879	3013.878788
350	3015
357	3014.887324
821.8888889	3015.666667
811.972973	3036.216216
701.5833333	3036.388889
692.2083333	3039.791667
801.5454545	3040.818182
807.1	3041.55
701.6769231	3042.984615
792.1590909	3044.181818
789.6307692	3054.584615
811.6136364	3052.522727
834.8125	3053.729167
810.3181818	3059.431818
821.7058824	3057.647059
671.6764706	3059.014706
780.5744681	3058.638298
836.9666667	3059.7
830.6935484	3061.080645
686.4634146	3062.439024
820.6206897	3063.241379
835.625	3065.84375
660.6216216	3064.027027
812.84375	3064.71875
817.9259259	3067.333333
812.625	3069.6875
760.9848485	3072.818182
812.7619048	3075.015873
805.173913	3074.195652
799.75	3077.596154
733.3571429	3078.857143
765.575	3079.375
732.4166667	3082.375
795.56	3083.96
792	3086.625
678.3846154	3091.884615
672	3092.230769
734.9	3097.1
747	3099.5
741.6153846	3099.846154
729	3106.208333
814.3809524	3107.511905
729.2222222	3110.388889
737.4814815	3109.481481
741.4117647	3116.867647
707	3126
746.25	3131.916667
690.5	3133.166667
710.8448276	3139.137931
773.44	3140.04
707.1	3144.433333
715.8492063	3145.722222
740.2990654	3145.785047
723.0857143	3150.628571
752.8545455	3156.218182
703.8	3156
746.8333333	3156.833333
702.4444444	3158.555556
725.6774194	3155.854839
719.6511628	3158.581395
708.7241379	3158.793103
749.2692308	3160.769231
716.3181818	3163.136364
718.1428571	3182.571429
722.6486486	3185.972973
507.5172414	3198.224138
525.2555556	3208.833333
508.115942	3208.927536
515.1290323	3212.010753
519.2727273	3215.333333
523.5625	3215.375
664	3228.590909
551.5744681	3228.638298
533.9285714	3236.857143
711.2682927	3252.512195
726.5833333	3256.541667
552.68	3258.44
730.2222222	3265.111111
487.2857143	3267.285714
723.9	3267.433333
688.9787234	3282.553191
691.9117647	3289.617647
546.1086957	3306.043478
554.6571429	3316.2
509.5	3320
541.53125	3317.802083
535.047619	3323.603175
542.3461538	3324.807692
688.1818182	3324.545455
530.3611111	3327.416667
535.8285714	3330.971429
537.3333333	3339.166667
501.7272727	3339.818182
690.7045455	3341.363636
500.6818182	3345.875
544.5555556	3344.481481
716.0708661	3343.795276
688.05	3347.1
535.3333333	3350.962963
541.0625	3353.925
684.5098039	3351.058824
679.8076923	3355.153846
532.3103448	3360.689655
710.8	3362.727273
703.8888889	3366.203704
665.2222222	3372.569444
669.5747126	3369.793103
690	3371.5
657.81	3374.28
664.3043478	3376.869565
723.5	3380.222222
669.75	3382.75
668.4489796	3390.285714
666.1875	3400.8125
713.2666667	3402.333333
657.559322	3410.491525
692.2027027	3426.986486
699.3703704	3430.938272
706.787234	3430.382979
689.6071429	3431.25
692.7708333	3439.635417
703.75	3437.625
490.2903226	3521.903226
489.0444444	3529.733333
497.1666667	3534.277778
490.6176471	3534.117647
487.9054054	3539.891892
493.96875	3539.125
479.8846154	3541
507.5	3543.5
495.3333333	3544.47619
477.4	3547.057143
482.3148148	3549.796296
475.8695652	3552.608696
479.7391304	3555.73913
476.2083333	3560.5
480.7051282	3564.294872
485.027027	3567.432432
491.5925926	3566.851852
480.1136364	3572.272727
496.3333333	3574.888889
487.7	3577.12
493.5789474	3579.710526
488.1875	3596.1875
562.7692308	3608.230769
564.9767442	3615.697674
565.5625	3621.5625
530.7368421	3623.157895
535.4318182	3626.568182
547.5	3639.833333
505.9166667	3644.166667
543.2777778	3680.833333
699.0769231	3686.692308
608.0555556	3688.166667
538.046875	3687.96875
544.21875	3689.375
558.0714286	3689.5
703.1176471	3688.941176
692.3939394	3690.606061
687.1363636	3692.045455
696.7692308	3693.384615
679.5945946	3694.810811
543	3695.105263
549.8055556	3693.611111
691.46	3696.7
539.8085106	3700.680851
575.4	3699.5
675.2	3700.6
546.0769231	3700.128205
670.6363636	3704.136364
679.5238095	3704.142857
660.1515152	3715.090909
653.9393939	3717.272727
653.96875	3722.71875
693.1445783	3722.180723
748.0833333	3728.625
713.5625	3736.25
548.875	3741.3125
747.5322581	3742.435484
741.34	3747.6
716.9736842	3751.605263
740.078125	3753.28125
648.2	3760.466667
529.4634146	3767.463415
559.7419355	3770
532.1864407	3772.915254
564.6774194	3772.129032
564.8974359	3777.589744
705.3773585	3795.09434
711.4	3795.685714
748.3076923	3796.871795
698.9714286	3795.8
570.3181818	3799.969697
692.8596491	3801.929825
715.2258065	3802.66129
697.8888889	3809.333333
707.78	3808.96
535.326087	3810.456522
768.1666667	3817.833333
587.2777778	3818.722222
759.8125	3819.9375
737.2424242	3821.454545
622.8	3821.5
766.0961538	3822.865385
604.0666667	3822.6
587.44	3825.64
539.5454545	3826.909091
728.625	3832.78125
723.5	3834.5
734.3925234	3834.158879
579.5	3838
727.7058824	3838
743.7142857	3840.839286
731.3235294	3842.970588
724.2166667	3842
633.6774194	3846.483871
660.4285714	3846.761905
600.1764706	3850.352941
731.3043478	3855.695652
536.5	3876.5
754.6336634	3876.29703
667.5	3879.5
766.6923077	3878.923077
771	3880.357143
608.1111111	3882.444444
753.8518519	3884.185185
767.9375	3887.6875
754.4931507	3893.671233
755.5135135	3903.567568
524.9666667	3906.133333
541.2173913	3907.391304
525.1363636	3914.378788
533.4285714	3910.579832
559.0923077	3914.492308
704.2608696	3918.608696
542.1578947	3922.894737
530.9473684	3925.078947
722.7666667	3927.133333
522.875	3927.333333
539.5277778	3927.527778
528	3931.138889
763.3076923	3934.538462
760.96	3938.84
734.2631579	3948.421053
715.6	3999.2
672.2197802	4139.065934
672.7272727	4144.181818
683.5	4145
675.6923077	4146.5
619.0222222	4150.2
612.195122	4151.841463
542.8571429	4154.367347
618.6034483	4157.413793
538.8888889	4157.888889
623.2285714	4160.257143
571.75	4169.333333
621.5789474	4170.315789
603.5	4172
618.5970149	4175.089552
624.3225806	4180.967742
672.1351351	4181.72973
625.0263158	4188.631579
489.9333333	4194.666667
629.7407407	4194.407407
497.5116279	4197.976744
495.28	4202.88
570.15	4217.575
675.5454545	4228.060606
675.0285714	4234.171429
533.6666667	4251.75
541.15	4252.25
643.5	4270
646.5	4275.5
640.1290323	4307.419355
644.6923077	4310.974359
636	4311.974359
640.9285714	4315.595238
667.0163934	4326.639344
655.7457627	4346.050847
650.8387097	4351.483871
590.6842105	4364.157895
595.5813953	4365.023256
659.6363636	4367.772727
616.9189189	4369.797297
609.6904762	4369.904762
603.3611111	4369.481481
613.16	4374.92
664.0909091	4372.181818
604.3846154	4377
612.7191011	4380.910112
605.8214286	4380.142857
652.6666667	4383.366667
647.9333333	4384.933333
650.3125	4388.84375
631.1666667	4392.283333
654	4426.8
503.8292683	4455.853659
509.7575758	4459.636364
504.5555556	4461.944444
530.0377358	4460.113208
500.9074074	4464.166667
516.7875	4464.2875
525.7142857	4465.466667
535.9354839	4467.204301
518.7631579	4470.736842
523.7183099	4476.887324
516.8928571	4477
570.7142857	4486.5
573.0958904	4493.643836
500.5263158	4512.684211
508.95	4522.25
583.5	4526
510.4545455	4528.704545
563.8307692	4542.215385
569.5641026	4544.512821
562.75	4548.464286
568.7380952	4550.02381
488.1764706	4550.835294
573.7777778	4553.555556
566.2586207	4555.637931
533	4563.5
539	4563.5
481.4347826	4566.73913
537.5111111	4582.577778
492.9090909	4585.181818
490.7368421	4588.105263
533.5	4593.272727
486.9047619	4605.571429
480.6078431	4615.411765
475.1860465	4616.395349
569.0689655	4622.068966
574.0454545	4622.727273
570.9090909	4626.318182
567.1111111	4647.777778
564.5	4664.583333
557.5238095	4665.952381
