X	Y
0	0
0	6000
6000	0
6000	6000
439.4901961	224.3333333
445.8727273	232.2363636
259.5	244.5714286
451.5	249.3888889
441.6043956	252.5384615
455	255.7111111
472.375	255.15625
490.2857143	258.9285714
478.2333333	266.2
502.9148936	267.8085106
504.375	273.375
443.3181818	274.9545455
486.203125	273.71875
453.25	276.35
460.2631579	276.3421053
490.3333333	278.3148148
484.5714286	280.3809524
472.7575758	278.6969697
441.0327869	280.0819672
435.0571429	281.2857143
441.4583333	285.75
435.1590909	286.4090909
410.5714286	287.8571429
443.2857143	289.3571429
504.9302326	292.7209302
491.9	301
563.5	301.7142857
526.4536082	313.7835052
569.6296296	312.7777778
447.725	316.475
492.0144928	318.5507246
486.9393939	321.6969697
529	321.1428571
413.6666667	323.8888889
569.3541667	325.6041667
599.6	325.6
416.4117647	334.5882353
580.5	335
597.4375	337.375
464.7848101	339.443038
406.6206897	340.2068966
457.8478261	340.9673913
495.875	340.3125
413.1509434	340.7735849
423.3970588	341.8970588
530.7222222	341.6111111
574.7	342.35
522.9545455	341.5909091
527.425	346.125
395.7741935	345
407.9193548	347.0967742
585	344.6578947
511.2708333	346.9166667
430.8421053	348.3421053
413.1956522	350.0434783
480.1538462	350.1153846
582.5	349.5
400.52	350.66
504.7972973	351.1351351
434.7291667	352.3541667
530.4666667	357.5333333
445.2361111	357.9305556
456.8484848	359.5151515
470.1521739	359.5869565
585	359.0227273
427.4444444	363.7777778
460.75	364.475
428.6811594	370.0724638
483.9230769	371.025641
433.3039216	376.6470588
481.6226415	376.6981132
436.5625	378.5
543.3611111	377.2638889
451.6785714	377.9285714
435.5	380.8333333
441	378.5555556
433.3333333	384.7916667
454.0693069	386.1782178
437.5744681	387.1276596
583.5762712	385.8813559
442.7258065	386.6774194
498.8510638	386.3617021
448.6923077	391.2051282
464.2	393.0333333
453.4285714	396.547619
458.9361702	396.0425532
523.12	397.1466667
515.9166667	398.4166667
521.34375	403.125
556.3958333	400.9791667
461.0322581	404.516129
575.4705882	404.2352941
551.55	408.5
454.8780488	412.9756098
467.0689655	415.9655172
455.3214286	418.6071429
470.4772727	420.8409091
556.2393162	419.2051282
549.6666667	424.4333333
483.1067961	426.4563107
583.6052632	427.6578947
490.7460317	432.1111111
580.5888889	443.1
700.5555556	492.7111111
689.2666667	509.3333333
729	510.5
707.4339623	511.9056604
697.8695652	514.2173913
673.1333333	521.4190476
795	522.4444444
796.9615385	521
729.9354839	521.4516129
733.6875	524.9375
678.9	525.7666667
726.047619	525.452381
668.975	528.7
687.6202532	525.6962025
746.5	528.2
674.3611111	530
682.5116279	528.6511628
763.5555556	527.8333333
726.3134328	530.7164179
756.8383838	532.3939394
770.0581395	530.5
686.5405405	535.2162162
775.3333333	532.9166667
800.4375	534.375
709.106383	534.5957447
701.6	533.5777778
720.6666667	536.047619
772.7901235	537.1604938
714.8035714	537.0535714
697.6818182	539.4848485
782.9733333	539.0133333
675.047619	539.9285714
808.5932203	539.9322034
760.0720721	542.1621622
704.0384615	543.5769231
684.2407407	544.7962963
679.7179487	548.2564103
710.4807692	545.75
754.7419355	547.6451613
702.08	549.44
812.6	551.06
714.8378378	552.3513514
701.3617021	553.893617
687.4285714	554.7
860.71875	555.125
744.5757576	553.6666667
703.5714286	559.1666667
714.96875	559.421875
708.516129	561.7741935
749.3928571	560.6785714
718.7647059	563.7941176
845.4482759	562.5862069
867.7631579	565.75
857.3636364	567.4545455
796.7142857	568.5714286
739.8409091	571.5909091
862.1458333	571.8125
680.8684211	572.3684211
783.5517241	574.2068966
732.9333333	575.7666667
767.4210526	575.9649123
879.475	578.35
884.9354839	577.5
721.3818182	578.5636364
728.5294118	583.5686275
911.3052632	588.2210526
763.7878788	589.8181818
696.8095238	590.8571429
769.44	591.2
733.8684211	593.0526316
921.2058824	593.8235294
765.1940299	595.4626866
820.8269231	596.5384615
703.4153846	598.6307692
739.375	598.375
919.7692308	599.7307692
757.5125	600.025
832.3103448	599.5517241
882.3571429	604.6428571
951.8251748	606.1958042
731.969697	606.8787879
739.8545455	605.3818182
714.3714286	607.5714286
722.3947368	608.4078947
888.2631579	608.8421053
803.5882353	610.8823529
944.0606061	616.3030303
964.3541667	617.4375
724.4193548	617.7419355
870.862069	618.9655172
916.8867925	618.9245283
849.9223301	621.6601942
816.5192308	622.2692308
914.5227273	623.7272727
948.6956522	623.2608696
745.4645669	627.2047244
810.5625	624.78125
977.0888889	625.6222222
832.8461538	626.4807692
945.1388889	627.8333333
884.6842105	629.8421053
732.7674419	632.2790698
928.7619048	631.8095238
724	633.2352941
942.8571429	633.1428571
989.3333333	632.5897436
993.6756757	640.7027027
921.8928571	643.3928571
852.8421053	648.9473684
910.2608696	648.9565217
739.52	649.64
774.6086957	654.6521739
901.04	654.24
895.8852459	656.1311475
837.5769231	659.3653846
878.4202899	660.0724638
789.1428571	662.5
841.7	665.7
893.9512195	668.6341463
926.015873	668.8412698
889.3103448	672.5172414
896.1282051	673.7435897
987.2857143	671.2380952
994.0416667	673.9583333
985.2987013	677.0519481
993.8194444	677.9027778
897.75	680.8125
918.8235294	684.6470588
932.2288136	686.0762712
845.0869565	686.7391304
896.3473684	687.4947368
974.3666667	687.6333333
936.40625	693.625
875.0555556	693.2222222
911.5688073	696.1009174
918.3333333	694.1777778
926.8666667	694.8666667
920.2903226	699
857.1594203	701.2318841
932.5686275	700.9411765
888.875	702.125
1022.288462	702.1153846
983.1282051	703.7179487
928.6153846	705.0769231
946.6	705.9428571
940.6521739	705.326087
1037.763636	706.1636364
932.1657609	718.888587
1005.543478	708.673913
942.1044776	713.2238806
921.74	713.6
939.2857143	716.6190476
1004.3	714.68
969.4807692	716.1923077
916.5940594	717.2871287
975.6666667	717.6153846
909.9493671	725.0316456
905.16	718.86
1006.826816	723.9553073
945.2666667	721.8888889
1041.173913	721.326087
923.5869565	727
984.5	724
1016.828829	725.1441441
1011.894737	728.7368421
921.5918367	731.7959184
935.1142857	730.2285714
901.1052632	732.3157895
910.68	734.62
916.7659574	733.9787234
974.1176471	733.5882353
1011.125	734.125
1016.459016	735.7868852
939.2941176	736.3882353
1044	737.2
925.2886598	740.4948454
950.8275862	755.8965517
1043.842105	757.9473684
954.3469388	760.4897959
926.0357143	762.5892857
886.8064516	781.8870968
893.5806452	778.9354839
892.8558559	790.1801802
881.6346154	787.2692308
870.0714286	786.4761905
877.4642857	790.1785714
868	792.5306122
884.8	793.76
874.4642857	794.8571429
885.4166667	797.4166667
871.2	797.5
880.2142857	804.2142857
886.08	821.28
889.1794872	817.1538462
907	851.5
933.5	855.8289474
1003.538462	868.032967
909.2352941	869.9411765
909.6666667	874.6666667
906.0526316	875.5263158
935.9	884.05
926.1818182	885.7090909
880.625	889.5625
993.1794872	890.8461538
1007.941176	896.5882353
1013.864865	900.3648649
1023.569767	900.755814
904.4210526	905.3333333
1060.5	912.5
1024.039216	917
920.0588235	919.2352941
900.1923077	922.1923077
917.6666667	925.5
879.7045455	924.6363636
885.2898551	929.057971
894.5234899	931.2348993
900.2363636	929.7090909
878	937.7924528
920.6	931.96
903.2631579	935.5
888.3103448	942.1609195
900	940.625
898.7761194	949.9701493
907.4772727	940.7727273
1017.464286	940.797619
996.0909091	942.3636364
895.3076923	947.1538462
1047.327273	950.4363636
926.3793103	975.4942529
931.2903226	973.4193548
883.109375	974.3125
903.7555556	973.2222222
993.3125	976.46875
880.375	979.375
881	982
902.2179487	980.7307692
883.0769231	983.6923077
886.9428571	980.8285714
890.7837838	986.5405405
893.6428571	981.6428571
755.5806452	1059.451613
692.6842105	1060.842105
703.7083333	1071.555556
768.0967742	1076.677419
703.85	1080.516667
708.6451613	1080.806452
695.7419355	1082.516129
688.1587302	1091.206349
759.7066667	1097.853333
721.28	1097.92
685.6	1101.6
775.3	1110.8
787.5	1115.5
692.76	1119.2
716.6595745	1119.680851
715.6037736	1127.226415
786.1363636	1129.454545
671.65625	1133.03125
700	1137.860465
786.5454545	1141.257576
739.2222222	1142.5
723.0526316	1144.289474
732.0625	1146.4375
739.875	1149.125
647.90625	1152.1875
733.8333333	1151.65
689.6481481	1154
683.8390805	1159.632184
676.2666667	1158.966667
690.8125	1161.765625
671.7818182	1163.963636
678.3913043	1163.869565
684.5263158	1165.842105
752.9090909	1163.090909
678.3	1168.625
684.5	1168.818182
666.8285714	1169.942857
673.7	1173.414286
667.1219512	1186.804878
675.3333333	1186.888889
661.0206186	1187.226804
870.6428571	1187.892857
717.4516129	1191.096774
673.4090909	1191.636364
868.5789474	1194.105263
875.0192308	1193.942308
723.3076923	1194.897436
841.8666667	1197.25
723.0588235	1201.470588
914.1428571	1204
670.9090909	1209.772727
830.9565217	1210.73913
905.4456522	1213.869565
840.7333333	1218.2
897.5789474	1218.184211
869.5	1219.666667
904.3636364	1221.151515
900.15625	1223.9375
847	1226.470588
839.7564103	1227.064103
913.1851852	1229.592593
712.2115385	1232.076923
929.2096774	1231.887097
919.5714286	1239.306122
751.1428571	1238.660714
728.6857143	1239.314286
838.1935484	1238.5
915.4210526	1238.368421
765	1239.348485
915.9	1241.8
862.125	1242.125
869.362069	1243.413793
717.2051282	1245
755.4444444	1244.833333
677.7681159	1246.927536
707.7777778	1245.944444
741.2142857	1248.607143
829.4	1249.5
844.5	1249.285714
858.2758621	1249.931034
951	1249.081633
1009.238095	1250.440476
707.09375	1251.3125
978.09375	1251.125
1003.358491	1253.188679
831.6315789	1253.052632
953.5555556	1255.688889
958	1255.285714
965.3076923	1253.6
1005.206897	1257.448276
966.6571429	1258.6
976.2068966	1258.155172
856.5	1258.142857
685.1052632	1259.175439
957.6190476	1259.52381
863.4871795	1260.961538
702.8333333	1262.611111
870.5	1262.708333
997.9859155	1263.464789
670	1267
980.5606061	1266.863636
988.2741935	1265.548387
1002.25	1269.48
1020.965517	1267.896552
1029.976744	1268.27907
973.1914894	1268.914894
967.6329114	1273.696203
984.6	1272.5
706.5	1272
950.3731343	1272.179104
990.84375	1274.59375
666.125	1273.125
999.6734694	1274.877551
672.962963	1277.617284
727.5151515	1275.060606
869.7234043	1277.031915
957.6666667	1275.222222
660.45	1275.25
976.0714286	1276.964286
1023.324324	1278.027027
663.7826087	1279.536232
697.1463415	1279.195122
837.5	1281.5
686.4962406	1284.744361
694.64	1285.76
933.4712644	1284.83908
703.6037736	1286.433962
725.8962264	1286.650943
869.5	1287.7
961.6428571	1286.714286
1011.481481	1286.592593
681.7297297	1290.837838
1005.055556	1290.740741
740.6285714	1291.7
887.0454545	1296.590909
734.4054054	1299.716216
881.6507937	1298.634921
727.9534884	1303.069767
679.7466667	1304.413333
996	1305.375
892.8888889	1307
920.2978723	1306.680851
1014.325	1307.825
907.3333333	1312.636364
1002.583333	1309.263889
1008.302326	1311.139535
1008.448276	1316.586207
1014.583333	1314.833333
1021.653846	1316.076923
1016.619048	1319.047619
955.0571429	1320.242857
1011.753247	1327.551948
886.0666667	1321.777778
1001.830508	1321.152542
994.835443	1324.202532
1018.935484	1323.580645
949.2432432	1325.189189
1017.92	1328.2
956.1818182	1328.545455
729.4482759	1328.482759
973.3414634	1327.390244
1005.018519	1329.555556
736.6666667	1330.916667
949.6034483	1331.672414
997.3684211	1330.184211
958.1818182	1332.090909
972	1332.557377
992.6190476	1333.142857
1004.09901	1338.267327
873.109375	1334.5625
901.3246753	1334.688312
956.1333333	1334.666667
996.2702703	1337.648649
863.6363636	1336.939394
981.7857143	1336.5
989.3015873	1337.825397
1014.88	1338.24
899.0465116	1341.093023
908.0416667	1338.708333
891.8723404	1341.244681
1012.965517	1342.137931
912.8518519	1339.833333
906.2151899	1345.101266
886.1818182	1346.181818
893.6857143	1348.085714
914.8518519	1346.592593
918.8888889	1347.111111
979	1348
914.5784314	1352.323529
891.68	1353.62
927.8222222	1352.888889
961.8888889	1353.5
1027.434783	1359.913043
893.25	1364.25
1027.52459	1364.672131
1006.805556	1366.638889
984.2777778	1372.527778
955.5	1375
910.0416667	1375.833333
934.3461538	1375.076923
1002.857143	1375.897959
1009.435484	1374.919355
1005.777778	1381.611111
973.3050847	1381.372881
978.5660377	1378.622642
1024.432432	1378.648649
983.4375	1380.96875
912.2	1384.8
1026.444444	1384.301587
987.5106383	1384.946809
1006.25	1389.625
683.6521739	1390.5
917	1390.646154
969.5	1392
979.6666667	1392
1021.836066	1393.147541
1031.79375	1395.59375
989.4805195	1393.207792
1005.5625	1393.9375
1045.822581	1397.387097
983.9482759	1400.525862
1007.090909	1399.290909
1014.953125	1397.6875
1026.105263	1401.684211
1016.333333	1403
1038.166667	1401.888889
1020.878788	1402.545455
946.4615385	1403.230769
1001.5625	1404.666667
1010.236364	1405.236364
923.1081081	1405.216216
787.2903226	1407.790323
791.7659574	1404.659574
960.64	1407.98
1011.02	1411.08
1003.685714	1411.314286
1042.833333	1413.083333
970.1666667	1415.861111
999.9012346	1418.098765
993.2045455	1421.022727
982.8153846	1424.738462
994.2121212	1426.848485
998.9583333	1425.791667
910.5	1424.944444
972.5714286	1426.380952
978.4181818	1427.654545
1033.581081	1427.905405
785.7	1430.3
914.76	1431.96
919.85	1431.675
996.0909091	1432.772727
911.0857143	1434.6
985.8965517	1438.931034
1010.72	1450.06
959.027027	1464.72973
971.5	1466
955.3636364	1469.909091
956.2758621	1485.827586
1075.5	1621.605263
867.9922481	1627.069767
1060.32	1631.12
1053.6	1637.875
1078.413793	1638.965517
873.5135135	1643.027027
1000.888889	1643.333333
1076.971429	1645.8
1034.933333	1647.333333
1041.618421	1647.855263
1030.709091	1648.872727
1072	1649.615385
1072.461538	1653.769231
1065.157895	1654.421053
864.1265823	1660.518987
1040.646154	1662.169231
1065.664	1661.696
1068	1667.069767
1040.423077	1667.307692
1095.7	1667.266667
1057.04	1668.34
1062.842105	1673.122807
1074.540984	1668.229508
840.9516129	1669.387097
850.24	1670.04
1057.590909	1673.681818
1088.125	1670.875
1097.75	1671.95
844	1674.042553
1071.461538	1674.646154
849.5	1674.777778
856.1168831	1674.337662
895.28125	1677.65625
844.0434783	1680.130435
1087.695652	1678.608696
855.2	1680.35
1066.95	1680.4
890.2564103	1683.435897
849.8421053	1682.877193
1083.849057	1684.377358
867.5384615	1685.923077
1142	1689.555556
1084.268293	1691.731707
1096.235294	1688.970588
1112.6	1692.3
1091.428571	1692.857143
1100.395833	1694.885417
1142.066667	1693.933333
919.0333333	1696.433333
579.5	1699.5
1116	1699.5
1096.285714	1702.2
986.575	1711.65
1106.506494	1713.428571
903.9090909	1713.018182
955.5	1715
1094	1715.5
859.1818182	1715.818182
1026.910714	1715.982143
1101.488372	1715.883721
1082.387097	1716.887097
1077.416667	1718.020833
892.5185185	1718.444444
1069.8875	1719.2125
1073.607143	1721.321429
1109.529412	1723.392157
1016.463415	1723.414634
899.8421053	1724.842105
1113.72549	1727.45098
995.1525424	1727.677966
1117	1730.642857
1121.823529	1729.647059
924	1731.5
1019.016393	1730.868852
1095.916667	1730.979167
856.4782609	1733.608696
968.1764706	1735.313725
890.2830189	1736.037736
1104.592593	1741.259259
1039.1	1747.5
1086.695652	1748.434783
1018.0625	1751.90625
1086.045455	1754.204545
850.1428571	1754.25
855.7380952	1753.880952
1012.339286	1755.660714
852.3894737	1760.315789
984.3333333	1758.5
1004.754098	1757.52459
1010.367647	1762.382353
1048.846154	1761.102564
988.3913043	1767.73913
866.4444444	1770.888889
983.8292683	1771.146341
999.5070423	1771.338028
977.195122	1773.585366
1011.078947	1772.605263
851.8958333	1780.479167
973.3055556	1779.555556
1015.613636	1780.295455
929.4516129	1782.419355
564.78125	1783.8125
872.4166667	1784.5
856.7142857	1788.642857
862.9019608	1790.235294
881.0983607	1795.868852
1008.157895	1796.973684
840.8181818	1799.712121
859.8666667	1804.888889
1019.732394	1804.43662
571.3870968	1806.096774
1004.666667	1807.083333
1016.586207	1809.344828
1011.553846	1811.815385
929	1812.327273
1024.186047	1818.093023
843.7857143	1821.839286
1057.571429	1828.619048
558.6666667	1831.083333
899.3857143	1830.9
894.2727273	1832.136364
900.5789474	1837.684211
904.9512195	1835.04878
892.3571429	1836.047619
958.9259259	1836.592593
551.9411765	1838.25
890.6065574	1840.508197
1005.25	1839.291667
900.4285714	1841.742857
1041	1840.5
993.2105263	1846
915.5	1849.208333
1031.25	1848.625
1046.384615	1850.615385
538.8450704	1853.014085
912.1071429	1855.214286
1031.910448	1853.955224
629.7096774	1857.612903
1007.083333	1857.541667
1024.911111	1858.266667
1043.827586	1857.62069
541.5957447	1859.382979
1034.645161	1859.790323
1014.75	1860.979167
955	1861.666667
938.8076923	1862.884615
1008.666667	1864.37037
548.2978723	1865.276596
900.0178571	1866.892857
534.9708738	1863.786408
530.8888889	1870.388889
635.7	1870
927.4516129	1871.419355
599.6538462	1872.115385
999.875	1874.2
554.32	1875
523.2828283	1877.010101
530.5116279	1878.627907
617.8688525	1879.016393
889.2307692	1879.115385
514.1851852	1878.580247
557.027027	1882.648649
525.0625	1887.6875
563.755102	1886.897959
521.2727273	1889.818182
1002.956522	1892.043478
536.5116279	1899.418605
1008.257143	1902.457143
541.7272727	1905.348485
546.7058824	1903.852941
951.1515152	1906.151515
580.5	1906.714286
535.4444444	1907.592593
996.2093023	1911.697674
536.3333333	1915.533333
854	1916
511.4375	1917.625
580.3387097	1917.919355
993.4565217	1918.304348
522.3125	1919.546875
997.875	1919.125
493.875	1924.15625
498.5416667	1925.333333
583.3125	1925.6875
643.4827586	1925.862069
489	1928.946429
494.8947368	1929.421053
940.6166667	1931.016667
503.7674419	1933.325581
490.1052632	1935.947368
495.0655738	1939.262295
533.8656716	1939.432836
503.1612903	1941.354839
525.78125	1940.40625
520.55	1942.25
559.5365854	1943.109756
565.875	1943.125
964.9677419	1944.870968
502.6363636	1946.090909
516.3947368	1948.131579
594.7894737	1948.526316
952.2941176	1948.5
843.1481481	1949.814815
909.8888889	1950.722222
838.15625	1950.625
835.2413793	1954.655172
840.3888889	1955.222222
981.5	1954.307692
846.3469388	1955.020408
963	1955.5
828.1777778	1958.888889
952.3181818	1959.886364
513.5185185	1964.222222
539.4444444	1962.911111
586.7	1963.466667
823.4556962	1961.936709
991.2439024	1963
518.0666667	1966.2
963.6056338	1968.704225
852.8536585	1969.02439
511.0444444	1973.733333
971.9019608	1972.921569
840.9772727	1975.204545
537.3571429	1975.785714
889.7368421	1977.131579
865.5833333	1979.458333
872.2560976	1979.817073
588.5	1980.380952
990.7272727	1980.454545
546.3333333	1983.083333
506.64	1985.2
542.3448276	1986
836.3289474	1984.907895
772.2222222	1985.111111
767.2307692	1987.846154
876.030303	1987.393939
922.6578947	1989.315789
530.3170732	1990.804878
860.6153846	1991.615385
864.3076923	1991.269231
920.6764706	1993.735294
947.8148148	1994.407407
852	1996.5
858.1315789	1997.078947
563.2	1998.457143
531.3333333	2001.906667
515.0714286	2004.428571
592.037037	2004.185185
919.744186	2004.44186
509.7297297	2008.297297
516.8913043	2009.326087
947.5	2012
555.625	2013.5
651.3584906	2014.433962
935.2571429	2015.2
552.55	2018.1
817.7096774	2017.83871
822.1290323	2020.322581
939.3809524	2021.152381
814.0727273	2023.618182
961	2021.5
955.3164557	2021.367089
495.3428571	2024.285714
819.1034483	2024.62069
964.6410256	2028.641026
959.5135135	2027.945946
876.75	2029.541667
881.4347826	2030.456522
937.06	2030
840.8888889	2031.185185
933.6470588	2033.411765
928.962963	2032.740741
526	2035.5
909.7346939	2034.285714
966.1296296	2035.777778
928.7560976	2038.231707
630.2692308	2039.730769
562.5	2042.714286
913	2042.821053
527.7777778	2048.537037
567.2183908	2053.333333
664.55	2053.1
894.4444444	2055.814815
494.0740741	2056.407407
910.4255319	2056.170213
531.2568807	2061.40367
864.6111111	2059.861111
537.1333333	2060.422222
823.5	2062
582.6363636	2063.836364
826.5740741	2069.111111
530.7878788	2070.727273
485.9090909	2075.909091
479.3	2086.266667
506.2682927	2088.195122
831.4888889	2088.088889
532.3846154	2089.230769
950.2380952	2093.547619
486.8591549	2094.549296
566	2095
484.6538462	2098.846154
528.1836735	2097.877551
478.3432836	2098.865672
548.2	2102
482.5641026	2104.410256
524.1470588	2104.823529
524.05	2109.675
519.4909091	2114.890909
527.4716981	2115.245283
523.5	2119.875
546.3125	2121.828125
551.1463415	2120
928.3823529	2120.294118
475.6315789	2122.473684
503.08	2123.8
566.2666667	2123.044444
951.68	2124.24
755.5625	2128
452.5333333	2127.133333
962.2380952	2126.785714
563.3396226	2128.018868
427.9047619	2129.309524
968.8965517	2134.275862
428.3793103	2137.241379
563.3958333	2138.916667
950.8518519	2138.777778
935.9069767	2138.627907
437.2424242	2139.575758
935.7209302	2144.348837
531.4146341	2144.804878
964.0285714	2145.728571
436.6153846	2146.435897
444.3924051	2144.594937
497.4	2147.5
566.6962963	2151.451852
569.8888889	2147.111111
744.6666667	2148.277778
558.2631579	2150.421053
536.25	2153.068182
554.9428571	2154.342857
862.8214286	2153.107143
574.4210526	2153.894737
931.35	2155.45
954.25	2155.363636
561.942029	2158.826087
924.5555556	2158.333333
443.2162162	2158.675676
469.3673469	2159.530612
481.1111111	2158.666667
488.3255814	2159.023256
541.8541667	2159.666667
450.8490566	2162.716981
435.2	2163.866667
896.8333333	2165.104167
890.4392523	2171.897196
899.5862069	2171.293103
451.824	2171.904
523	2171.5
543.5357143	2170.821429
883.4375	2172.640625
896.2380952	2176.333333
443.8333333	2175.055556
891.75	2177.375
501.5084746	2177.508475
541.78	2177.46
855.8636364	2178.818182
882.28	2180.82
969.2857143	2179.5
893.6190476	2181.349206
556.0945946	2182.148649
851.5135135	2182.189189
980.8095238	2185.142857
446.4782609	2185.913043
567.3333333	2187.481481
454.84375	2187.1875
421.7692308	2191.717949
446.3181818	2191.272727
455.2112676	2192.450704
572.6538462	2191.923077
886.9428571	2191.657143
434.4945055	2190.934066
409.0769231	2192.794872
478.8461538	2193.461538
437.4814815	2195.222222
431.5384615	2195.730769
458.2857143	2195.285714
459.0342466	2203.212329
495.5818182	2196.981818
433.1578947	2200.552632
507.0655738	2200.081967
516.0357143	2200.75
861.6666667	2201.111111
477.7213115	2202.295082
563.4545455	2200.545455
469.2439024	2202.536585
939.3650794	2205.825397
426.6666667	2205.933333
862.8444444	2206.977778
574.8297872	2207.93617
443.3684211	2208.736842
438.1052632	2211.947368
415.9473684	2210.842105
462.2173913	2211.391304
517.2467532	2210.25974
509.203125	2214.28125
521.2692308	2213.961538
460.6481481	2217.185185
931.8205128	2216.717949
937.5245902	2216.57377
468.8082192	2217.917808
857.5322581	2221.435484
920.1	2220
468.4285714	2224.428571
475.2903226	2223.645161
447.1486486	2230.743243
528.5740741	2238.388889
463.1428571	2240.22449
511.375	2241.8125
520.7647059	2242.941176
914.1772152	2244.974684
822.976	2243.784
503.7777778	2246.537037
525.1846154	2245.892308
473.8125	2247.5625
552.8823529	2249.955882
479.9047619	2249.809524
528.9230769	2253.019231
482.5531915	2255.361702
508.1086957	2254.413043
502.3333333	2257.592593
507.0606061	2259.969697
842.0793651	2258.84127
535.2790698	2259.906977
682.8857143	2260.371429
548.3962264	2264.132075
508.5882353	2266.176471
513.2142857	2265.267857
828.7142857	2268.595238
543.2758621	2268.62069
549.6111111	2270.222222
539.0606061	2273.575758
921.5	2275.727273
858.5106383	2291.06383
894.875	2293.166667
326.8965517	2322.931034
869.5	2328.975
313.9390244	2344.365854
851.3506494	2347.155844
383.6666667	2347.848485
903.4594595	2350.405405
867.9130435	2351.782609
916.5342466	2352.260274
851.7840909	2355.056818
917.4666667	2357.533333
410.7826087	2359.478261
920.6969697	2361.636364
913.7631579	2366.184211
872.0784314	2370.509804
923.875	2373.666667
382.6829268	2375.536585
872.8529412	2378.058824
879.9038462	2383.115385
406.5116279	2387.209302
408.4680851	2392.404255
396.6956522	2392.782609
390.1923077	2395.230769
383	2398
599.675	2398.2
868.8235294	2406.764706
415.5	2410
579.5	2411.214286
386.8888889	2415.481481
413	2421.264706
913.7727273	2422.272727
583.8928571	2422.75
394.5	2424.285714
569.962963	2424.981481
872.952381	2425.285714
894.744186	2426.209302
895.2941176	2431.294118
407.5483871	2432.290323
898.0547945	2436.013699
628.0714286	2436.190476
707.5	2438
557.7142857	2440.178571
921.6363636	2440.909091
894.3888889	2445.5
917.5875	2447.75
926	2449.5
604.7096774	2453.806452
753.0487805	2452.719512
619.0841122	2454.504673
591.625	2458.09375
598	2457.5
615.0208333	2460.458333
631.7567568	2459.972973
650.1649485	2461.639175
592.5	2462.5
581.7777778	2463.222222
895.9090909	2471.909091
741.8823529	2474
747.0882353	2475
740.6744186	2480.55814
768.6363636	2478.878788
885.7333333	2480.666667
658.9732143	2479.892857
665.3793103	2482.172414
760.8831169	2485.051948
660.5681818	2487.454545
769.5081967	2486.770492
651.9016393	2491.016393
775.826087	2492.043478
650.9583333	2496.958333
772.8421053	2496.210526
742.1111111	2495.666667
767.8461538	2497.538462
635.8965517	2501.965517
647.1886792	2501.754717
892.12	2501.04
563.27	2506.33
578.8536585	2507.414634
640.7894737	2509.631579
910.3157895	2510.263158
757.7735849	2514.886792
762.75	2517.354167
561.8	2517.38
890.68	2519.44
655.8235294	2522.882353
721.2380952	2522.619048
558.4230769	2524.307692
660.4	2524.133333
763.7291667	2536.958333
658.2	2538.333333
714.7777778	2541.977778
766.8928571	2541.714286
576.75	2546.25
615.125	2546.875
715.1744186	2550.255814
759.375	2550.25
626.4285714	2550.428571
889.173913	2553.23913
600.9090909	2554.022727
634	2553.5
686.1428571	2554.5
675.5	2556
592.95	2559.75
767.4107143	2558.75
655.9375	2561.5625
623.1058824	2562.694118
610.5789474	2563.342105
710.9859155	2565.633803
714.8148148	2564.814815
556.1176471	2569.411765
921.4594595	2567.702703
735.7	2571.3
539.6595745	2571.531915
611.1538462	2572.461538
730.2222222	2570.962963
922.5	2572.48
628.34375	2573.375
731.1923077	2574.923077
735.1764706	2577.264706
545.8846154	2577.346154
727.8571429	2580.428571
909.3214286	2582.482143
707.0142857	2582.914286
533.787234	2584.170213
563.7671233	2585.328767
708.75	2585.875
760.6607143	2584.767857
941.6571429	2586.614286
694.0892857	2589.660714
683.5769231	2594.115385
706.9324324	2594.324324
771.0204082	2598.265306
675.6744186	2603.72093
766.4285714	2612.857143
875.5	2613.192308
601.8888889	2619.444444
715.0357143	2620.25
607.6216216	2625.027027
689.3333333	2627.222222
670.5441176	2631.661765
883.9574468	2633.808511
708.0277778	2635.819444
888.516129	2636.903226
772.125	2639.71875
898.2272727	2642.227273
676.8823529	2653.294118
598.1086957	2661.152174
603.8378378	2663.405405
642.9285714	2663.767857
792.4594595	2664.216216
595.0217391	2666.934783
600.1428571	2669.309524
893.5636364	2670.672727
666.8461538	2670.807692
654.1818182	2684.090909
729	2686.266667
666.3921569	2708.54902
693.7	2710.066667
656.1730769	2711.673077
782.95	2711.65
781.2	2717.444444
664.1666667	2718.216667
733.625	2735.25
666.6	2744.314286
654.9375	2748.25
665.7462687	2755.597015
646.6527778	2758.486111
683.6153846	2759.538462
651.5	2766.148148
781.5833333	2766.25
772.5	2771.5
720.8214286	2778.357143
804.1395349	2784.581395
797.6666667	2786
803.7619048	2790.571429
670.5	2789.321429
670.547619	2798.880952
800.137931	2807.103448
695	2810.173913
785.2857143	2810.5
804.5757576	2812.151515
720	2815.285714
802.5185185	2820.777778
794.8076923	2818.474359
798.5	2831.403226
720.1538462	2835.5
805.1830986	2834.774648
802.4705882	2840.647059
806.6666667	2842.368421
798.2972973	2844.378378
793.6764706	2848.911765
798.0588235	2850.205882
778.9565217	2884.630435
841.2580645	2884.532258
842.8450704	2890.338028
801.0119048	2890.738095
806.45	2890.65
807.7118644	2894.711864
442.88	2898.52
803.1458333	2899.166667
785.2826087	2904.23913
780.0606061	2908.212121
785.8043478	2911.565217
461.4130435	2917.195652
444.9836066	2921.409836
462.3076923	2925.153846
822	2931.5
440.3846154	2931.846154
428.2702703	2934.27027
417.5625	2937.453125
431.872	2941.944
826.9777778	2942.322222
834.9512195	2944.109756
422.6222222	2947
834.7272727	2950.636364
471.754717	2952.358491
828.372093	2953.023256
832.5833333	2954.416667
458.8421053	2954.421053
474.875	2956.1875
415.075	2952.175
838.4242424	2955.59596
818.1515152	2955.818182
818.7954545	2962.954545
422.68	2962.32
834.6538462	2962.730769
414	2964.117647
408.3815789	2964.328947
419.4705882	2965.529412
847.0408163	2967.979592
423.625	2968.75
420.0689655	2971.413793
414.6111111	2970.972222
406.8518519	2973.740741
834.5	2973
425.5142857	2973.571429
427.4042553	2979.170213
837.6923077	2980.641026
756.5925926	2992.074074
778.7714286	2991.571429
791.7804878	2991.682927
428.744186	2993.186047
796.8125	2993.375
462.2156863	2998.098039
482.7142857	2997.464286
477.9534884	2999.651163
468.1578947	3004.157895
436.7021277	3005.978723
824.5846154	3005.523077
455.28	3008.04
811.4545455	3012.173554
433.3	3015.3
829.7	3014.5
408.8571429	3016.571429
802.0555556	3015.388889
828.8202247	3024.539326
405.1388889	3023
800.0208333	3022.770833
446.3125	3027.0625
438.5	3026.5
451.6046512	3028.046512
403.1935484	3034.677419
447.7333333	3036.6
419.234375	3038.28125
413.1521739	3042.956522
813.2285714	3048.771429
784	3050.410256
417.2692308	3054.961538
452	3054.5
795.1842105	3055.052632
470.7692308	3056.589744
817.3793103	3056
461.7619048	3056.428571
741.5	3064
456.2765957	3068.446809
809.3333333	3069.076923
380	3069.291139
429.5416667	3074.472222
433.5789474	3071.736842
452.4606742	3069
470.9491525	3072.966102
444.1886792	3074.226415
449.9285714	3076.178571
439.5555556	3077.222222
447.6333333	3081.483333
395.8787879	3081.939394
798.7538462	3082.861538
881.8382353	3085.132353
890.1529412	3088.458824
474.7014925	3090.537313
802.0555556	3090.925926
882.2413793	3091.775862
397.3333333	3092.458333
894.1142857	3090.228571
391.8888889	3093.611111
754.9305556	3096.666667
390.8	3099.5
444.2	3098.04
883.15625	3099.296875
382.6363636	3100.363636
447.575	3102.725
830.5	3102.705882
410	3103
775.8888889	3103.333333
901.2622951	3102.540984
768.5294118	3107.441176
413.7377049	3108.868852
753	3109.846154
410.5277778	3112.916667
406.2162162	3113.405405
450.0980392	3112.607843
867.7878788	3114.909091
458.78	3117.18
881.1481481	3115.481481
449.046875	3120.171875
783.1917808	3118.753425
921.8194444	3118.930556
437.6291391	3122.417219
455.625	3119.125
475.55	3120.75
790.4651163	3121.093023
456.0588235	3122.941176
863.7647059	3121.823529
453.4137931	3125.793103
470.7931034	3123.862069
483.3285714	3123.142857
472.1538462	3127.807692
477.6315789	3127.526316
445.2272727	3127.636364
474.2307692	3130.923077
857.2571429	3128.271429
430.68	3130.74
435.6875	3131.5625
835.6956522	3135.130435
782.0606061	3137.060606
860.3333333	3139.175439
800.1764706	3140.215686
604.3793103	3139.827586
609	3141.964286
737.7096774	3145.258065
809.9259259	3145.407407
838.9056604	3143.716981
605.9043478	3146.869565
886	3147.964286
877.6126126	3149.225225
738.5454545	3154.4
423.6666667	3153.466667
888.5925926	3153.259259
883.5806452	3155.677419
427.15	3155.7
735.3529412	3152.705882
784.5483871	3156.806452
926.4528302	3156.90566
724.625	3158
770.1048951	3162.447552
802.3636364	3162.454545
812.0576923	3161.961538
429	3162.756098
906.4464286	3163.875
863.7802198	3167.659341
738.7647059	3170.333333
844.75	3169.9
838.8636364	3171.159091
900.82	3173.7
922.7272727	3172.659091
711.3392857	3175.803571
920.2823529	3177.435294
930.1860465	3175.697674
761.2285714	3177.371429
778.3773585	3176.90566
929.6666667	3180.3
743.9180328	3178.254098
722.220339	3180.067797
756.4655172	3182.034483
834.1333333	3179.433333
830.5333333	3183.733333
896.4615385	3183.846154
826.5833333	3185.444444
934.6969697	3184.909091
938.9444444	3185.833333
896.5757576	3190.060606
925.8181818	3196.672727
931.8928571	3198.678571
823.75	3199.75
755.5	3201.285714
729.2909091	3202.4
809.3833333	3203.266667
722.6091954	3202.954023
728.1111111	3208.333333
806.5357143	3211.732143
724.5	3213.653846
900.0230769	3214.515385
871.5789474	3216.894737
898.9230769	3220.346154
763.0434783	3220.086957
905.245614	3221.087719
891.8196721	3219.180328
795.2	3224.84
800.3333333	3225.809524
900.4107143	3226.839286
800.9318182	3234.340909
864.5	3234.5
716.1351351	3241.972973
772.6129032	3241.758065
815.3333333	3242.8
829.2424242	3243.636364
836.122449	3246.081633
815.1578947	3248.789474
787.8653846	3253.865385
845.7857143	3253.880952
725.5	3270.5
827	3280.333333
860.2222222	3280.933333
811.027027	3299.756757
817.5294118	3303.588235
723.3488372	3305.44186
807.9230769	3306.525641
771.1666667	3307.5
779.3448276	3316.241379
554.44	3318.2
531.0909091	3319.090909
746.6904762	3318.666667
793	3318.5
544.2358491	3319.943396
771.8493151	3320.123288
781.8292683	3321.414634
732.030303	3321.757576
730.4659091	3325.863636
732.4285714	3330.166667
783.1276596	3329.117021
868.0430108	3333.16129
554.6666667	3336.541667
783.5555556	3337.888889
595.3846154	3340.25
550.2711864	3342.59322
556.8214286	3342.821429
710.6808511	3344.085106
781.483871	3344.258065
507.9705882	3345.470588
559.1666667	3349.121212
787.0877193	3353.877193
569.2804878	3354.219512
548.6909091	3354.690909
564.5416667	3357.333333
736.2711864	3358.423729
568.0263158	3361.421053
776.7411765	3359.341176
548.5932203	3362.101695
778.1212121	3366.30303
772.1403509	3365.964912
556.4680851	3366.489362
561.85	3367.45
558.71875	3372
563.7638889	3374.75
717.75	3372.931818
591.7735849	3379.716981
746.6521739	3379.804348
734.7894737	3381.789474
523.4888889	3385.2
559.5714286	3387.285714
521.027027	3389.864865
565.3548387	3388.483871
516.6153846	3391.615385
508.4	3391.96
578.5	3393.714286
752.5581395	3394.813953
548.6428571	3397.404762
493.942029	3406
522.1206897	3414.637931
746.5	3415.411765
537.7027027	3421.081081
585.7407407	3425.407407
537.4418605	3427.348837
743.9814815	3431.981481
577.4886364	3447.125
742.2222222	3452.666667
561.8666667	3462.933333
748	3466
708.0277778	3466.472222
555.5517241	3468.965517
733	3471
712.5	3471.264706
707.4444444	3472.388889
505.7575758	3476.424242
714.6785714	3477.625
743.0967742	3476.967742
538.3214286	3481.107143
707.2527473	3481.703297
531.2580645	3485.354839
520.2653061	3487.285714
739.5	3490
523.3714286	3493.4
511.3636364	3496.090909
539.6097561	3496.414634
516.56	3497.08
718.6551724	3496.275862
749.5	3497.222222
530	3499.5
714.2413793	3500.310345
735.2083333	3501.083333
728.7560976	3502.926829
713.1470588	3506.882353
757.3506494	3506.506494
740.3164557	3506.240506
748.9454545	3508.727273
741.3222222	3515.155556
749.0967742	3514.935484
757.0196078	3513.607843
710.9032258	3514.822581
716.3095238	3518.333333
722.5	3517.066667
746.2272727	3520.727273
706.4719101	3523.089888
718.1428571	3523.071429
749.4173913	3528.886957
701.4756098	3529.231707
712.902439	3529.487805
708.8	3533.942857
742.6857143	3531.857143
733.1470588	3534.352941
745.4285714	3536.190476
749.3653846	3541.673077
704.122449	3550.102041
753.1428571	3551.071429
720.173913	3558
517.0769231	3631.615385
521.3448276	3638.137931
528.0222222	3647.266667
525.7142857	3654.47619
834.4242424	3660.424242
515.4285714	3661.22449
532.2702703	3664.837838
529.15	3671.4
517.9545455	3673.431818
532.6666667	3676.888889
831.2407407	3681.759259
859.6041667	3691.145833
847.2526316	3696.568421
547.2352941	3697.117647
823.75	3700.285714
541.9285714	3705.190476
525.75	3707.681818
838.6666667	3709.54902
826	3719
843.2307692	3720.692308
782.0517241	3726.672414
777.9230769	3731.051282
848.2352941	3729.617647
547	3731.5
562.4193548	3735.322581
554.8181818	3738.818182
543.8433735	3741.506024
713	3771.5
568.7313433	3786
711.8333333	3793.439394
807.7752809	3804.426966
746.8695652	3806.26087
559.244898	3806.591837
768.2972973	3810.891892
582.75	3818.388889
776.6666667	3817.822222
563.3880597	3821.522388
672.1818182	3825.348485
690.3448276	3825.034483
731.1086957	3825.369565
580.6530612	3826.897959
576.8253968	3832.269841
656.3023256	3834.860465
695.8717949	3837.910256
706.859375	3837.640625
686.7073171	3841.097561
701.9375	3842.875
709.1578947	3843.894737
704.5	3844.625
692.452381	3845.333333
758.686747	3842.843373
688.8181818	3847.727273
686.5584416	3851.545455
747.0681818	3849
674.862069	3849.689655
790.8653846	3850.615385
681.4594595	3852.567568
752.5	3859.5
789.1428571	3858.035714
715.5	3860.875
707.9090909	3864.909091
482.675	3866.975
723.0666667	3870.733333
764.6034483	3873.086207
764.4183673	3879.979592
774.1086957	3877.521739
760.2758621	3877.103448
773.2898551	3884.086957
654	3883.5
763.9130435	3885.956522
774.6415094	3889.716981
766.2666667	3889.166667
591.4375	3887.625
732.4262295	3885.409836
734.1724138	3891.103448
750.4193548	3897.451613
730.7692308	3900.230769
628.6363636	3901.727273
648.5357143	3904.642857
787.9677419	3904.483871
760.9148936	3906.297872
585.6097561	3907.04878
771.5254237	3911.20339
696.1447368	3913.684211
702	3912.8
775.4074074	3916.740741
768.5909091	3917.045455
650.8888889	3918.916667
766.1057692	3923.884615
772.8235294	3920.411765
783.0571429	3922.428571
652.2058824	3924.441176
669.5454545	3920.727273
666.1578947	3924.368421
773.7	3924.96
673.1111111	3926.044444
708.9818182	3924.945455
680.8823529	3929.147059
686.5	3929.5
788.9189189	3929.432432
546.3137255	3930.490196
763.4666667	3931.866667
789.9830508	3936.966102
669.8	3935
782.7924528	3934.773585
768.5	3937.4
740.2272727	3938.227273
782.6153846	3942.384615
572.8	3959.566667
633.4117647	3959.617647
807.6851852	3961.62963
743.5892857	3963.589286
814.8727273	3969.4
680.8461538	3972.461538
565.7575758	3984.393939
739.75	3984.75
706.3684211	3985.868421
701.3333333	3985.825397
770.5789474	3987.421053
785	3987.5
545.3777778	3987.688889
539.7727273	3990.409091
546.826087	3994.478261
680.8139535	3995.023256
784.8611111	3996.486111
562.4716981	3996.716981
723.875	3996.875
558.1086957	3999.217391
709.375	4001.625
713.8550725	4001.623188
710.0714286	4008.071429
779.2444444	4008.133333
786.4897959	4009.122449
779.875	4013.9
788.7307692	4013.961538
571.5	4016.5
780.1111111	4017.555556
544.8863636	4018.795455
785.5333333	4019.766667
787.9130435	4025.26087
777.6153846	4024.230769
680	4025.333333
690.0833333	4026.833333
771.8	4026.615385
763.8888889	4028.722222
696.05	4029.6
736.0434783	4030.391304
543.2666667	4033.133333
585.1818182	4033.181818
540.1071429	4036.214286
723.8125	4035.6875
779.1333333	4039.975758
554.3452381	4038.285714
563.2857143	4043.5
686.5	4042.5
786.325	4044.125
740.09375	4044.96875
791	4047.206897
733.5178571	4049.25
770.1568627	4047.980392
538.7538462	4049.015385
740.9016393	4051.393443
562.9411765	4056.45098
764.7894737	4055.368421
539.9102564	4059.25641
533.5416667	4059.53125
790.2195122	4060.146341
762.7794118	4061.073529
543.7368421	4065.157895
747.2666667	4067.666667
744.8125	4074.5
758.0363636	4085.909091
763.1964286	4090.446429
751.7241379	4098.793103
742.1428571	4109.035714
749.8414634	4113.981707
737.1869919	4117.00813
741.8333333	4120.833333
745.8666667	4120.333333
748.0454545	4124.568182
741.4193548	4126.516129
694.3773585	4128.924528
694.5625	4134.75
709.8253968	4137.412698
507.5	4142.5
704.6075949	4149.708861
741.2439024	4164.121951
737.3846154	4169.487179
696.4074074	4170.074074
683	4178.115385
728.2790698	4177.744186
699.7	4190.6
673.1186441	4209.372881
679.5813953	4216.255814
671.3666667	4226.366667
419.5	4228.2
696.2777778	4229.888889
708.7878788	4231.69697
681.7333333	4235.533333
710.7358491	4236.490566
699.3170732	4243.146341
633.3958333	4244.916667
703.1818182	4247.409091
639.3962264	4249.603774
705.6363636	4249.5
709.90625	4251.703125
625.4	4253.42
700.0952381	4253.952381
706.4411765	4257.294118
628.5185185	4259.518519
708.2105263	4262.684211
687.6	4264.916667
696.3793103	4264.448276
701	4265.861538
693.0930233	4269.418605
614.1	4268.8
642.5714286	4269.619048
637.1071429	4270.071429
633.7333333	4273.133333
626.297619	4273.833333
628.1470588	4282.058824
594.6938776	4283.22449
663.25	4283.269231
668.6585366	4285.926829
668.3	4290.1
650.1388889	4302.5
583.0416667	4303.166667
576.9	4306.966667
562.44	4316.8
567.8571429	4316.357143
583.8235294	4318.647059
607.3823529	4321.911765
708.4324324	4322.054054
564.425	4324.175
593.4871795	4326.974359
602.046875	4328.21875
594.4516129	4336.709677
660.2	4336.955556
510.3809524	4336.444444
520.106383	4337.510638
515.4444444	4340.111111
564.5	4339.294118
677.5679012	4343.358025
535.5714286	4346.857143
671.8	4348.5
566.6078431	4354.156863
517.6190476	4358.650794
597.0918367	4358.673469
532.6153846	4366.538462
558.53125	4370.65625
544.6666667	4376.277778
559.125	4380.078125
613.425	4378.95
617.8947368	4382.315789
612.6341463	4385.463415
586.25	4384.722222
581.0714286	4386.595238
643.902439	4386
579.3636364	4391.848485
605.2142857	4392.5
665.2972973	4392.432432
544.5	4398.552632
601.0967742	4399.387097
606.2372881	4399.677966
609.4576271	4404.389831
589.1395349	4408.744186
616.0666667	4408.933333
597.464	4411.28
655.826087	4424.869565
640.8026316	4424.960526
644.84	4430.28
658.7258065	4431.145161
674.52	4431.2
618.5	4432.3
668.9615385	4432.384615
587.75	4434.125
636.0729167	4434.958333
581.5555556	4436.722222
672.1851852	4446.740741
597.5333333	4450.6
683.2083333	4452.458333
524	4459.5
550.85	4462.433333
595.6428571	4464.214286
555.9666667	4465.8
551.3076923	4468.384615
547.4285714	4474.666667
633.4137931	4477.586207
610.1269841	4480.952381
619.5	4486
592.0731707	4496.658537
618.3870968	4498.129032
618.5	4504.125
597.9850746	4503.552239
629.5641026	4505.25641
636.5	4507.108696
626.2105263	4508.947368
634.6153846	4513.358974
626.6530612	4514.938776
631.0833333	4513.583333
578.7209302	4525.046512
610.4941176	4524.776471
512.4545455	4528.454545
591.1454545	4528.018182
424.8461538	4531.115385
547.0666667	4534.733333
610.1016949	4535.915254
554.4230769	4536.634615
614.5	4540.083333
549.483871	4545.064516
556.3235294	4548.588235
563.2702703	4550.810811
584.9552239	4548.791045
540.35	4551.35
558.9	4552.7
554.3529412	4555.088235
569.3802817	4555.267606
574.5555556	4555.388889
574.5263158	4559.078947
577.5	4560.541667
581.6666667	4562.769231
510.02	4561.96
516.4029851	4562.597015
512.5714286	4567.404762
598.5405405	4575.810811
573.6455696	4579.860759
592.3490566	4580.207547
514.25	4582.25
576.8695652	4587.188406
588.5135135	4588.081081
571.2666667	4593.333333
566.5	4595.5
546.4166667	4595.75
578.8297872	4598.404255
598.752809	4600.348315
537.6811594	4602.188406
592.2622951	4630.081967
570.5555556	4631.911111
579.9767442	4636.418605
517.516129	4639.258065
522.0588235	4638.205882
508.4230769	4650.096154
603.5	4653
504.4285714	4658.311688
539.2631579	4663.921053
480.95	4668.825
534.4666667	4678.866667
571.8181818	4686.272727
549.4864865	4686.878378
546.75	4697.681818
538.0816327	4702.938776
539.4615385	4708.846154
531.2261905	4710.047619
532.275	4731.7
383.75	4733.6
498.6666667	4814.5
453.6	4828.2
484.3333333	4845.365079
479	4844.678571
452.225	4846.075
479.5	4850
468.3846154	4849.461538
498.1388889	4852.472222
475.137931	4853.655172
470.3448276	4854.724138
494.92	4856.64
475.4	4864.061538
481.7368421	4868.736842
486.875	4870.25
485.7692308	4884.179487
479.4830508	4879.923729
472.9302326	4885.744186
480.3181818	4888.545455
477.8157895	4891.763158
