X	Y
0	0
0	6000
6000	0
6000	6000
447.25	224.75
417.8939394	242.1060606
453	242.4666667
523.9285714	245.5857143
467.5223881	247.5522388
477.65625	246.78125
457.4545455	249.7878788
414.55	252.15
512.7727273	253.7878788
433.1052632	255.3947368
518.6666667	255.4444444
453.6056338	256.8591549
462.6276596	258.4255319
478.2413793	256.4310345
442.9354839	260.6451613
507.5230769	261.4307692
515.1509434	261.754717
422	262
522.1075269	263.8924731
435.8	264.7692308
415.9047619	263.1746032
478.8378378	266.1621622
417.6904762	268.9047619
498	270.6470588
490.9571429	273.5142857
414.7692308	274.7884615
421.5428571	274.2857143
468.1408451	272.5352113
428.3428571	275.5428571
406.9285714	275.8571429
447.4536082	276.4845361
520.0491803	275.704918
496.4821429	278.875
419.2926829	280.3902439
385.8823529	282.5
510.6461538	281.8769231
408.9830508	282.0847458
440.6428571	284.4761905
498.7272727	285
532.90625	285.25
412.6585366	286.1585366
475.2666667	285.9333333
373.5555556	286.6666667
398	289
508.9259259	288.5555556
462.22	289.96
453.92	291.66
526.2352941	290.745098
477.6483516	293.6483516
502.2545455	292.3818182
507.5172414	294.4827586
487.6	295.6
528.5909091	297.3181818
502.0526316	298.4736842
509.1304348	298.5217391
494.7922078	298.5844156
471.9324324	302.0135135
500.5	304.9814815
508.8050847	308.8050847
479.1111111	308.1481481
495.1588785	310
533.1818182	311.1414141
467.42	314.82
449	316.2
463	315
463.8225806	320.6290323
420.3589744	319.1025641
496.5967742	320.8064516
536.4347826	323.9565217
430.08	325.2
530.8245614	326.1578947
418.875	328.875
423.5277778	329.0277778
559.6071429	329.1785714
450	329.5125
553.547619	334.8690476
475.5	336.5
469.2380952	337.6666667
404.8666667	341.5333333
484.9130435	344.1304348
472.9772727	345.2272727
390.0869565	347.7826087
538.5862069	351.0344828
430.2666667	353.3333333
398.8611111	355.3888889
501.65625	354.71875
555.8	355.3142857
406.3571429	355.3571429
403.6756757	359.4864865
490.2307692	360.1538462
539.1904762	361.984127
440.4074074	363.9259259
555.6666667	368.0980392
470	371.5
403.6666667	376.2
572.5526316	382.3947368
570.5625	387.9375
438.7638889	388.9861111
410.3333333	389.5555556
490.6338028	393.056338
526.5714286	395.5535714
496.2708333	396.2291667
447.0172414	397.3793103
553.6857143	398.1714286
541.4782609	399.326087
455.92	399.44
461.375	401.6041667
437.3448276	405.0344828
520.3225806	403.9032258
471.1818182	406.4545455
523.8513514	411.1216216
547.0526316	408.7894737
442.5	412
467.25	411.9166667
554.2459016	412.4754098
475.1794872	413.6923077
546.1034483	415.3965517
497.8545455	414.9818182
453.9148936	418.8723404
472.6716418	421.7014925
503.4090909	425.2159091
534.0666667	425.3333333
497.6956522	427.5
509.2222222	426.5185185
553.3692308	435.9
465.125	436.3125
541.0677966	437.4745763
514.6842105	437.0657895
471.5882353	440.3235294
519.6904762	443.1904762
525.475	445.85
533.6354167	446.5
660.3368421	496.3578947
668.4029851	496.7164179
705.4444444	512.3333333
630.6774194	522.5645161
720.3157895	523.0263158
737.9268293	523.1707317
710.0638298	525.893617
728.0230769	525.7
651.8837209	526.8837209
691.5	526.7142857
681.442623	528
670.8695652	529.5217391
716.4117647	531.5
660.7087379	531.6213592
740.0357143	532.5714286
693.82	532.82
726.5652174	533.5869565
733.3333333	533.0740741
751.3	534.1666667
658.6190476	536.452381
688.3666667	535.6333333
720.6666667	538.1111111
675.0377358	540
768.0294118	539.6176471
654.5319149	540.4893617
683.4722222	541.8888889
699.6666667	542.0888889
728.4666667	542.3333333
646.9213483	542.3820225
712.8571429	543.5714286
810.875	544.5
679.3333333	545.8
700.9512195	548.5365854
806.6842105	551.5
654.0416667	555.1875
722.5806452	553.9677419
671.9404762	553.4761905
737.6086957	555.2608696
702.2534247	558.8767123
748.7806452	559.5677419
801.74	557.6
741.1842105	560.3684211
666.4625	558.975
811.4385965	559.754386
821.2077922	561.6103896
690.7341772	564.1898734
815.1132075	564.7924528
899.5853659	566.1707317
704.3559322	566.4915254
810	570
843.7894737	569.8157895
874.94	570.88
868.2366412	577.259542
672.1785714	578.0357143
712.9038462	577.9038462
722.1708861	584.9620253
868.65	584.1
731.1492537	586.1791045
724.9090909	595.2454545
892.14	588.38
663.5446429	589.875
788.3521127	591.1690141
711.3186813	591.4395604
737.0147059	594.9191176
885.4310345	591.9482759
694.7729084	596.7569721
702.175	594.875
913.2619048	594.3571429
905.1939394	595.0060606
688.1076923	593.2307692
731	597.3571429
845.9130435	597.6304348
674.2650602	598.3855422
915.9122807	600.6140351
765.2916667	602
864.975	602.325
849.3369565	604.1413043
901.9772727	604.5340909
835.5	604.5
892.7435897	605.1025641
916.7096774	607.1935484
841.6315789	609.2105263
898.9565217	610.8695652
791.2857143	613.1142857
870.5	610.2272727
866.968254	615.968254
687.4705882	617.5294118
774.6938776	617.0612245
699.030303	616.0707071
935.4137931	619.5172414
705.7375	621.3375
883.7777778	620.9444444
940.862069	621.6724138
768.8	621.7
840.1587302	622.4761905
885.3333333	624.5833333
724.1428571	626.7619048
873.2985075	625.3432836
888.1875	626.3125
760.6909091	625.9272727
839.4318182	628.4545455
783.2258065	627.1505376
713.7192982	630.4561404
746.8034188	629.7863248
884.1176471	633.4705882
956.253012	633.5783133
755.5263158	634.9210526
737.2839506	637.3703704
748.1176471	638.25
743.40625	641.46875
940.556391	639.0451128
845.4117647	643.8823529
951.0294118	643.6176471
963.5365854	643.097561
940.3846154	647.0549451
850.1428571	645.3571429
791.2894737	654.7631579
955.4507042	654.2957746
799.125	656.225
852.75	659.55
873.983871	660.1290323
932.5294118	659.7352941
761.5714286	663.75
973	665.3214286
846.7384615	664.4615385
940.4821429	666.4821429
819.3	668.85
851.9333333	668.2444444
824.962963	669.9814815
870.75	670.8
873.8888889	669.6666667
796.8285714	670.9714286
847.5522388	673.4776119
882.8194444	672.9722222
847.2	675.9
857.2380952	673.4603175
837.8	676
851.2380952	678.5714286
863.1538462	677.8461538
802.7142857	678.8571429
924.9382716	678.4197531
795.75	680.4166667
889.4375	681.1875
849.2692308	682.3461538
859.6349206	682.1587302
924.2285714	684
827.0882353	683.5147059
855.5675676	685
896.875	684.625
878.6491228	684.3157895
884.8181818	685.7727273
851.6888889	688.0222222
865.2619048	687.0714286
808.1111111	687.8148148
883.4137931	689.6896552
932.5714286	688.2857143
882.8032787	693.5409836
950.0882353	693.5882353
933.1272727	696.5272727
987.8769231	697.2461538
887.0458554	713.5608466
994.7333333	698.6666667
889.3103448	697.9827586
1004.085714	699.4571429
875	700.05
895.1351351	700.1891892
935.0684932	702.630137
971.0625	702.09375
844.4545455	702.8636364
899.8888889	701.1111111
981.2941176	701.3823529
993.6363636	702.4090909
862.5833333	704.25
874.9047619	706.2142857
923.1578947	705.0526316
959.1081081	704.7027027
978.2173913	704.8695652
851.1034483	706.9310345
901.6346154	706.8653846
984.5797101	707.2028986
998.6222222	707.6888889
992.7142857	707.5142857
976.0571429	709.2857143
857.8545455	710.6181818
863.5555556	710.1666667
912.8461538	711
965.3367347	713.5
969.9705882	711.4411765
936.7142857	714.2285714
989.0181818	712.9272727
984.8275862	718.1034483
853.6198347	719.5702479
933.5	719
875.1020408	718.9387755
892.9333333	720.3333333
857.34375	724
864.2820513	718.3589744
875.7179487	724.1538462
925.7352941	723.5882353
931.8684211	725.5
865.0526316	726.3157895
871.4224138	727.6896552
853.2	729.24
861.9512195	729.4878049
966.5789474	730.0526316
971.6285714	729.8857143
879.92	731.24
883.4166667	735.4166667
889.6521739	739.6086957
902.7764706	743.3058824
878.6153846	750.6153846
909.2285714	750.4428571
897.2142857	752.3809524
814.0238095	754.4761905
961	755.0666667
903.975	756.8
913.1764706	760.5294118
897	758.6363636
909.7272727	765.9393939
853.6086957	766.2608696
904.3611111	765.3611111
839.7123288	773.4246575
847.0588235	772.3529412
834.9285714	774.9285714
853.5102041	776.5306122
849.4237288	780.9661017
842.6689655	784.4689655
846.6	794.75
828.2682927	799.3414634
840.74	800.2
827	805.6470588
893.98	824.62
877.3571429	833.0714286
856.8157895	836.8421053
866.6285714	840.7714286
863.9791667	846.3541667
889.2650602	844.1566265
891.9166667	850.2777778
886.4727273	853.4
881.5714286	858.3015873
835.0833333	865.1666667
882.0675676	867.3108108
831.7777778	870.7407407
888.08	868.8
887.1666667	873.2592593
891.9354839	880.9435484
898.9464286	884.5714286
973.9761905	886.4285714
966.6666667	889.0185185
858.9259259	891.4074074
865.7058824	893.5588235
871.5070423	898.4788732
866	907.2
861.0833333	907.6666667
874.82	908.14
840.3	908.5
835.4918033	914
953.2608696	921.076087
832.4318182	921.5227273
839.7916667	918.5277778
846.030303	919.5757576
868.7272727	922.1818182
840.4358974	925.9230769
845.953125	928.171875
833.0930233	927.8604651
869.9259259	928.5555556
990.3939394	929.5151515
995.2	935.9166667
901.2711864	936.3389831
1014.688889	936.5777778
862.2985075	939.2238806
856.6206897	940.2068966
843.8333333	943.0208333
849.4242424	944.4545455
860.0958904	946.4383562
807.5641026	953.0769231
855.1388889	956.3888889
835.5	958
856.972973	966.4594595
673.4754098	1037.377049
720.0652174	1039.521739
712.075	1039.6625
736.2051282	1043.192308
664.3333333	1045.733333
742.75	1047.208333
724.0086207	1058.827586
731.5862069	1060.551724
759.1428571	1073.122449
755.2162162	1075.702703
633.25	1077.25
683.5	1076.727273
658.3333333	1081.266667
756.5	1081.5
752.1428571	1082.5
621.3333333	1086.066667
611.5	1088.5
754.3518519	1089.648148
744.5106383	1087.042553
742.6455696	1093.075949
732.9591837	1090.755102
749.6875	1091.59375
689.5185185	1093.555556
726.6190476	1097.238095
735.2545455	1096.727273
653.3095238	1098.119048
739.6603774	1101.415094
626.2	1099.5
743.375	1100.75
731.7142857	1103.666667
659.0882353	1103.411765
662.9	1107
746.2307692	1107.384615
688.1428571	1108.535714
672.1052632	1108.157895
657.3134328	1110.701493
672.95	1114.1
754.3809524	1115.52381
635.5	1115.8
644.2	1117.64
657.7625	1118.1625
685.25	1118.333333
736.4444444	1117.592593
669.4871795	1120.794872
745.6153846	1121.435897
669.5	1130
685.3	1130.3
690.3461538	1131.346154
697.8823529	1131.588235
606.1724138	1132.103448
660.0697674	1132.139535
614.7922078	1137
755.2894737	1137.447368
723.5	1139.5
634.1796407	1144
646.2349727	1140.076503
639.5084746	1151.254237
645.0344828	1149.206897
845.02	1146.38
623.1190476	1148.857143
678.1666667	1148.5
628.125	1152.875
853.4166667	1154.75
835.8367347	1156.163265
841.0588235	1155.647059
624.027027	1157.378378
848.5555556	1155.972222
863.4117647	1158.117647
591	1159.361111
630.1944444	1158.694444
640.5	1159.5
853.3777778	1160.6
797.6956522	1162.086957
622.3461538	1162.576923
836.1578947	1163.157895
618.362069	1166.568966
576.2727273	1168.5
631.4680851	1172.489362
798.6190476	1172.904762
693	1177
889.6904762	1180.833333
796.9130435	1180.23913
865.2432432	1183.378378
883.4333333	1182.833333
796.375	1185.78125
809.0540541	1184.216216
774.6	1186.96
829.7960526	1190.526316
773.1666667	1192.444444
855.92	1193.44
833.625	1195.84375
796.1666667	1194.702381
801.4375	1196.770833
829.5641026	1199.74359
691.8181818	1198.836364
798.7692308	1203.615385
859.3417722	1202.379747
868.0526316	1205.881579
850.3333333	1208.873016
795.5	1209.315789
873.7058824	1213.094118
893.1666667	1209.333333
889.1818182	1213.469697
898.5	1213.5
803.875	1214.275
836.8529412	1214.617647
668.6792453	1216.415094
783.8	1217
852.7307692	1218.038462
614.9846154	1217.830769
622.2777778	1218.027778
628.6190476	1218.333333
864.475	1219.3
625.5185185	1222.333333
777.4137931	1220.724138
825.7083333	1220.5625
978.8378378	1224.621622
664.4651163	1228.744186
918.5625	1227.65625
789.8235294	1228.970588
919.9924812	1232.473684
814.2253521	1230.126761
992.5517241	1232.275862
660.030303	1233.818182
863.1142857	1237.085714
935.5416667	1237.020833
856.6052632	1238.605263
618.6268657	1240.059701
628.452381	1240.928571
824.9347826	1241.782609
689.4137931	1243.862069
624.3636364	1244.545455
951.4880952	1244.488095
642.5882353	1246.117647
653.2631579	1245.631579
684.173913	1246
822.8235294	1246.529412
942.76	1246.08
926.8863636	1247.113636
949.5483871	1250.387097
909.2222222	1247.074074
657.8478261	1250.478261
829.5853659	1252.813008
905.1111111	1250.518519
912.8440367	1252.376147
938.175	1251.3125
620.5263158	1253.04386
635.5428571	1252.2
822.8181818	1254.090909
968.7692308	1252.153846
926.0952381	1254.111111
944.8392857	1256.142857
628.4929577	1255.760563
639.3	1255.7
614.1333333	1257.5
646.8352941	1257.505882
936.8125	1257.34375
640.3846154	1259.153846
660.34375	1258.625
886	1259.5
824.8	1263.375
608.0294118	1263.264706
641.3611111	1263.694444
918.96	1264.6
977	1269.5
891.1707317	1272.170732
836.7317073	1273.121951
883.65625	1272.9375
816.4516129	1278.741935
878.3375	1277.7875
893.5	1279.328125
927.2195122	1280.073171
961.3529412	1279.088235
875.03125	1282.59375
840.5897436	1283.512821
932.328125	1284.109375
966.2	1284.270588
931.8571429	1289.904762
976.4210526	1289.105263
838	1288.588235
926.7317073	1291.219512
966.8	1290.828571
958.9139785	1294.215054
971.75	1290.611111
840.0752688	1296.172043
933.7341772	1296.379747
887.3461538	1296.153846
973.7321429	1294.839286
830.45	1297.3
894.5	1297.5
910.2575758	1296.348485
924.56	1296.98
964.2619048	1298.761905
978.4680851	1298.893617
949.8987342	1299.734177
971.1685393	1303.449438
877.75	1300.625
925.3846154	1302.974359
912.3208955	1308.037313
917.6153846	1305.205128
829.952381	1307.333333
882.8518519	1306.814815
860.8	1308.52
905.1975309	1307.54321
988.6190476	1307.809524
866.6666667	1309.952381
923.40625	1309.875
929.0714286	1312.904762
918.7647059	1313.823529
966.0609756	1312.353659
816.5	1315.5
846.4385965	1316.140351
879.6470588	1317.705882
830	1319
926.0952381	1319.761905
848.2121212	1321.484848
834	1322
841.52	1323.04
851.6	1329.171429
870.7378641	1331.019417
924.0169492	1333.372881
920.137931	1337.241379
845.9756098	1338.878049
855.8387097	1340.225806
862.5416667	1341.25
939.8611111	1340.888889
974.3513514	1343.216216
879.9264706	1343.514706
886.875	1346
937.3421053	1345.578947
865.3421053	1349.657895
888	1350.692308
934.0344828	1352.396552
941.8256881	1353.779817
949.6363636	1354.909091
969	1354.62069
912.32	1354.86
985.5142857	1356.428571
927.5890411	1357.835616
834.625	1360.083333
953.5	1359.479167
885.625	1360.863636
939.9270833	1364.333333
899.5384615	1363.846154
977.6971831	1363.880282
985.35	1362.85
989.6129032	1362.193548
872.673913	1365.26087
952.6	1367.066667
990.275	1367.825
883.8846154	1371
980.3809524	1372.690476
986.1162791	1371.930233
959.1369863	1370.890411
966.2134831	1373.179775
992.75	1371.833333
894.35	1374.583333
949.5507246	1373.797101
990.4634146	1376.756098
903.3333333	1379.25
953.6891892	1379.810811
982.7916667	1379.104167
959.56	1381.64
961.5789474	1378.578947
964.7674419	1382.930233
955.7272727	1385.181818
895.7021277	1387.574468
958.3137255	1388.960784
740.65	1391.25
952.1454545	1392.636364
880.525	1395.65
925.9574468	1395.042553
742.9166667	1397.333333
869.5555556	1399.407407
748.5925926	1399.444444
918.5	1399.678571
929.6944444	1400.083333
741	1403.360656
935.4347826	1402.369565
765	1405.291667
883	1405
953.1454545	1405.745455
739.7647059	1409
923.8108108	1406.648649
929.627451	1406.647059
877.5	1407.916667
733	1408.823529
934.7857143	1413.214286
728.7706422	1413.889908
736.7924528	1418.396226
742.018018	1418.837838
758.1333333	1421.633333
887.4324324	1422.675676
893.28	1423.4
905.4133333	1423.92
952.3392857	1423.464286
747.2340426	1423.446809
741.5357143	1427.321429
753.1666667	1427.5
745.1176471	1432.794118
923.8222222	1430.4
895.5128205	1431.410256
964.4615385	1436.846154
746.5348837	1441.093023
964.5	1441
908.8030303	1445.439394
824.6226415	1586.924528
975	1590.807692
960.9038462	1603.211538
955.4705882	1607.264706
842.875	1608.875
959.3684211	1610.710526
829.5909091	1610.045455
844.0714286	1615.142857
831	1616.04878
1003.622222	1615.266667
810.3076923	1617
998.325	1617.4
984.1358025	1621.148148
842.8125	1622.291667
920.6071429	1621.303571
1003.090909	1621.909091
913.9459459	1625
987.5581395	1626.418605
1023.666667	1624.888889
978.125	1627.3125
1036.208333	1627.833333
1012.037037	1628.518519
999.1481481	1633.333333
1044.857143	1635.095238
1016.666667	1635.804878
803.2692308	1638.192308
932.8421053	1638.157895
837.255814	1639.372093
808.9107143	1639.571429
999.7878788	1639.454545
843.7288136	1641.813559
1047.3125	1639.96875
995	1643.5
1053.931818	1641.977273
815.5925926	1644.469136
1011.505618	1643.41573
1047.351351	1645.783784
862	1645.833333
1054.142857	1647.877551
1019.078431	1648.45098
1038.909091	1648.949495
1053.518519	1652.148148
1043.612903	1650.580645
810.260274	1650.986301
817.6818182	1652.454545
848.5957447	1650.106383
1024.090909	1651.363636
1073.285714	1650.126984
1066.373494	1655.614458
1022.230769	1658.307692
1059.3	1657.1
822.125	1658.5
1029.466667	1658.666667
811.25	1661.666667
1054.492308	1662.646154
870.9090909	1665.090909
864.5609756	1666.560976
1065.98913	1667.086957
845.6153846	1669.615385
1048.307692	1669.288462
1043.473118	1674.602151
813.2777778	1676.444444
902.4	1678.327273
879.25	1681.375
861.4	1680.813333
1051.006944	1681.388889
1059.453782	1683.268908
849.1684211	1687.431579
863.1818182	1688.181818
1011.5	1689
858.3076923	1690.192308
895.2307692	1690.769231
857.1	1693.8
868.1538462	1693.738462
863.6470588	1696.176471
860.6333333	1697.033333
855.1555556	1699.177778
973	1699.5
1046.128571	1700.257143
937.1481481	1702.333333
943.7586207	1703.517241
852.0434783	1705.217391
920.9901961	1707.401961
947.8181818	1707.030303
826.4761905	1708.261905
875.6842105	1709.315789
844.4857143	1711.971429
828.5	1713.076923
1061.294118	1716.352941
1037.75	1717.333333
845.2631579	1716.77193
833.6153846	1721.615385
973.2162162	1721.837838
839.5818182	1722.818182
928.6956522	1724.318841
909.4761905	1725.142857
1058.216216	1726.459459
1049.757576	1727.530303
845.9734513	1731.026549
822.4545455	1729.590909
950.4482759	1729.862069
962.6842105	1729.605263
958.9384615	1734
945.3783784	1733
953.7428571	1734.485714
1044.354167	1732.770833
853.7333333	1734.666667
966.2631579	1735.824561
531.5	1739.5
1011.66	1740.78
840.6666667	1742.174242
1004.128205	1741.423077
952.2692308	1741.692308
815.5438596	1742.631579
949.1323529	1748.147059
1012.336538	1747.346154
618	1750.944444
968.5555556	1751.365079
839.6796117	1750.980583
835.4	1756.036364
813.3333333	1756.722222
867.3508772	1760.421053
871.15	1764.025
1008	1763.875
824.8965517	1769.827586
966.6666667	1776.111111
903.3030303	1778.363636
916.85	1779.5
984.2079208	1782.594059
536	1784
910.6290323	1785.33871
963.7692308	1785.538462
971.9846154	1789.184615
950.3452381	1783.97619
919.1694915	1787.457627
978.3846154	1787
849.7333333	1788.111111
843.1521739	1792.021739
512.8461538	1794
521.4193548	1796.064516
800.625	1798.275
825.88	1798.08
849.875	1797.5625
543.5925926	1798.518519
548.8723404	1796.468085
1010.08	1798.44
967.9117647	1800.867647
845.2407407	1800.333333
852.9285714	1802.303571
858.1333333	1800.3
863.5492958	1801.971831
547.9130435	1801.956522
561.8076923	1804.076923
554.8857143	1803
548.625	1806.5625
858.5	1807.411765
543	1805.586957
545.09375	1812.75
552.137931	1809.965517
565.984375	1810.921875
574.24	1810.04
558.3488372	1810.348837
580.2352941	1813.529412
586.4324324	1813.009009
881.8064516	1814.967742
887.3333333	1813.166667
574.0689655	1818.758621
954.2638889	1814.569444
553.6551724	1817.862069
561.5588235	1816.647059
899.5483871	1817.419355
546.8285714	1819.057143
567.8666667	1820.08
983.6436782	1818.321839
920.5121951	1818.170732
927.5	1819.04
506.375	1821
536	1822.060606
491.5	1823.5
549.1481481	1825.259259
923.7228916	1825.879518
967.9285714	1823.571429
556.2567568	1825.418919
502.1851852	1824.851852
530.7777778	1824.611111
562.7564103	1827.615385
853.1315789	1824.5
548.8	1829.266667
597.5	1827.5
914	1827
541.8	1828
568.5	1829
505.1515152	1829.636364
527.7333333	1829.4
987.3333333	1828.952381
864.5	1831.5
548.0612245	1835.183673
965.0606061	1832.454545
556.3209877	1834.654321
508.5384615	1834.730769
498.962963	1838.5
505	1837.8
953	1836.2
974.1884058	1836.550725
884.25	1838.25
908.0322581	1838.129032
558.15625	1839.4375
577.4375	1840.979167
566.4354067	1839.870813
571.0196078	1846.686275
802.0973451	1846
810.42	1845.36
498.4637681	1847.362319
486.5744681	1847.893617
551.8846154	1849.153846
545.1538462	1851.192308
541.9166667	1854.583333
947.7631579	1853.473684
526.6521739	1854.869565
960.7631579	1858.026316
485.6785714	1861.178571
967.6842105	1861.122807
954.4444444	1861.5
549.1818182	1865.454545
962.8571429	1869.071429
503.48	1870.746667
513.1323529	1871.147059
547.3421053	1873.157895
553.6206897	1873.689655
498.5576923	1875.538462
505.0422535	1879.366197
512.4727273	1879.072727
535.6363636	1881.090909
950.9230769	1880.666667
608.3571429	1884.057143
813.6666667	1884.133333
887.7777778	1885.468254
548.9864865	1885.567568
603.0722892	1890.204819
910.7142857	1888.467532
611.7333333	1890.4
464.627907	1890.511628
608.1785714	1892.25
904.9090909	1893.636364
885.6875	1895.979167
910.7142857	1895.5
919.7647059	1896.647059
863.7285714	1896.985714
461.8739496	1897.613445
903.85	1902.05
465.36	1903.94
500.2222222	1903.305556
506.6710526	1904.210526
499.6557377	1914.622951
531.625	1915.15625
608.2676056	1915.507042
492.2777778	1917.888889
886.8484848	1919.151515
877.5	1921
505.4761905	1919.785714
776.6363636	1923.333333
501.7741935	1924.16129
506.6	1925.6
856.962963	1924.666667
496.1702128	1926.574468
910.5849057	1926.377358
550.0909091	1928.636364
479.402439	1930.310976
807.7272727	1931.5
857.2954545	1930.590909
917.7692308	1930.846154
821.4375	1933.375
951.5	1937
560.4137931	1940
874.2580645	1940.935484
769.5	1945
825.2222222	1946.555556
947.8916667	1946.15
595.6623377	1945.87013
916.53125	1947.03125
567.3714286	1947.771429
833.1794872	1947.051282
475.7777778	1951.055556
819	1951.078431
588.9255319	1951.840426
830.1612903	1953.580645
931.3174603	1953.238095
596.3125	1953.3125
601.2	1952.95
606.3611111	1955.75
815.4655172	1956.241379
528.2857143	1956.904762
759.245283	1957.962264
476.3488372	1959.27907
596.4153846	1958.630769
603.1190476	1961.97619
769.3571429	1961.571429
834.826087	1961
904.9090909	1962.136364
518.1898734	1963.379747
896.5	1970.361111
937.0149254	1969.955224
480.5	1973
916.027027	1972.972973
561.9166667	1979.75
872.8461538	1980
942.05	1980.25
601.4	1981.4
956.390625	1984.4375
931.90625	1984.46875
780.6	1987.04
914.5227273	1989.363636
894.9298246	1987.754386
908.8095238	1989.5
923.7230769	1986.915385
794.9166667	1990.083333
841.2666667	1990.333333
902.5753425	1990.109589
921.6635514	1997.28972
881.1111111	1995.333333
892.66	1994.58
900.0217391	1996.152174
889.5405405	1997.837838
869.4166667	2001.125
886.0067114	2005.14094
454.3846154	2012.384615
463.6190476	2014.295238
487.6829268	2017.317073
441.3050847	2020.135593
454.1276596	2020.170213
597.3	2020.566667
498.75	2020.428571
848.8431373	2024.686275
890	2024.423077
458.2982456	2026.719298
916.5205479	2027.164384
551.060241	2029.168675
784.0824742	2028.319588
923.703125	2030.578125
461.137931	2032.344828
788.1176471	2041.411765
438.3392857	2042.196429
542.9310345	2042.758621
539.3513514	2047.513514
792.1492537	2047.268657
844.2	2049
856.2972973	2048.486486
880.8888889	2049.333333
501.1612903	2050.419355
871.3958333	2049
493.6666667	2051.805556
511.5757576	2052.060606
875.0169492	2053.627119
852.5342466	2054.630137
794.625	2054.5
709.7272727	2058.772727
868	2057
878.2941176	2057
447.3409091	2056.613636
502.35	2057.3
552.1830986	2056.042254
531.5	2058.125
588.7027027	2062.540541
547.125	2066.229167
436.6326531	2067.44898
714.969697	2066.909091
521.1891892	2068.135135
488.328125	2070.296875
431.7333333	2074
488.516129	2075.709677
455.7948718	2077
501.2222222	2079.055556
432.64	2080.36
494.2592593	2080.259259
607.8115942	2078.985507
459.6511628	2082.093023
913.5846154	2081.846154
464.1111111	2083.592593
566	2082.8
441.6388889	2085.444444
485.8064516	2084.709677
796.1025641	2085
805.7954545	2086.181818
924.7837838	2088.459459
532.0625	2089.9375
498.08	2090.68
800.25	2092.071429
436.6	2093.96
715.0096154	2096.423077
417.4177215	2096.886076
514.0434783	2097.543478
521.2105263	2097.210526
887.3521127	2097.943662
927.5789474	2098.289474
781.0833333	2101.083333
899	2102.692308
413.1636364	2103.254545
427.597561	2103.292683
801	2104.5
896.8888889	2104.888889
1031.507692	2105.923077
417	2109
878.2571429	2107.257143
406.122449	2108.22449
922.9186047	2108.825581
516.5	2108.545455
541.6666667	2111.111111
870.5	2111
909.8	2111.2
528.7534247	2113.452055
450.9649123	2112.54386
523.1666667	2116.708333
819.5416667	2115.291667
886.4210526	2117.473684
911	2118.5
457.0961538	2118.923077
535.0204082	2119.285714
580.3333333	2119.5
878.3404255	2118.808511
446.1688312	2119.818182
404.75	2120.75
495.4270833	2119.197917
543.0980392	2121.294118
822.3275862	2120.534483
866.625	2121.25
916.8607595	2121.506329
527.1212121	2122.560606
910.0555556	2122.666667
922.5673077	2121.625
827.8833333	2125.25
913.5789474	2124.842105
929.3404255	2125.446809
432.2352941	2128.078431
421.375	2129.25
863.6268657	2130.686567
853.9375	2129.859375
830.1818182	2133.272727
854.902439	2136.170732
922.125	2134.333333
819.3478261	2135.391304
927.3846154	2135.5
507.8153846	2137.076923
517	2137.2
437.2285714	2138.742857
530.5818182	2138.945455
522.6612903	2142.870968
513.2916667	2146.875
812.4516129	2147.290323
399.1333333	2147.666667
420.3461538	2147.653846
389.4285714	2150.285714
838.6428571	2151.160714
396.44	2153.32
405.9090909	2152.636364
536.44	2153.56
829.6	2153.4
531.1333333	2155.1
924.5	2154.5
462.2592593	2157.537037
474.3061224	2159.591837
574.125	2163.5
427.7884615	2165.211538
834.0735294	2164.720588
500.7686567	2168.820896
815.1666667	2167.9375
515.8695652	2170.130435
912.4313725	2171.294118
825.5333333	2171.533333
511.2777778	2174.777778
560.255102	2172.663265
832.8823529	2172.588235
476.6808511	2174.106383
434.8415842	2176.435644
522.7560976	2177.829268
912.3043478	2178.086957
892.483871	2179.758065
425.5283019	2181.415094
526.6538462	2185.25
531.5645161	2181.725806
840.078125	2182.09375
445.6631579	2183.484211
910.175	2184.125
537.5483871	2185.709677
519.8055556	2186.916667
893.7446809	2185.255319
479.64	2188.25
796.75	2188.083333
515.25	2188.625
851.1764706	2188.705882
498.0869565	2189.217391
890.53125	2191.09375
944.5	2189.5
822.7714286	2191.342857
887.1363636	2195.386364
415.983871	2193.806452
491.7142857	2193.942857
782.3548387	2195.451613
876.1967213	2196.557377
467.8888889	2197.666667
432.0434783	2197.130435
495.627907	2198.860465
508.25	2201.513158
533.5	2201.272727
441.4615385	2201.846154
430.4318182	2203.477273
497.72	2204.2
872.3529412	2206.378151
490.84375	2206.15625
819.7428571	2205.885714
825	2206.02439
857.6323529	2204.294118
866.6101695	2207.881356
502.5333333	2209.04
530.75	2209.25
856.5052632	2210.4
446.8846154	2211.423077
452.2307692	2212.153846
454.877551	2215.795918
495.1463415	2217.097561
538.6	2216.2
514.2222222	2216.833333
796.0243902	2217.195122
860.969697	2217.939394
470.3333333	2216.833333
465.2	2218.777778
475.7946429	2216.803571
847.5	2219.5
868.2073171	2218.597561
469.9444444	2221.444444
485.0422535	2219.169014
457.6176471	2222.382353
521.7428571	2221
828.027027	2221.837838
531.5	2223.714286
646.9016393	2223.967213
495.3703704	2225.666667
517.1111111	2225.111111
445.6111111	2225.472222
475.1285714	2226.542857
525.7	2228.275
510.6744186	2228.232558
519.0625	2228.6875
788.7078652	2226.359551
457.6538462	2230.173077
467.6666667	2229.875
781.7428571	2231.828571
789.1111111	2231.925926
476.9512195	2233.609756
790.0540541	2236.216216
844.8275862	2234.62069
783.3833333	2238.3
838.4883721	2241.27907
833.3703704	2244.925926
787.7741935	2245.193548
850.9166667	2247.138889
501.9791667	2247.770833
499.4482759	2251.62069
800.4366197	2249.478873
880.1451613	2257.790323
789.0377358	2263.622642
836.4259259	2263.814815
876.3020833	2270.104167
810.5849057	2283.09434
302.3522727	2288.397727
814.4285714	2299.061224
856.7636364	2305.109091
816.0204082	2309.877551
803.8448276	2312.810345
868.6355932	2314.79661
811.1	2316.6
380.1212121	2319.121212
805.6	2318.933333
849.0980392	2319.882353
334.8833333	2321.033333
821.6785714	2324.5
830.2413793	2331.137931
868.5	2333.5
344.875	2335.125
353.0666667	2336.866667
893.1707317	2342.926829
389.4242424	2345.424242
560.1333333	2347.933333
576.9259259	2348.592593
357	2353
832.88	2367.8
545.8823529	2370.529412
746.1176471	2369.470588
828.7307692	2370.923077
868.5111111	2372.711111
632.4	2375.88
839.8	2376.138462
566.0634921	2379.079365
857.1948052	2381.636364
850.7894737	2383.368421
872.1388889	2383.944444
549.7837838	2384.108108
820.5555556	2385.777778
557.2615385	2386.030769
843.8	2388.133333
852.7126437	2389.448276
593.1818182	2393.181818
586.0337079	2398.168539
668.4545455	2398.909091
526.4054054	2400.567568
821.5625	2400.75
882.6551724	2400.344828
728	2403.5
818.1384615	2404.661538
546.6190476	2405.031746
874.4235294	2404.470588
851.0724638	2407.478261
868.6041667	2410.833333
878.8723404	2410.585106
856.3684211	2413.078947
713.125	2414.675
702.1698113	2415.679245
556	2420.158879
864.6166667	2418.85
696.75	2420.5
859.1142857	2423.514286
522.5	2426.714286
693.3888889	2430.666667
623.588785	2436.915888
727.78	2439.4
618.5897436	2440.717949
623.0434783	2443.826087
532.2850877	2449.258772
627.3846154	2448
615.0615385	2447.907692
621	2448.84375
728.74	2450.36
517.1428571	2452.75
546.2962963	2452.703704
735.0666667	2452.688889
738.7105263	2453.157895
733.0769231	2456.615385
727.6578947	2456.763158
735.4516129	2461.419355
813.4375	2461.375
726.6463415	2462.329268
723.6376812	2472.217391
518.3333333	2475.5
536.8846154	2474.692308
530.952381	2476.642857
624.4375	2481.4375
523.5744681	2483.510638
632.7142857	2487.089286
596.96	2488.24
863.0909091	2488.818182
830.975	2493.075
704.5	2497.5
539.2380952	2497.460317
714.5	2498.5
647.5	2499.708333
678.1203704	2503.532407
690.3125	2500.458333
581.6226415	2502.150943
528.6363636	2504.545455
842.4074074	2504.185185
539.0454545	2504.931818
686.7222222	2506.222222
827.3902439	2507.268293
821.7884615	2508.519231
718.2352941	2509.176471
622.3333333	2513.444444
848.5777778	2514.6
648.755102	2514.530612
554.9259259	2518.351852
719.4375	2517.59375
545.6842105	2520.070175
587.4561404	2518.719298
727.5405405	2519.567568
537.5	2521.5
573.0483871	2521.516129
518.037037	2521.888889
674.2280702	2523.666667
594.5	2528.214286
878.4473684	2531.473684
566.9565217	2532.304348
665.245283	2532.433962
854.24	2532.04
539.2	2535.075
705.9866667	2538.133333
883.5555556	2538.166667
531.5925926	2539.074074
838	2542
880.5217391	2544.26087
895.7051282	2545
867.7831325	2546.096386
640.1694915	2548.40678
904.2	2548.9
647.8787879	2552.69697
728.1363636	2560.409091
638	2565.146341
658.5	2566
634.2264151	2571.358491
636.1578947	2578.157895
564.8653846	2578.679487
661.0212766	2582.06383
845.3877551	2581.05102
571.3333333	2583.416667
687.3529412	2584.176471
575.6538462	2587.846154
623.2444444	2588.466667
831.62	2587.9
670.1818182	2590.636364
702.1428571	2590
738.1428571	2589.357143
886.5	2590.842105
559.027027	2591.486486
843.2891566	2594.86747
697.8947368	2604.578947
565.6666667	2614.125
875.5	2614.5
654.2073171	2617.256098
562.6969697	2621.015152
581.2121212	2621.090909
675.6097561	2620.731707
605.4705882	2621.470588
872.05	2623.7
849.4929577	2625.619718
631.5	2630
851.9183673	2631.632653
569.3384615	2633.846154
623.8939394	2643.409091
635.175	2656.95
726.3333333	2661.555556
653.9210526	2662.921053
742.8888889	2663.808081
618.5428571	2667.857143
649.7671233	2669.643836
623.6666667	2670.851852
635.1698113	2693.301887
632.5	2698.14
627.4390244	2698.707317
629.6944444	2704.527778
642.6052632	2704.868421
705.4444444	2706.111111
705.4782609	2710.673913
629.1818182	2712.681818
607.5	2718.214286
748.125	2726.666667
701.3918919	2729.878378
679.6989247	2733.086022
720.027027	2735.162162
706.25	2736.916667
684.125	2740.84375
679.5714286	2741.642857
632.4	2744.933333
654.9130435	2746.434783
669.0208333	2746.541667
624.5862069	2749.241379
707.597561	2753.04878
658.5714286	2753.571429
756.6	2761.4
741.3529412	2766.176471
665.6315789	2766.315789
668.9230769	2771.564103
760.0879121	2772.846154
644.5	2774.5
678.4927536	2778.217391
669.2222222	2778.959596
763.3148148	2780.055556
667.3636364	2784.30303
756.0967742	2781.483871
756.6638655	2788.941176
759.7941176	2786.323529
680.2916667	2790
733.9166667	2797.5
727.9649123	2798.017544
726.4390244	2804.219512
754.4545455	2807.575758
766.8727273	2808.872727
734.5833333	2811.5
723.40625	2815.84375
767.5263158	2815.736842
781.1578947	2821.763158
720.3333333	2823.454545
780.0588235	2828.352941
763.5	2829
788.9285714	2831.166667
795.68	2835
790.1698113	2838.433962
800.0227273	2838.318182
787.8918919	2844.459459
792.0967742	2846.516129
797.4716981	2845.320755
756.4137931	2848.87931
760.7391304	2849.608696
764.2658228	2846.025316
794.8684211	2854
734.047619	2855.5
753.6666667	2860
750.8095238	2862.047619
747.0294118	2863.058824
740.4468085	2863
745.2592593	2867.481481
397.7843137	2874.803922
387.5	2883.5
747.0224719	2884.348315
383.3125	2889.9375
393	2895.025
405.7391304	2898.043478
399.7894737	2899.842105
784.1234568	2899.37037
778.875	2903.5625
435.1818182	2906.69697
378.28125	2908.75
793.2666667	2907.771429
406.5866667	2911.786667
786.7674419	2910.255814
376.8545455	2914.727273
787.5111111	2917.355556
775.7631579	2917.539474
798.4074074	2918.074074
793.7941176	2921
802.2972973	2923.135135
787.2857143	2924.214286
760.8965517	2926.172414
393.1956522	2928.652174
425.2368421	2932.815789
805.25	2934
796.8166667	2941.166667
791.7142857	2945.821429
753.7012987	2949.064935
734.1470588	2949.470588
774.3214286	2948.107143
442.1538462	2953.461538
779.5	2955.5
392.75	2955.75
730.452381	2958.321429
748.2413793	2968.689655
366.6315789	2970.789474
397.5522388	2971.716418
409.4418605	2971.802326
407.7536232	2979.304348
757.9315068	2978.671233
418.3013699	2981.616438
784.5757576	2983.424242
411.5	2983.4
405.96	2985.88
416.875	2987.975
410.8035714	2990.303571
381.1612903	2990.064516
401.7903226	2993.645161
367.1818182	2996.69697
409.5507246	2999.318841
366.8666667	3001.466667
376.835443	3000.227848
429.3103448	2999.551724
372.1111111	3004.777778
397.0769231	3007.326923
725.0740741	3006.592593
358.3	3007.3
377.3164557	3008.860759
412.3030303	3007.666667
772.2692308	3011.596154
416.0909091	3014.467532
767.9772727	3016.295455
431.9183673	3016.755102
343.7931034	3015.896552
378.8481013	3017.78481
418.9166667	3017.666667
343.721519	3023.050633
373.75	3023.46875
394.35	3026.2375
412.6401869	3027.28972
404.0487805	3030.134146
769.5	3035.5
373.5322581	3036.032258
436.3333333	3038.458333
389.9117647	3039.294118
721.5945946	3041.243243
845.516129	3043.403226
409.137931	3046.413793
845.1111111	3048.444444
355.9111111	3046.140741
370.2	3047.746667
430.2	3049.2
438.6969697	3049.939394
348.96	3051.693333
362.5	3055.3
390.0384615	3055.384615
386.8333333	3057.8
731.7435897	3057.205128
375.2592593	3058.611111
367.1785714	3061.803571
738.5111111	3062.088889
827.66	3061.58
377.4444444	3064.066667
413.6666667	3063
370.7142857	3066.714286
826.4597701	3066.965517
333.4444444	3067.5
390.6296296	3067.864198
765.6666667	3067.888889
823.0666667	3072.1
757.4418605	3070.883721
361.4464286	3072.339286
410.9090909	3073.090909
397.6764706	3072.441176
846.1071429	3073.678571
435.0714286	3074.028571
393.5806452	3075.806452
767.225	3076.3
821.175	3076.6
875.6329114	3077.227848
803.4482759	3078.413793
357.90625	3079.21875
368.1315789	3078.921053
401.8846154	3079.211538
410.4	3080.6
437.2417582	3079.615385
781.2195122	3081.146341
433.3414634	3084.04878
794.3333333	3083.5
393.2280702	3085.140351
689.1764706	3086.647059
366.109375	3087.21875
402.8823529	3087.764706
430.7272727	3090.863636
408.3921569	3089.509804
344.4324324	3091.945946
404.2173913	3092.782609
380.7380952	3094.52381
684.625	3095
701.6506024	3094.349398
411.6	3097.48
681.6666667	3097.111111
742.1702128	3100.085106
769.3214286	3100
392.3333333	3100.098765
413.3333333	3101.888889
839.8947368	3101.973684
395.6363636	3105.681818
869.125	3104.625
694.4166667	3107.5
730.75	3106.75
836.7857143	3107.5
392	3110.883721
672.3	3111.6
798.2898551	3111.043478
863.7752809	3111.640449
842.28	3111.96
898.0181818	3111.8
891.4705882	3114.058824
393.7222222	3116.333333
723.5	3120.2
880.2272727	3119.909091
736.5	3123.769231
698.08	3125.24
768.7333333	3124.766667
705.7083333	3126.416667
876.875	3126.375
863.9324324	3126.581081
871.7058824	3128.490196
860.7878788	3130.121212
679.393617	3130.361702
898.6923077	3131
789.625	3133.75
675.4303797	3140.860759
845.5202703	3137.668919
882.0169492	3133.322034
893.8269231	3135.288462
887.6	3137.96
683.6451613	3137.387097
717.2894737	3136.631579
698.75	3139.0625
780.3541667	3143.75
751.6338028	3144.422535
874.9538462	3144.292308
849.3421053	3145.947368
682.3220339	3146.067797
682.0526316	3150.526316
853.0740741	3152.592593
767.4736842	3152.280702
681.9411765	3155.705882
791.88	3155.2
874.2413793	3157.103448
769.6666667	3158.111111
787.3333333	3159.916667
716.8076923	3160.692308
816	3162.62963
679.6363636	3162.393939
876.3050847	3163.084746
682.4561404	3165.894737
688.35	3165.45
799.7826087	3165.956522
836.3666667	3164.9
846.106383	3165.06383
827.72	3170.88
834.1012658	3171.278481
850.6415094	3170.056604
841.8695652	3171.101449
849.025	3174.7
793.3409091	3174.704545
751.8	3175.72
858.3181818	3177.818182
868.7474747	3176.545455
844.8	3179.266667
742.8823529	3180.588235
851.2222222	3179.962963
756.442623	3181.655738
668.6585366	3182.073171
752.8717949	3185.820513
812.5	3198.785714
778.5	3199.666667
853.027027	3199.581081
797.7777778	3203.555556
743.1777778	3206.666667
762.5	3211
742.75	3219.916667
766.5641026	3232.641026
772.5932203	3237.237288
734.6885246	3262.180328
737.8507463	3268.014925
501.9166667	3267.305556
728.1538462	3269.564103
494.0196078	3271.058824
515.5	3272.380952
501.375	3273.2
638.2272727	3276.090909
738.7922078	3283.428571
472.8846154	3286.307692
717.2903226	3287.709677
476.8181818	3290.69697
556.3	3292.733333
469.7457627	3294.898305
737.1551724	3295.913793
748	3297.5
525.2678571	3308.196429
533.2891566	3306.090361
507.0277778	3308.527778
531.8695652	3312.652174
686.6229508	3313.278689
729.6057692	3310.971154
732.2857143	3316.673469
531.6428571	3316.464286
659.3333333	3315.8
522.2597403	3320.227273
738.2068966	3320.37931
686.1666667	3322.111111
549.5853659	3329.634146
457.18	3331.18
679.28125	3330.65625
714.2	3331.5
555.2	3332.15
691.2777778	3332.805556
485.425	3337.625
526.6326531	3338.714286
542.8888889	3342.222222
554.4666667	3341.666667
708.0769231	3345.576923
510.3870968	3351.16129
516.9166667	3354.916667
470.6382979	3360.808511
456.1785714	3361.892857
703.0851064	3363.702128
481.9259259	3364.888889
496.4285714	3368.547619
514.5	3369.75
499.1666667	3373.083333
480.6111111	3372.972222
499	3377.703704
513.974026	3379.207792
530.9444444	3381.277778
539.4642857	3381.035714
545.1020408	3383.040816
539.2	3391.7
498.7121212	3408.348485
517.6666667	3408.111111
508.4594595	3411.081081
523.3396226	3412.226415
663.1034483	3411.448276
696.7333333	3412.246667
517.7241379	3414.103448
484.2173913	3415.318841
528.4782609	3415.26087
665.7875	3416.9
694.38	3420.98
511.2539683	3419.936508
686.7647059	3421
525.2222222	3421.888889
483.8363636	3422.363636
519.6944444	3423.305556
480.3555556	3426.133333
683.9487179	3426.410256
690	3427.843137
468.0277778	3428.083333
666.8706897	3431.155172
476.212766	3430.914894
481.7391304	3434.434783
497.3950617	3431.950617
660.4545455	3434.969697
491.3461538	3438.153846
662.4	3439.3
714.9090909	3444.227273
691.6989247	3445.182796
479.5	3446
499.4615385	3448.307692
706.3650794	3448.333333
492	3451
700.617284	3451.444444
509.6842105	3457.157895
662.3272727	3459.818182
656.6818182	3462.636364
695.9387755	3462.346939
670.8636364	3465.340909
692.5	3475.5
668.9761905	3480.452381
685.1162791	3482.860465
667.4615385	3485.346154
701.1103448	3484.17931
711.375	3500.84375
704.5555556	3511.222222
677.6153846	3515.615385
672.097561	3520.097561
676.8	3544.92
474.6875	3585.03125
478.1636364	3589.909091
486.0857143	3592.885714
492.6206897	3609.103448
501.0081967	3616.336066
799.5925926	3616.074074
477.4166667	3622.458333
806.3529412	3626.529412
489.0357143	3629.589286
506.1724138	3630.517241
518.3461538	3631.346154
783.1234568	3630.839506
799.9541284	3635.504587
480.4324324	3636.162162
513.7272727	3636.893939
483.8809524	3641.52381
810.9292929	3642.444444
800	3647.526316
500.075	3654.725
766.5	3653.5
787.5	3668.285714
798	3671.2
519.6153846	3684.615385
494	3703.931034
521.0483871	3722.919355
528.244186	3726.348837
507.1111111	3725.666667
513.075	3727.625
504.4285714	3730.942857
522.5	3733.5
637.6666667	3748.25
687.3333333	3759.666667
703.8571429	3760.714286
721	3761
541.4605263	3765.578947
687.6296296	3768.111111
524.0943396	3769.886792
519.8181818	3773.363636
727.5	3774
650.9	3775.8
645.3269231	3780.115385
746.6212121	3782.333333
613.5245902	3783.688525
726.4117647	3785.705882
646.5909091	3785.659091
656.0549451	3784.692308
657.7619048	3789.285714
642.6790123	3791.111111
660.9655172	3791.206897
666.4868421	3791.157895
651.5263158	3794.118421
659.6216216	3796.189189
752.5342466	3797.260274
703.2962963	3798
633.2692308	3800.961538
503.0625	3804.9375
744.1818182	3805.545455
738.7647059	3808.117647
749.4285714	3809.746032
680.0909091	3821.212121
753.90625	3821.609375
505.4117647	3823.323529
719.7540984	3824.245902
724.375	3828.955357
715.8958333	3827.75
766.7142857	3827.285714
710	3833.333333
692.1857143	3839.857143
764.7183099	3840.732394
725.5	3843
738.4	3843.933333
757.6666667	3842.361111
677	3846.5
761.675	3848.025
666.5454545	3847.060606
703.1206897	3846.293103
680.2	3851.76
718	3854.282051
666.0689655	3864.965517
536.7435897	3866.564103
727.2105263	3865.789474
497.6491228	3873.54386
658.8888889	3871.333333
734.0178571	3870.767857
608.0681818	3871.931818
673.3541667	3871.541667
725.4	3871.85
717.1315789	3876.078947
731.4032258	3876.322581
652.5454545	3877.090909
557.5294118	3879.647059
739.5166667	3882.466667
545.3714286	3884.742857
691	3886
733.3636364	3885.772727
737.1509434	3893.169811
765.4782609	3893.130435
541.5	3897.625
695.5333333	3898.133333
594.2619048	3903.833333
763.5	3909
769.375	3916.25
558.2564103	3917.025641
636.4137931	3918.827586
733.52	3923.04
696.25	3923.634615
546.7021277	3927.595745
698.7272727	3929.840909
693.1129032	3933.983871
501.8181818	3936.386364
507.1034483	3936.827586
504.3913043	3941.347826
701.1754386	3940.649123
713.0740741	3942.148148
667.5	3948.363636
639.2647059	3949
693.1458333	3950.479167
677.2741935	3950.241935
699.3793103	3952
731.6979167	3952.75
643.5	3953.5
690.2195122	3955.195122
526.5	3956.777778
741.5384615	3956.807692
732.5111111	3961.644444
737.7733333	3957.12
731.625	3963.25
528.7727273	3965.227273
621.6666667	3966.111111
740.75	3967
636.5797101	3971.898551
722.7954545	3973.386364
737.9830508	3974.949153
727.7058824	3980.117647
735.8913043	3980.021739
733.6521739	3984.195652
724.0952381	3987.214286
728.9545455	3988.772727
502.8543689	3985.84466
695.4329268	3993.158537
543.5483871	3991.580645
490.1333333	3993.155556
698.6923077	3995.615385
703.6603774	3995.245283
486.7777778	3997.888889
686.9672131	4000.245902
504.0285714	3999.828571
692.7924528	4005.641509
492.4146341	4004.768293
715.4782609	4005.717391
682.5882353	4008.117647
716.71875	4023.34375
704.125	4054.489583
708.6904762	4059.547619
700.7037037	4060.703704
697.6290323	4064.032258
706.1964286	4066.714286
698.1333333	4069.4
700.5714286	4072.8
703.9636364	4076.127273
706.44	4079.88
657.0434783	4090.782609
681.2142857	4091.5
703.6326531	4099.204082
706.7678571	4103.107143
698.4210526	4107.894737
692.7	4110.15
678.8510638	4115.446809
676.6521739	4122.391304
676.9268293	4140.243902
629.22	4150.76
650.8358209	4172.343284
660.4565217	4176.804348
644.8888889	4184.888889
653.3246753	4185.974026
642.4444444	4190.763889
642.6597938	4197.030928
588.0416667	4195.583333
660.8676471	4196.014706
613.2894737	4197.684211
584.2142857	4199
630.6181818	4199.181818
662.8148148	4203.407407
613.5555556	4203.361111
605.8493151	4205.041096
633.4444444	4206.111111
650.1282051	4205.025641
645.7105263	4208.184211
653.2307692	4209.480769
593.0454545	4214.795455
599.3928571	4218.892857
646.2564103	4220.794872
628.2962963	4221.740741
504.9473684	4225.263158
560.7894737	4226.877193
575.03125	4230.65625
543.0163934	4233.245902
495.24	4232.02
493.3095238	4237.035714
556.2058824	4241.117647
469.3965517	4245.465517
473.3968254	4241.968254
605.8108108	4243.432432
534.5789474	4245
514.8913043	4255.913043
550.625	4254
539.4722222	4256.944444
544.36	4256.32
520.8157895	4263.184211
546.5714286	4267.228571
563.3461538	4266.615385
466.0547945	4271.164384
473.5	4273.911765
551.5769231	4273.871795
460.6764706	4276.323529
642.6111111	4275.574074
467.2765957	4277.595745
629.8292683	4283.146341
509.4482759	4282.827586
534.7692308	4282.358974
631.4444444	4286.222222
606.6153846	4285.769231
503.9583333	4293.291667
512.1388889	4295.416667
520.3478261	4296.130435
552.3684211	4297.736842
645.225	4300.925
649.5135135	4303.540541
643.9117647	4310.970588
559.0384615	4318.076923
582.3090909	4319.327273
655.9166667	4319.4
665.64	4324.32
585.6896552	4325.758621
567.5185185	4332.592593
549.877551	4335.306122
563.1052632	4332.298246
587.0980392	4335.176471
559.490566	4339.169811
565.8076923	4341.788462
572.3911111	4336.493333
635.3333333	4339.877778
588.25	4341.625
544.45	4345.85
551.8363636	4349.672727
549.5752212	4358.920354
593.9387755	4358.306122
598.8	4362.675
590.6986301	4364.986301
598.4761905	4368.428571
619.1538462	4371.884615
595.3384615	4373.569231
567.8484848	4377.242424
602.6315789	4378.947368
499.3411765	4380.847059
624.4411765	4383.235294
484.0909091	4387.484848
480.6470588	4390.235294
492.6304348	4389.521739
629.0909091	4394.909091
495.9791667	4395.28125
499.754386	4399.631579
594.375	4399.666667
504.0806452	4403.387097
490.3513514	4402.810811
498.3846154	4405.153846
510.0454545	4403.590909
493.6206897	4406.827586
508.08	4408.04
498.4146341	4410.097561
490.1162791	4424.883721
584.8148148	4430.296296
570.7647059	4434.029412
547.1666667	4438.397436
464.2727273	4442.5
494.3414634	4442.390244
459.25	4447.28125
584.2285714	4447.571429
562.8404255	4461.085106
544	4463.592593
507.875	4468.875
485.8333333	4472.916667
487.7179487	4480.74359
502.0655738	4482.967213
534.3846154	4483.897436
525.8518519	4484.944444
528.962963	4489.518519
574.4666667	4491.2
500.4047619	4492
532.3333333	4498.208333
554.4545455	4499.272727
591.452381	4499.97619
561.4590164	4502.245902
486.3962264	4504.584906
552.6031746	4511.063492
563.6333333	4511.633333
505.2857143	4520.5
450.875	4529.5
555.7317073	4533.439024
464.0357143	4537.107143
540.55	4545.35
534.9449541	4558.788991
521.4090909	4562.204545
530.3214286	4566.321429
547.5555556	4564.805556
447.7346939	4568.714286
419.5	4598
463.4081633	4615.244898
483.7321429	4616.357143
468.6304348	4618.043478
488.7878788	4618.939394
483.0535714	4623.142857
500.18	4622.98
471.4444444	4629.555556
471.375	4641.5625
485.2173913	4687.318841
508.5	4717.5
402.40625	4768.34375
446.8684211	4773.421053
417.2	4776.111111
415.5714286	4790.857143
428.2352941	4792.823529
423.0857143	4795.314286
416.2285714	4799.428571
