X	Y
0	0
0	5143
5143	0
5143	5143
982.275	89.15
977.2	92
939.6923077	126.7692308
942.25	128.75
932.3928571	134.75
871.2093023	227
848.0833333	273.6666667
842.3	276.1
1086.76087	278.6304348
1089.555556	286.0666667
1064.716667	286.7166667
1093.642857	290.7142857
1055.3125	291.0833333
1060.028571	293.9428571
1066.836364	293.1272727
1102.611511	296.1654676
1053.888889	297.2777778
1066.266667	299.3666667
1060.952381	300.6190476
1053.185714	302.9857143
1049.875	310
1074	309.5192308
1054.5	310.5
1086.666667	310.2777778
1092.375	312.4375
1077.675676	314.9459459
1045.634146	315.5
1072.144737	317.6578947
1038.802083	320.0520833
1064.894737	318.5789474
1080.846154	319.5384615
1094.105263	318.8026316
1058.131148	320.8606557
1086.919355	319.3709677
1046.823529	322.9117647
1084	326.74
1124.933333	330.2
1066.767677	327.4848485
1075.3125	329.2777778
1049.538462	331.2307692
1116.171053	330.4078947
1056.127119	330.2372881
1032.438596	334.6666667
1066.15	340.9666667
1110.064516	334.1935484
1043.914894	334.0851064
1059.727273	337.3636364
1037.909091	337.9545455
1120.672619	339.702381
1046.366667	342.1583333
1111.071429	339.952381
1054.981818	342.5454545
1038.610169	345.0338983
1069.65	346.25
1109.457447	348.7659574
1059.9	349.8
1053.432432	351.1216216
1065.654135	354.7819549
1110.09375	355.0625
1042.5	355.5
1047.941176	355.6470588
1057.243243	355.4864865
1052.8	358
1115.1875	359.1666667
1040.56	362.92
1052.462428	363.9248555
1109.611111	364.5555556
1133.368421	366.1052632
1065.302083	367.6770833
1070.95	368.15
1037	368.5555556
1044.470588	370.8823529
1056.577778	370.7111111
1152.217391	370.3913043
1145.493671	371.0632911
1111.086957	373.5652174
1136.296	371.736
1147.09375	376.9375
1052.920792	375.5841584
1073.576923	378.5384615
1117.425532	378.822695
1049	380.3
1062.122222	380.1555556
1053.827586	383.1034483
1070.615385	382.0769231
1035.467105	379.1578947
1043.287356	382.2643678
1101.739726	380.5182648
1132.069091	383.4909091
1031.311111	388.3777778
1088.230769	386.7472527
1022.291667	388.5
1047.650718	392.9904306
1128.424242	391.0151515
1029.345238	394.5952381
1128.607143	396.375
1092.188679	395.6037736
1020.492308	396.5076923
1041.587302	401.5714286
1122.538462	401.0854701
1098.793103	399.6206897
1133.578947	398.6315789
1013.472727	400.4454545
1106.428571	400.3571429
1037.580645	405.2419355
1092.79661	403.8644068
1026.537815	403.4537815
1093.031746	410.2857143
1116.432432	412.1891892
1041.25	414.5625
1105.436364	410.4666667
1124.152778	415.1805556
1095.45	417.8
1105.097561	418.3658537
1086.117117	420.2342342
1110.007463	423.4328358
1118.912088	421.2527473
1048.837209	422.9767442
1082.292308	426.4615385
1101.277778	428.8015873
1041.441558	428.0779221
1126.333333	428.7925926
1116.921053	429.6315789
1045.980392	433.4411765
1084.25	431.625
1093.225352	432.4507042
1112.5671	438.5064935
984.1186441	440.779661
992.2526882	438.2688172
1072.666667	439.3333333
1086.214953	437.6915888
1111.150685	444.8630137
999.2	443.3
1064.842105	444.5789474
1005.95122	445
1034.666667	445.9166667
1096.333333	444.6296296
1105.513514	448.1891892
1086.484663	451.4355828
1000.584071	451.2389381
989.6886792	451.2924528
1097.982143	451.5982143
1072.176871	450.3537415
1122.687273	451.7381818
982.1272727	454.9636364
1036.333333	453.754386
1077.122581	461.4709677
1111	458.52
1101.817708	459.984375
1035.760976	463.4878049
1070.6	464.4
1001.1125	465.775
1010.890909	470.1818182
979.0143678	467.8362069
1094.393939	470.5757576
970.3513514	472.2297297
1029.845455	470.8363636
1069.546667	474.4866667
1097.424242	475.5757576
985.4831461	477.4157303
1021.55	475.8
1062.163265	475.3673469
1081.227273	476.0909091
997.1483051	477.0254237
1088.2625	477.175
1008.267442	479.1744186
1076.388889	479.6111111
1123.363636	480.7272727
972.5294118	482.6470588
1013.877551	482.8979592
1069.87234	484.4255319
979.7521368	486.2478632
1032.087209	486.3546512
967.8833333	487.8333333
1021.96875	486.5104167
1093.538462	487.4230769
1084.15	488.3
1001.864	487.984
1105.717742	486.1935484
1114.789474	488.9298246
1044.636364	490.2181818
1055.175	491.05
1077.909091	491.3636364
1037.227273	493.7727273
989.1545455	493.9636364
1015.026316	491.2236842
982.2096774	494.5322581
1114.869565	495.6956522
1025.745098	496.2745098
1072.042105	494.0526316
966.9206349	494.6507937
1008.637584	496.4832215
1063.258993	493.8633094
1100.569921	497.8548813
995.3461538	496.5641026
1048.068493	497.1986301
1023.846154	501.5128205
1116.421053	502.1052632
1069.914634	504.4146341
971.9782609	502.4782609
976.2040816	498.1938776
983.6027397	505.4246575
998.8974359	504.0512821
1083.653846	503.4615385
991.7142857	504.7142857
1014.92	504.016
1046.38191	503.8894472
1092.814815	504.8888889
1005.121212	504.7878788
952.1612903	506.8709677
962.1149068	509.1987578
971.7380952	508.9761905
977.4489796	510.2040816
1060.857143	508.1978022
989.9270833	511.15625
1000.5	509
1007.75	510.6730769
1097.153846	509.1538462
1032.46124	509.0232558
1084.039216	510.4509804
1103.963636	511.3272727
1049.947368	511.5263158
999.3333333	512.7916667
1068.342857	511.3428571
1076.276923	511.7307692
974.7692308	514.8461538
993.5471698	517.1132075
1094.128114	519.0427046
1003.625954	520.1221374
1017.352174	516.4086957
1081	519
981.6132075	520.0849057
1086.055556	521.3333333
972.3678161	521.6321839
1067.529851	519.5597015
988.24	522.48
964.8235294	523.3529412
995.1792453	526.6886792
1080.179104	525.0895522
1104	526.0461538
1091.5	528.6
975.9565217	529.9565217
1068.625	530.25
1080.533333	530.0666667
985.9705882	531.9705882
1001.829787	532.5319149
1047.722222	530.6111111
1086.876923	532.1076923
994.0224719	536.3707865
977.94	537.35
1050.272727	536.9090909
1092.324324	538.0810811
1078.858896	536.791411
1042.0625	540.9375
1047.242424	543.4393939
1035.818182	542.6818182
1069.492308	542.2230769
972	543.8085106
1020.662162	544.3108108
1053.818182	545.8181818
1079.018519	547.2407407
1059.333333	547.2222222
1062.8125	546.1875
1074.157143	552.0428571
1024.666667	551.3333333
1055	549.173913
1046.56	551.9066667
1063.967213	551.3114754
1038.717391	553.7608696
1054.57377	555.0983607
1065.1	555.5666667
1060.5	557.4545455
1046.851852	558.6296296
974.0789474	558.7105263
1037.019231	559.3461538
989.1875	561.1875
1008.265306	563
1072.737705	563.2622951
1062.162162	561.0810811
1036.52381	565.7142857
1042.46875	564.453125
1059.588652	567.2978723
1003.528302	568.6603774
1079	569
1068.271429	573.4428571
1050.148148	572.3888889
1004.434783	573.7391304
1062.37037	573.7407407
1044.16	575.4
1059.265306	576.7346939
1052.581818	578.5090909
1046.68	581
1066.111111	580.5555556
852.3928571	681.8928571
867.9803922	682.2352941
876.7692308	686.0769231
883.0666667	686.4888889
878.25	689.9166667
868.6168224	690.1682243
929.5185185	700.6296296
898.6533333	701.5733333
911.0434783	701.8695652
911.6818182	706.6818182
901	708.1428571
924.4193548	709
917.8518519	711.3981481
926.6068376	716.8974359
1037.380952	818.6666667
1040.642857	822.7380952
1023.875	824.375
1031.757143	823.5285714
926.2222222	825.6666667
1047.2	829
1021.038095	829.5714286
1035.006098	831.4268293
1050.612903	835.483871
999.5833333	835.8888889
1013.722826	836.75
1027.7	837.4
959.7115385	839.2692308
1058.53125	840.28125
1027.815789	843.1052632
1033.106383	842.1914894
1060.857143	844.5714286
1065.71875	843.96875
967.5106383	845.2553191
1020.066298	846.3480663
996.4177215	848.1265823
958.1898734	848.4177215
945.3888889	855.1666667
937.2692308	858.3846154
1046.454545	857.469697
1030.359223	859.4757282
1040.415385	860.8923077
941.4736842	861.6578947
973.5915493	862.4366197
1046.291667	865.2083333
961.1076923	868.6615385
924.4823529	870.0823529
988.85	869.25
940.2229299	869.7579618
951.6296296	867.5555556
997.4565217	870.8478261
1014.1875	869.09375
1032.04	871.6
1042.795455	870.7045455
937.2631579	875.3947368
952.4285714	875.0857143
1015	874.9821429
979.5	876
924.7848101	878.0886076
1051.25	878.0681818
1040.941176	879.7563025
962.8235294	881.1176471
935.2727273	882.0787879
932.81	892.14
949.1666667	887.75
1043.619433	890.3441296
962.373494	889.6506024
944.7183099	890.0985915
922.9473684	895.7105263
1054.75	897.75
1049.375	898
969.3363636	899.3363636
952.7878788	897.6767677
962.8888889	902.0740741
1059	901.3095238
913.1355932	903.7288136
939.9646018	905.539823
976.2173913	903.2753623
1045.7	905.3
956.4	907.9142857
1057.794872	906.6923077
970.8717949	908.8717949
948.9102564	909.9487179
980.9090909	909.4675325
1054.533333	910.5666667
1062.4	910.5142857
968.9375	912.6875
1027.153846	911.0769231
964.890625	912.828125
987.7941176	913.9117647
965.3333333	918.754386
1048.270833	915.4791667
952.6842105	916.8421053
1057.906977	915.5116279
943.3666667	917.2333333
961.25	920.3214286
1020.304348	916.9130435
1042.588235	917.1176471
955.4521739	922.1043478
975.853211	918.0825688
1060.304348	921.8913043
1066.492063	922.4126984
1054.307692	923
965.1363636	925.2272727
1018.188235	925.2470588
980.3174603	926.6031746
1027.505495	925.7252747
1002.117647	929.9411765
1006	930
972.7033898	929.440678
965.3898305	934.0508475
1027.227273	934.3181818
968.8444444	938.3111111
981.3333333	935.0555556
993.72	935.36
1022.851852	935.8148148
986.6923077	936.3846154
1003.563218	936.1724138
974.7222222	941.9444444
983.2931034	940.4655172
1011.818182	940.7727273
1021.297872	941.5106383
1070.842105	941.5263158
1063.866667	943.7666667
991.5211268	941.5070423
998	941.8064516
1080.636364	944.0454545
989.6153846	946.9230769
1004.921569	948.2647059
1011.050633	947.3544304
993.1818182	949.2727273
999.0333333	950.3
975.2777778	949.8333333
1023.956522	947.0434783
1064.979167	951.0208333
983.9939394	952.1939394
1018.567164	951.9925373
1051.896552	952.6896552
996.030303	955.9545455
1058.8125	956
986.7707006	962.1146497
1003.928571	958.2857143
1013.44186	959.0697674
1009.336449	965.7757009
1015.914286	965.0285714
1000.313131	966.3434343
978.1176471	967.745098
1071.217391	969.7826087
1005.34375	972.125
1064.05	972.0166667
1081.307692	973
992.0422535	974.1197183
1055.333333	976.3684211
1014.84127	976
1072.245763	977.279661
1007.761905	977.3571429
661.0882353	980.9019608
969	979.5
1000.471264	980.4597701
1024.658537	982.3170732
655.5384615	983.5384615
1014.2	983
1085.053922	985.1176471
1007.923077	987.2019231
633.8360656	984.6721311
649.6851852	986.1481481
1076.236842	990.9578947
1001.916667	990.75
1086.333333	992.9166667
636.1188811	992.6853147
1037.352941	994.1764706
660.1056338	993.2887324
644.9699248	996.2481203
1054.88	996.08
1087	997.8518519
669.875	999.3125
994.6949153	1000.864407
1064.122449	1000.642857
1099.735294	1000.294118
655.5230769	1000.969231
663.2241379	1003.103448
647.5633803	1002.619718
1079.791667	1003.875
671.6666667	1005.071429
659.25	1008.0625
1071.265306	1006.612245
1139.5	1007.5
652.3148148	1008.388889
1043.333333	1008.111111
689.05	1009.6
982.0833333	1008.833333
1001.42	1008.36
664.4390244	1009.512195
685.4137931	1011.862069
1086.739583	1010.916667
678.8210526	1011.063158
1027.875	1012.4375
1060.181818	1012.181818
1071.291667	1013.541667
659.36	1012.96
672.0864198	1013.666667
1021.180851	1015.62766
1079.166667	1012.833333
1014.418605	1013.372093
651.7216495	1015.391753
1039.647059	1014.235294
1094.096774	1014.612903
668.6875	1016.46875
687.5833333	1017.944444
1006.8	1016.5
1002.142857	1016.642857
1104.297297	1015.810811
662.1666667	1017.4
1043.324324	1017.648649
1075.609375	1018.328125
666.3809524	1019.380952
1033.548387	1017.145161
1096.363636	1019.227273
1110.191489	1019.319149
648.3684211	1020.368421
643.7941176	1024.117647
690.0666667	1021.866667
1015.25	1020.694444
1069.727273	1023.090909
1078.946903	1024.752212
956.3333333	1025.875
1015.933333	1026.466667
1011.8	1028.466667
1068.384615	1028.346154
1029.134111	1029.102041
1073.25	1030.333333
1015.457143	1034.190476
1086.818182	1033.363636
1077.44186	1033.209302
1043.127451	1030.446078
1099	1036.235294
1046.441558	1039.896104
1039.988095	1042.130952
1077.015385	1038.676923
1057.197674	1041.895349
1020.243421	1047.039474
1027.236842	1043.631579
1038.24359	1048.371795
1010.723881	1047.238806
1056.142857	1048.071429
1102.076923	1047.538462
1032.055556	1053.097222
1072.846154	1045.43956
1048.280374	1053.700935
1058.417112	1056.112299
1097.525362	1057.07971
1084.721649	1055.032646
1024.292683	1058.634146
1033.25	1058.375
1068.618421	1053.802632
1065.261745	1069.771812
1062.630952	1061.97619
1017.188119	1061.514851
1002.92	1066.24
1034.24	1066.88
995.4	1068.233333
1075.321429	1071.178571
1085	1071.951807
1023.757576	1069.333333
1001.884615	1071.846154
1006.666667	1073.592593
715.5416667	1075.125
1073.571429	1076.928571
1082.277778	1077.277778
1066.468354	1079.822785
1055.977273	1076.75
1052.769231	1080.615385
1074.166667	1082.472222
1084.327869	1082.122951
1059.722222	1083.333333
1070	1085.2
1086	1086.8
1048.916667	1087.583333
1054.40625	1087.5625
1064.745455	1088.945455
721.6363636	1090.863636
1041.416667	1091.84375
1077.49505	1095.019802
1228.588235	1093.117647
979.5	1096.333333
1213.632353	1094.867647
1033.541667	1097.375
1046.733333	1096.688889
1058.707865	1094.865169
1067.730337	1097.067416
1154	1098.173913
1055.1	1101.81
1204.142857	1099.5
1224.594595	1097.486486
581.4878049	1104.268293
1154.647059	1103.823529
569.2921875	1112.629688
1063.485714	1105.8
1168.290323	1105.290323
1226.888889	1104.666667
981.7931034	1105.172414
1031.205263	1110.2
1038.738095	1103.642857
1044.206349	1107.777778
1206.166667	1108.166667
1019.109589	1111.890411
1038.675	1111.025
533.9310345	1110.896552
1225.493506	1112.402597
984.5166667	1114.666667
1007.555556	1113.916667
520.943662	1116.464789
954.84375	1116.625
534.2368421	1115.644737
550.703125	1114.203125
971.0307692	1119.307692
1040.222222	1117.666667
1055.933333	1118.4
1189.142857	1118.333333
543.5384615	1118.161538
1004.561404	1120.157895
555.96875	1120.375
487.7592593	1121.5
568.25	1123.083333
591.1208791	1120.175824
582.8852459	1121.229508
955.6315789	1121.473684
959.7083333	1123.333333
980.1165414	1125.556391
999.3235294	1123.676471
1031.22619	1122.797619
1191.259259	1123.407407
478.6875	1122.546875
548.8390805	1130.005747
540.8235294	1126.470588
559.6367925	1132.764151
951.7142857	1125.714286
989.0697674	1127.697674
497.5116279	1123.953488
1056.869565	1127.304348
473.9069767	1129.313953
483.46	1129.74
530.9620853	1128.56872
593.7058824	1126.794118
517.6	1127.92
599.4081633	1129.081633
1030.666667	1127.916667
1001.085714	1129.628571
1024.454545	1129.509091
491.0294118	1130.382353
573.0714286	1131.991071
1005.685714	1128.942857
499.7179487	1132.512821
541.8095238	1132.238095
586.6890756	1132.462185
582.3931034	1139.227586
992.037037	1131.728395
1031.115942	1133.73913
493.6528926	1139.553719
928.1632653	1135.020408
1038.2	1134.76
509.6219512	1133.920732
521.1764706	1136.333333
535.75	1136.545455
1019.457831	1136.759036
486.9042553	1138.265957
541.9677419	1137.129032
561.2024292	1146.445344
568.8421053	1141.978947
479.2820513	1138.089744
1028.425532	1138.957447
500.4358974	1138.974359
594.7281553	1138.805825
994.6019901	1139.965174
1006.736264	1137.923077
528.6979167	1141.135417
501.7142857	1143.885714
539.7804878	1141.780488
551.9230769	1142.692308
576.6923077	1143.230769
604.9121622	1139.702703
975.5121951	1141.243902
514.1931818	1142.818182
1012.741176	1141.988235
1038.356436	1142.920792
508.2857143	1145.035714
481.5769231	1145.615385
1006.091837	1150.887755
549.025641	1147.076923
982.9653179	1145.699422
492.9	1148.625
499.2156863	1150.823529
506.6326531	1152.193878
518.3873874	1149.405405
527.7333333	1147.933333
536.2333333	1147.466667
578.1818182	1148.030303
594.1290323	1150.604839
603.5338983	1152.457627
968.625	1147.78125
989.734375	1152.0625
535	1152.275862
541.2982456	1154.163743
940.5	1150
612.2272727	1149.136364
616.2173913	1150.869565
972.1978022	1152.087912
996.1555556	1154.022222
1044.923077	1151.846154
550.9230769	1153.653846
976.6	1154.666667
529.6229508	1155.983607
621.6603774	1152.09434
960.3076923	1152.153846
519.4074074	1155.222222
563.6666667	1154.814815
630.3412698	1154.611111
953.031746	1153.634921
1061.555556	1154.933333
592.3846154	1156.384615
548.1818182	1157.818182
577.6666667	1156.393939
617.3354839	1160.141935
984.4166667	1158.458333
554.5208333	1158.020833
1012.166667	1158
521.2857143	1160.414286
1041.964602	1159.504425
505.1860465	1159.348837
562.86	1160.36
629.6953125	1166.335938
1016.430769	1159.476923
1189.306452	1159.322581
961.559633	1160.908257
995.8518519	1161.75
1028.125	1162.40625
605.483871	1162.354839
973.06	1162.02
528.5909091	1164.136364
1032.142857	1164.5
1052.32069	1163.486207
613.4761905	1164.666667
636.6730769	1165.115385
643.5777778	1164.955556
982.6111111	1164.677778
512.2682927	1165.04878
1191.615385	1165.589744
578.2142857	1165.071429
531.2	1167.85
1160.375	1166.125
521.1086957	1168.543478
539.5625	1168
996	1168
1037.207547	1169.584906
500.3428571	1170.028571
616.7567568	1169.324324
641.4651163	1170.534884
941.88	1169.74
962.784	1168.512
1023.541667	1168.395833
1051.269231	1170.538462
1182.190751	1170.699422
609.6521739	1170.913043
660.4494382	1168.05618
1028.904762	1171.428571
1164.315789	1169.842105
622.8412698	1172.015873
1193.488889	1173.1
542.4680851	1175.106383
952.0212766	1172.914894
1032.583333	1172.25
1153.269841	1172.031746
615.425	1175.6
637.3181818	1174.181818
1006.722222	1174.111111
1157.885906	1177.791946
1166.090909	1174.363636
656.8757062	1177.372881
946.244186	1177.151163
966.8333333	1176.25
503.2857143	1176.857143
954.0555556	1179.027778
1023.737705	1178.663934
1059.80597	1176.208955
969	1178.363636
1034.736842	1178.078947
1193	1179.243902
1136.347826	1179.5
941.6428571	1180.642857
1001.454545	1179.772727
640.3428571	1182.085714
919.875	1182.125
934.25	1183.869048
1008.085714	1180.128571
1014.652542	1183.881356
609.106383	1184.12766
1174.5	1182.928571
1178.153846	1183.461538
926.7586207	1186.793103
965.2774194	1183.309677
1141.205882	1182.426471
624.6666667	1185.555556
1005.707317	1187.04878
1196.736264	1184.758242
1032.338028	1185.732394
1190.083333	1187.083333
940.3170732	1187.682927
945.0294118	1187.411765
1040.266667	1183.683333
1072.88	1187.52
1142.983333	1188.05
1153.027027	1186.689189
629.8	1192.225
609.8636364	1194.439394
650.4930876	1187.142857
971.34	1191.24
1025.714286	1189.428571
1179.051852	1190.377778
1018.130435	1190.942029
1069.105263	1191.763158
1038.5	1193.962963
661.7651007	1191.738255
1004.6	1193.933333
929.7	1194.766667
977.4	1195.5
1028.813333	1195.813333
1184.12605	1197.579832
1138.1125	1195.625
1167.866667	1195.466667
1010.486486	1196.432432
998.6585366	1197.792683
1015.5	1197.590909
1021.652174	1198.782609
1016.222222	1201.518519
936.797619	1204.404762
1028.392857	1202.517857
1006.787234	1202.553191
1181.84	1204.92
991.8591549	1204.112676
1001.227273	1206.560606
1010.5	1208.583333
1015.829268	1210.707317
1022.513761	1207.724771
1113.555556	1209.888889
995.8558559	1212.522523
721	1214.210526
986.9767442	1211.372093
1006.92	1215.6
967.6914894	1216.021277
1240.764706	1215.911765
1116.8	1221.7
987.8095238	1224.904762
1013.5	1227.5
1114.214286	1227.5
922.9090909	1266.227273
701.8	1269.9
780.0128205	1270.044872
720.8175676	1270.594595
696.4411765	1271.705882
712.4322581	1274.283871
867.5	1275.714286
946.5	1275.714286
690.7878788	1278.363636
700.6533333	1276.013333
784.75	1279.423077
700.2436975	1283.067227
741.9166667	1282.416667
691.5833333	1283.708333
829.7306502	1284.260062
781.4714286	1287.071429
683.1612903	1286.735484
731.6875	1287.75
656.7428571	1289.514286
829.9384615	1294.323077
761.875	1290.321429
767.9444444	1290.611111
673	1291.013699
757	1295.625
774.5338983	1294.601695
796.4456522	1297.266304
642.7333333	1298.233333
784.23	1302.31
810.3030303	1303.060606
640.8390805	1305.011494
669.0555556	1307.236111
686.3333333	1304.888889
761.1714286	1302.6
799.2068966	1306.255172
805.7	1308.2
799.7941176	1313.558824
790.3421053	1312.263158
784.5762712	1312.762712
811.4322581	1311.535484
660.2608696	1314.391304
770.4210526	1315.421053
655.8958333	1316.5
691.1304348	1315.130435
688.5882353	1318.823529
797	1319.31746
665.9333333	1319.2
693.8095238	1319.5
635.5148515	1320.09901
786.0740741	1323.074074
790.8378378	1321.486486
809.1887755	1321.658163
820	1323.627119
680.0869565	1324.869565
630.375	1327.566667
795.0526316	1327.763158
665.5632184	1328.264368
704	1328
811.2016807	1330.882353
622.1186441	1329.423729
652.3103448	1331.758621
692.5945946	1329.432432
658.8108108	1331.378378
750.8305085	1332.79661
638.2816901	1334.760563
614.5428571	1334
630.1578947	1336.842105
781.9166667	1334.833333
797.9809524	1334.114286
735.2666667	1336
756.5833333	1336.666667
610.6551724	1339
615.7894737	1339
777.96	1340.2
792.025641	1342.282051
712.375	1344.375
785.7622951	1346.680328
776.7777778	1350.888889
645.8095238	1355.142857
767.7711864	1352.330508
755.8035714	1352.767857
745.3478261	1357.26087
774.1408451	1358.746479
753.4347826	1361.695652
762.745614	1363.587719
694.4	1363.933333
676	1364.904762
767.6792453	1368.188679
698.5744681	1367.957447
781.5882353	1367.941176
581.6153846	1372.538462
575.2432432	1378.135135
734.3076923	1378.307692
696.6511628	1378.883721
654.0294118	1382.676471
789.5714286	1383
658	1385.95122
684	1387.5
782.9482759	1391.896552
743.6551724	1391.62069
752.38	1390.88
676.5	1392.5
749.1829268	1398.329268
725.8	1400
778	1400.090909
956	1402
955.3909774	1409.481203
718	1409
966	1414.5
983.3648649	1413.959459
640.452381	1414.285714
959.7333333	1414.933333
1010.617021	1414.893617
946.4157303	1418.191011
972.7605634	1420.591549
967.2786885	1423.42623
959.7647059	1427.176471
1002.333333	1429.888889
966.8405797	1431.710145
978.5258621	1431
976	1437.058824
960.4	1438.65625
984.6176471	1437.970588
1027.5	1438.8125
988.4545455	1441.363636
969.779661	1445.644068
982.5747126	1446.764368
950.2767857	1445.375
957.9076923	1450.323077
980.0555556	1453.722222
518.4333333	1455.833333
510.1489362	1460.829787
987.3833333	1461.316667
1012.007194	1464.956835
962.027933	1461.648045
956.0357143	1468.607143
1019.461538	1468.846154
509.8888889	1470.722222
979.2	1470.5
1001.085366	1474.036585
1010.731707	1474.146341
1018.892308	1474.815385
985.4336283	1473.911504
489.9166667	1474.083333
496.3023256	1478.697674
520.1578947	1479.947368
489.2539683	1480.698413
1010.320988	1480.888889
470	1487.333333
483.0566038	1488.283019
1017.886364	1485.659091
506.5813953	1494.813953
473.1923077	1496.692308
467.2941176	1523.176471
478.655914	1525.172043
441.44	1527.92
466.3380282	1528.774648
471.6071429	1532.696429
1020.125	1607
1010.96	1608.24
1012.272727	1618.818182
1009.271605	1624.765432
829.9473684	1627.210526
841.1666667	1635.083333
835.28125	1641.09375
1009.621622	1647.432432
836.742268	1647.319588
1064.066667	1646.533333
889.6428571	1649.857143
859.1136364	1650.772727
1054.625	1651.291667
948.5	1653.25
917.4354839	1654.451613
897.3333333	1654.875
982.8032787	1653.754098
772.75	1660.5
866.8630952	1662.607143
1041.193548	1659.967742
995.75	1661.9375
1062.462121	1661.780303
874.6333333	1664.633333
882.5783133	1665.337349
929.5686275	1664.960784
358.7079646	1668.840708
796.7755102	1666.244898
812.5	1667.214286
1054.862745	1667.156863
351.4782609	1669.23913
1009.163934	1668.918033
1060.75	1670.5
342.9268293	1667.365854
879.3333333	1670
923.4529915	1670.307692
1004.84	1669.36
1028.12	1670.48
1065.486486	1671.905405
1100.339623	1671.45283
1022.375	1672.425
911.0484848	1673.818182
1011.803922	1674.980392
998.5	1675
364.1470588	1675.691176
895.9402985	1675.089552
921.5555556	1678.944444
789.8888889	1677.666667
351.4428571	1676.742857
895.4042553	1681.808511
1028.636842	1680.731579
1061.944954	1682.518349
874.4772727	1683.75
366.0272727	1684.154545
1020.461538	1686.557692
752.9387755	1686.816327
783.6857143	1686.971429
1077.547945	1686.657534
343.6416667	1684.85
789.6507937	1687.126984
875	1689.666667
896.7037037	1688.592593
355.7647059	1687.810458
971.1428571	1690.071429
337.4615385	1692.184615
364.5555556	1690.711111
1040.841584	1690.712871
1031.472222	1693.527778
343.9493671	1694.987342
352.7875	1697.7875
362.1304348	1696.043478
368.7096774	1696.258065
1005.230769	1695.435897
813.9931034	1697.22069
1039.206522	1698.195652
327.1060606	1695.651515
346.3043478	1699.782609
854.173913	1698
1066.071429	1698.857143
765.1898734	1698.303797
1056.842105	1700.578947
363.8402778	1704.097222
342.9428571	1705.314286
351.1129032	1705.403226
763.7333333	1705.5
815.5	1705.75
1058.529412	1706.117647
1036.983333	1705.516667
366.3333333	1708.809524
1066.091667	1709.670833
820.5625	1709.71875
894	1710.764706
344.3333333	1711.875
734.5517241	1711.413793
759.9795918	1711.959184
1074.396552	1711.327586
354.15	1711.5625
370.0652174	1711.652174
815.2325581	1711.418605
347.6666667	1714.2
820.1944444	1715.583333
910.5857143	1714.157143
341.7307692	1715.884615
363.5890411	1716.383562
350.7222222	1718.444444
371.1489362	1718.446809
822.5555556	1719
356.12	1718.6
1050.191781	1719.260274
754.969697	1719.393939
829.2692308	1720
1023.181818	1720.969697
1060.122699	1721.969325
361.3461538	1721.461538
907.5254237	1720.101695
800.047619	1721.690476
1097.412698	1721.904762
344.6792453	1727.028302
355.9791667	1724.5
854.1578947	1724.736842
1026.65625	1725.28125
1031.844444	1727.111111
1052.875	1726.75
912.8152866	1729.630573
1001.452381	1731.619048
852.4482759	1735.310345
907.1538462	1740.798077
409.8484848	1744.242424
981.8333333	1748
745.84	1747.72
875.625	1749.78125
888.8823529	1752.117647
939.76	1752.72
869.7272727	1755.363636
426.5	1758.180556
963.5625	1757.28125
969.952381	1758.904762
495.05	1762.75
455.5352113	1766.633803
416.5	1768.5
950	1767.5
978.4	1768.6
512.4823529	1770.611765
765.1071429	1770.892857
945.8653846	1772.076923
481.2105263	1774.105263
979.9148936	1773.212766
412.8	1777.76
490.4347826	1777.391304
792.4074074	1777.074074
842.8421053	1776.263158
945.8125	1777.6875
479	1778.352941
954.7313433	1780.925373
974.5333333	1780.666667
461.5925926	1782.444444
961.4117647	1782.294118
968.3636364	1784.575758
474.8157895	1784.947368
480.1481481	1783.148148
484.0666667	1785.8
956.75	1787.15625
465.7857143	1786.642857
786	1786.5
962.9142857	1787.971429
493.576087	1788.934783
480.9082569	1791.87156
446.4126984	1793.31746
382.1428571	1795
828	1795.939394
817.6666667	1797.555556
934.5416667	1800.604167
827.488	1802.672
391.2469136	1804.271605
461.6585366	1805.634146
834.1176471	1806.823529
454.8	1806.566667
352.5	1808.5
488.1538462	1809.807692
385.7142857	1811.387755
452.2631579	1814.75
899.5	1813.5
939.0666667	1816.6
915.6	1818.1
980.8461538	1819.923077
985.925	1822.0375
916.8043478	1822.869565
362.6666667	1822.25
924.5679012	1822.123457
382.247619	1821.609524
907	1824.232558
928.8	1825.6
872.3333333	1825.833333
415.4761905	1827.761905
1144.740541	1829.632432
981.6	1832.4
934.6181818	1834.072727
1102.444444	1833.666667
925.015873	1833.952381
913.5128205	1837.430769
883.3333333	1837.875
1104.421053	1837.368421
1111.5	1839.1875
409.2424242	1841.575758
882.2631579	1843.157895
925.25	1843.359375
461.1401869	1843.411215
1103	1845.666667
961.7058824	1848.235294
969.8811881	1846.133663
1099.0625	1847.6875
418.078125	1852.84375
451.6578947	1854
461.8550725	1850.188406
477.1304348	1851.913043
1099.170732	1853.146341
935.12	1853.24
459.4824561	1859.596491
880.9090909	1858.363636
429.7108434	1857.084337
928.0606061	1858.090909
1132.297619	1860.285714
1073.32	1862.76
1123.45614	1863.684211
1142.983333	1861.883333
939.8172043	1861.408602
1139.344262	1866.42623
935.516129	1867.096774
370.2022472	1869.280899
1095.882353	1869.411765
363.4166667	1870.625
1071.907407	1870.537037
1081.394737	1870.789474
1162.769231	1873.153846
365.4186047	1875.302326
379.1186441	1873.762712
1075.270833	1874.666667
1100.945946	1873.202703
924.5384615	1877
377.02	1879.34
1084.271186	1877.661017
1077.742857	1879.971429
1094.178571	1878.267857
358.1746032	1880.095238
960.375	1881.041667
455.5	1881.25
1090.666667	1880.166667
877.4545455	1882.181818
884.7272727	1883.5
1069.35	1882.466667
341.1408451	1886.71831
1059.167513	1882.456853
960.3846154	1886.384615
1103.284553	1890.121951
1111.455882	1887.661765
352.4545455	1891.5
1088.041667	1891.885417
1078.350575	1887.729885
1094.868056	1889.743056
937.3225806	1893.951613
333.4931507	1893.821918
1078.916667	1895.666667
1082.837838	1896.324324
1107.183333	1898.033333
1070.14881	1896.315476
336.862069	1901.413793
1094.149533	1903.093458
1078.071429	1906.242857
1084.864407	1904.762712
1190.153846	1904
1106.984694	1906.571429
903.4193548	1911.451613
489.5625	1913.625
1104.4	1922.3
1156.806452	1922.225806
533.5	1924.727273
485.7142857	1927.971429
555.5	1933.875
338.3675214	1938.931624
350.6633663	1941.752475
571.5	1944
334.5652174	1946.478261
601.2352941	1948.823529
450.4444444	1950.111111
346.2068966	1950.62069
450.3653846	1956.326923
445.3333333	1958.388889
455.2698413	1958.825397
397.5517241	1958.586207
429.8536585	1959.853659
593.0634921	1963.730159
584.1818182	1968.818182
378.1176471	1970.588235
576.9090909	1972.363636
588.8064516	1977.516129
342.9166667	1978.833333
583.9677419	1978.064516
456.5	1984.5
586.6052632	1984.315789
335.3076923	1987.5
429.5	1991
412.5	1992.1875
479.1052632	1992.578947
488.92	2002.2
350.5	2003.5
621	2003
403.7560976	2008.658537
336.1	2010.8
480.2816901	2010.732394
555.2222222	2009.777778
330.6363636	2011
444.546875	2018.234375
425.3333333	2018.888889
355.6666667	2020
422.2972973	2022.702703
432.662069	2028.175862
442.9268293	2027.402439
561.4074074	2027.925926
506.030303	2032.515152
568.7560976	2034.073171
405.3173077	2034.471154
366.3023256	2037.116279
483.5	2040.142857
580.9090909	2040.363636
611.5217391	2043.130435
379.5	2047.5
488.2	2048.5
422.0769231	2049.307692
322.8684211	2052.5
497.3043478	2054.217391
542.4117647	2055.5
613.2461538	2061.615385
634.9333333	2063.866667
612.6551724	2066.62069
605.0862069	2070.258621
632.2941176	2070.803922
390.8780488	2071.512195
591.6792453	2071.584906
443.5833333	2073.541667
499.5	2073.4
527.8181818	2073.318182
539.5	2073.4
386.1914894	2076.021277
585.7083333	2074.791667
394	2078.3125
472.5	2076.5
613.6071429	2078.464286
491.7333333	2077.688889
387.1914894	2082.106383
430.5740741	2083.12963
393.6190476	2085.904762
530.7377049	2086.819672
419.9655172	2087.793103
332	2086.266667
392.6521739	2089.217391
609.9705882	2091.294118
286.3333333	2091.309524
542.1204819	2090.289157
331.3125	2093.479167
352.875	2096.0625
427.5384615	2094.692308
570.6785714	2097.416667
541.5454545	2100.354545
268.3157895	2101.505263
421.6052632	2101.359649
506.3095238	2100.369048
574.6808511	2102.489362
431.1285714	2103.435714
557.6363636	2104.090909
261.4594595	2107.756757
272.4583333	2107.791667
530.1538462	2107.769231
437.1071429	2109.928571
574.0689655	2111.827586
240	2112
265.4545455	2113
359.2727273	2112.454545
278.4	2112.890909
442.9318182	2114.25
232.1136364	2114.295455
409.5	2114.433333
433.4761905	2114.380952
335.5	2117.5
634.2727273	2117.818182
429.4545455	2119.649351
437.3958333	2122.572917
448.6271186	2119.169492
575.5138889	2119.986111
316.7142857	2121.5
358.5	2121.5
259.0487805	2122.463415
322.3571429	2122.47619
553.6060606	2123.363636
361.1071429	2126.321429
547.7840909	2126.363636
380.2857143	2131.071429
558.8843537	2130.870748
547.7948718	2135.153846
373.6666667	2135.25
552.4107143	2138.964286
558.9166667	2139.638889
378.0909091	2141.090909
624.4571429	2147.428571
295.0571429	2148.114286
609	2148.2
405.5882353	2148.647059
580.7761194	2151.641791
532.9565217	2150.608696
586.0470588	2154.164706
539.8476821	2154.245033
412.4090909	2158.227273
618.7	2157.966667
624.7540984	2159.393443
545	2161.5
623.0909091	2165.909091
686.2391304	2164.630435
692.8444444	2167.066667
681.4285714	2170.597403
700.7592593	2169.37037
533.4615385	2169.884615
516.9583333	2170.875
689.4186047	2171.976744
561.375	2173.916667
592.4186047	2173.953488
516.2	2177
561.7317073	2180.219512
612.4285714	2183.542857
685.225	2182.55
495.5882353	2189.058824
502.5238095	2188.920635
483.5	2189.5
477.9583333	2192.833333
611.5	2193.5
480.010989	2200.978022
569.5384615	2202.307692
596.5	2201.111111
658.1875	2200.8125
541.9375	2203.3125
638.9846154	2199.830769
635.1098901	2205.626374
564.9473684	2207.526316
644.6111111	2205.462963
674.173913	2206.26087
531.7692308	2207.512821
658.4418605	2205.325581
651.5535714	2207.75
660.35	2211.25
537.9354839	2210.516129
608.1111111	2210.25
652.9852941	2213.852941
531.6363636	2213.909091
741.0625	2214.734375
516.0833333	2216.666667
558.025641	2218.589744
536.4827586	2220.965517
739.8333333	2220.916667
509.1714286	2222.685714
557.2903226	2223.645161
503	2227.789474
573.0705882	2228.176471
486.7468354	2256.151899
539.0952381	2278.904762
757.2222222	2280.5
545.6258993	2285.964029
550.9736842	2289.473684
670.2857143	2287
539.2741935	2290.967742
556.4255319	2291.659574
686.6976744	2293.27907
483.5	2295.666667
545.5294118	2297.294118
554.6486486	2298.364865
550.125	2299.75
536.6692913	2299.866142
650.5	2299
545.1929825	2301.77193
529.625	2301.833333
538.0416667	2308.833333
532.0666667	2310.56
485.5416667	2310.625
504.7380952	2315.857143
487.6865672	2317.223881
496.3125	2323.96875
597.1481481	2326.962963
511.8266667	2327.933333
755.6666667	2333
620.9565217	2335.608696
604.2222222	2334.888889
588.8690476	2337.345238
609.3636364	2338.151515
604.9354839	2340.419355
469.6229508	2342.688525
465.6976744	2345.488372
534.3255814	2343
492.4285714	2345.142857
525.8888889	2346.111111
543.4181818	2344.454545
604.4	2347.5
677.8695652	2347.217391
534.5454545	2350.020979
551.3789954	2351.30137
493.3564356	2354.386139
536.719697	2358.712121
459.25	2358.85
573.9545455	2359.681818
545.2	2362.5
454	2364.538462
459.6764706	2367.264706
521.125	2369.333333
461.3	2373.7
752.5333333	2374.133333
518.9333333	2379.933333
735.4285714	2380.057143
619.8275862	2394.931034
487.8915663	2396.072289
459.3636364	2398.909091
466.0588235	2401.411765
493.7416667	2400.258333
463.2666667	2404.222222
469	2407.766667
615.1960784	2409.019608
738.5	2411.5
472.3555556	2416.088889
500.5	2420.8
460.7555556	2428.555556
488.1290323	2431.725806
590	2437
584.0263158	2438.236842
440.8571429	2438.428571
483.8780488	2444.878049
490.8965517	2443.896552
493.4705882	2447.588235
494	2452.627119
705.8421053	2523.473684
634.7741935	2530.849462
701.7037037	2531.166667
628.8888889	2533.5
640.6486486	2536.297297
626.1818182	2538.363636
658.5	2539.5
660.326087	2556.608696
653.2439024	2560.585366
667.3109244	2559.554622
680.6413043	2560.358696
676.2307692	2565.67033
670.08	2566.88
656.625	2568.125
666.5	2569.4
660.8125	2570.78125
674.8947368	2583.77193
676.4242424	2594.575758
649.3846154	2597.615385
674.4230769	2601.115385
679.4117647	2605.294118
651.5172414	2608.103448
627	2614
630	2622
653.3157895	2640.736842
690.2580645	2640.951613
652.3846154	2647.692308
657.5	2654
612.7692308	2663.403846
573.872093	2664.186047
617.36	2666.2
609.3461538	2669.730769
578.3333333	2671.25
579.3921569	2677.911765
767.0983607	2729.278689
754.4683544	2733.974684
759.92	2734.66
765.8531073	2740.079096
732.137931	2748
935.1	2753.8
925.1208791	2763.879121
932.2777778	2765.305556
952.3707865	2769.505618
946.5263158	2772.868421
921.0211268	2775.957746
933.427673	2770.886792
941.5151515	2773.515152
915.0588235	2777.764706
957.4909091	2775.563636
938.3768116	2779.855072
928.2686567	2782.41791
733.2352941	2782.117647
931.5384615	2784.730769
948.3896104	2782.298701
941.9384615	2786.369231
955.791411	2786.447853
906.5925926	2788.925926
928.137931	2788.758621
918.4637681	2791.391304
944.0650407	2795.601626
937.02	2794.66
926.2612613	2798.86036
934.9022989	2806.787356
918.4230769	2811.230769
945.9787234	2814.255319
952.1111111	2816.555556
947.1304348	2819.434783
893.3333333	2822.875
919.4117647	2823.686275
914.625	2827.875
963.2692308	2828.205128
942.5675676	2825.63964
932.6143791	2830.470588
949.6153846	2827.353846
882.1071429	2831.803571
910.0277778	2831.555556
954.5238095	2833.25
965.4285714	2832.857143
888.2272727	2834.545455
948.5135135	2838.094595
967.8888889	2836.587302
941.7634409	2842.483871
951	2845.533333
725.9565217	2875.913043
730.6578947	2876.894737
748.8709677	2877.645161
630.5703125	2880.085938
622.9032258	2883.935484
718.1538462	2883.769231
743.6071429	2884.5
702.16	2885.04
732.5294118	2885.156863
691.5	2887.5
791.6538462	2887.346154
616.6666667	2888.733333
717.3809524	2888.666667
592	2893.125
618.0892857	2893.089286
687.875	2893.125
584	2894
622.9	2897.3
587.1891892	2898.567568
792.1351351	2897.648649
613.505618	2899.101124
685.3076923	2899.807692
573.6521739	2902.130435
588.7894737	2903.526316
707.3555556	2902.866667
684.2	2905.666667
576.8380952	2908.219048
770.778481	2914.670886
580.8181818	2916.818182
558.8918919	2918.864865
569.9026549	2923.716814
657.0588235	2923.921569
791.1351351	2923.837838
763.5409836	2926.737705
650.6956522	2928.130435
603.8709677	2927.967742
732.7166667	2929.6
795.7021277	2928.702128
757.9117647	2932.470588
570.0294118	2932.205882
785.8023256	2932.651163
725.10625	2936.63125
568.4302326	2940.290698
716.7090909	2939.690909
718.3076923	2944.615385
723.4545455	2946.19697
687.5	2950.5
770.4193548	2952.129032
799.44	2951.58
587.0384615	2955.692308
572.5306122	2961.142857
734.4166667	2963.5
569.8333333	2967.5
671.3666667	2970.5
534.8095238	2989.571429
804.9285714	2991.02381
746.3076923	2992.846154
530.0945946	2996.243243
748.875	2996.625
821.5410959	3002.287671
659.5	3004
718.1428571	3003.771429
798.0857143	3003.457143
526.7213115	3003.786885
533.9782609	3010.119565
762.3488372	3007.255814
669	3008.5
527.4444444	3008.388889
700.2105263	3009.631579
530.625	3011.25
525.9411765	3015.327731
770.5849057	3013.132075
514.0526316	3016.631579
701.8888889	3017.518519
511.75	3019.65
519	3022.074074
710	3024.5
507.3194444	3024.180556
534.7222222	3024.857143
516.4352941	3029.647059
525.2649573	3028.871795
509.38	3031.2
805.9130435	3028.956522
662.0769231	3033.307692
731.2916667	3032.833333
505.25	3034.666667
512.6	3037.883333
780.6666667	3034.62963
520.5853659	3038.658537
756.147541	3039.090164
793.88	3038.56
661.8767123	3040.465753
713.8	3039.45
785.1355932	3040.135593
723.0348837	3040.72093
745.0253165	3043.050633
775.6974359	3044.153846
688.6990291	3046.378641
748.627451	3047.588235
788.1363636	3045.363636
794.1084337	3045.409639
721.5193798	3049.96124
657.2647059	3047.970588
682.0740741	3048.407407
759	3048.046512
731.2173913	3049.695652
740.6206897	3050.793103
782.25	3051.678571
787.3859649	3052.350877
752.6555556	3053.711111
710.8541667	3054.833333
721.3333333	3059.203704
664.0857143	3059.257143
760.2380952	3059.666667
704.9479167	3060.541667
715.8461538	3062.461538
707.475	3065.675
757.7037037	3064.333333
771.6363636	3064.318182
658.92	3067.2
650.3055556	3069.819444
703.8064516	3072.290323
711.959596	3072.878788
701.6666667	3079.75
682.2727273	3085.818182
563.7446809	3100.425532
698.2631579	3102.157895
563.0434783	3106.666667
711.1967213	3110.5
705.625	3116.625
560.0714286	3119.404762
545.625	3123.5
535.5555556	3134.888889
532.1794872	3141.435897
648.40625	3143.0625
656.140625	3146.328125
552.06	3150.88
650.5526316	3149.710526
655.6736842	3154.452632
523.5416667	3158.25
532.3461538	3160.346154
527.2631579	3164.526316
710.3928571	3167.392857
548.8709677	3167.774194
531.4102564	3168.384615
525.975	3174.025
534.025	3174.025
554.7777778	3173.018519
548.3137255	3178.568627
527.21875	3181.09375
528.3478261	3186.130435
532.6315789	3186.210526
546.6666667	3189.533333
532.5	3190.5
701.6888889	3190.622222
523.1372549	3191.117647
655.32	3195.76
548.2361111	3197.75
520.9090909	3202.636364
690.173913	3203
517.5818182	3215.454545
540	3216.074074
688.4210526	3216.421053
505.7166667	3218.583333
498.7058824	3221.117647
511.4444444	3224.796296
504.8333333	3225.62963
517.5681818	3226.159091
497.5897436	3229.128205
515.1372549	3232.137255
503	3230.880952
507.9518072	3237.012048
497.3586957	3237.043478
708.625	3239.6875
510.5714286	3251.628571
508.5306122	3259.306122
513.3859649	3263.368421
520.7924528	3262.377358
517.9453125	3271.023438
552	3276.5
674.3271028	3282.084112
746.6764706	3283
713.7142857	3287.777778
488.275	3295.075
692	3295.5
752.1525424	3297.559322
745.7177419	3303.516129
676	3308
694.6666667	3319.333333
794.5	3319.875
785.3333333	3324.083333
693.1034483	3329.275862
746.0740741	3334.703704
664.3	3345.3
744.24	3345.1
751.4933333	3344.013333
736.6356589	3345.224806
745.1344538	3353.613445
716.1315789	3354.973684
715	3362.573529
687.8461538	3368.564103
798.925	3367.8
674.5769231	3370.923077
690.6	3379.5
764.2352941	3382.176471
735.0714286	3386.142857
795.4339623	3389.698113
735.5	3389.75
744.3776224	3388.629371
736.6969697	3397.353535
744.0933333	3400.306667
710.125	3403.875
700.7428571	3405.342857
695	3405.5
733.6666667	3406.888889
701.78125	3411.53125
774.826087	3413.507246
784.5	3415.5
790.9354839	3427.387097
639.2162162	3428.081081
703.55	3430.45
707.09375	3435.875
790.2058824	3436.088235
652.2758621	3438.551724
790.9814815	3443.351852
613.5333333	3446.133333
707.7692308	3447.876923
738.8636364	3450.181818
681.4074074	3451.5
773	3451.5
687.125	3452.875
690.5294118	3452.764706
707.5185185	3455.08642
691.8235294	3459.372549
602.3076923	3459.961538
700.3402062	3461.618557
776.6078431	3460.254902
640.4642857	3466.214286
710.5	3469
605.5079365	3470.190476
613	3470.5
613.0869565	3475.217391
596.3225806	3478.596774
737.4920635	3485.555556
661.5555556	3496.333333
669	3498.684211
683.5	3499.5
623.6140351	3502.491228
672.2916667	3507.708333
721.7826087	3507.391304
744.7083333	3508.197917
724.1	3511.3
736.84375	3511.5
766.2	3513.06
643.5	3515.5
691.0540541	3520.324324
626.3636364	3520.909091
694.6875	3524.1875
773.0666667	3522.933333
700.625	3524.75
609.1785714	3527.107143
727.1041667	3527.041667
695.969697	3534.484848
680.1538462	3536.076923
755.5	3536.5
690.6140351	3537.333333
686.6428571	3541.071429
700.7096774	3543.419355
652.5925926	3545.444444
743.3846154	3550.615385
658.5	3551
709.9090909	3553.363636
692.5	3551.579365
695.9772727	3557.954545
703.210084	3561.159664
708.75	3561.8
720.5	3565.75
786.1509434	3568.773585
790.7058824	3570.588235
679.9722222	3572.305556
725.5365854	3573.439024
776.95	3573.9
655.7619048	3575.47619
741.6608696	3576.913043
661.3846154	3581.230769
791.2253521	3579.521127
748.96	3583.2
642.6060606	3581.772727
669	3584.5
653.8666667	3587.466667
783.1647059	3585.341176
641.5444444	3590.233333
658.1333333	3595.466667
648.8	3596
746.8019802	3596.019802
646.4705882	3600.352941
735.3793103	3601.310345
727.6	3602.16
719.1111111	3603.333333
740.4358974	3603.641026
737.8333333	3608.833333
726.7325581	3608.267442
718.5384615	3611.384615
729.25	3615.694444
756.7924528	3616.830189
628.5882353	3616.705882
723.1818182	3615.818182
749.2	3617.68
721.4	3621.2
744.3	3619.333333
726.9375	3622.25
750.5882353	3621.588235
720.6666667	3628.12
727.95	3631.6
698.3333333	3638.111111
688.1851852	3642.185185
651.3611111	3642.972222
648.75	3649.25
735.25	3720.0625
725.1372549	3725.862745
735.9333333	3745.766667
795.9333333	3744.422222
742	3748.725
848.7142857	3749.326531
730.1578947	3752.526316
750.6230769	3752.553846
836.2121212	3752.060606
704.9473684	3754.789474
716.5	3755.076923
770	3754.416667
736.2	3756
850.8222222	3755.933333
722.1333333	3757.177778
729.7192982	3759.842105
843.875	3768.125
781.4210526	3770.526316
828.7714286	3772.2
868.5151515	3773.121212
745.8	3774.654545
753.0535714	3773.625
738.0666667	3774.866667
844.9722222	3776.888889
733.4842105	3781.431579
741.5217391	3782.927536
759.4126984	3782.047619
880.3846154	3783.384615
745.8	3784
753.0843373	3783.60241
785.1904762	3784.142857
717.6	3786.6
746.8953488	3790.732558
876.0625	3788.3125
737.12	3789.52
879.0909091	3790.272727
784.9322034	3791.644068
795.5064935	3792.025974
723.7052632	3796.073684
735.2238806	3796.485075
728.1714286	3801.571429
799.4545455	3798.909091
907.2727273	3798.515152
731.9111111	3805.733333
898.9220779	3808.883117
730.1612903	3822.612903
751.1071429	3822.821429
790.1052632	3823.578947
823.7142857	3824.952381
755.3913043	3828.086957
775.5263158	3832.131579
884.1428571	3832.071429
877.7894737	3832.5
884.1111111	3835.111111
737.6388889	3836.805556
877.5972222	3838.694444
868.8333333	3839.694444
781.7142857	3843.5
838.8666667	3843.533333
878.3134328	3847.402985
911.7826087	3846.391304
840.65	3849.3
890.0102041	3851.683673
783.5180723	3854.53012
930.0545455	3853.445455
828.3488372	3857.674419
900.3191489	3861.085106
824.7619048	3861.952381
790.9	3862.666667
792.25	3868.625
784.6451613	3869.193548
903.2873563	3869.068966
787.5	3872.6
912.5925926	3872.444444
797.7058824	3874
901.4	3878.5
792.2333333	3878.966667
814.6428571	3881.142857
892.078125	3879.390625
817.7142857	3883.047619
888.24	3885.4
779.5853659	3884.121951
847.5348837	3889.255814
787.8308824	3889.786765
793.6666667	3888.884058
798.75	3891.25
895.7843137	3890.686275
896.5324675	3895.402597
809.7292818	3896.662983
821.1818182	3899.545455
841	3900.081395
861.3478261	3902.282609
867.4468085	3903.744681
874.372093	3902.604651
874.9705882	3907.147059
889.7692308	3907.25641
833.1	3910.083333
862	3910.796117
879.7721519	3912.987342
845.6446281	3914.223141
870.4227642	3916.772358
876.75	3919.25
837.691358	3919.987654
846.9047619	3922.793651
894.7407407	3922.203704
838.9705882	3926.382353
879.3392857	3927.232143
871.3170732	3927.853659
876.8461538	3933.769231
