X	Y
0	0
0	6000
6000	0
6000	6000
993.775	21.7
1013.55	21.05
1031.26087	22.95652174
986.1162791	24.60465116
1023.534483	26.48275862
1036.382716	29
1040.3125	24.125
1029.391304	26.65217391
1006.358209	26.76119403
972	29.12903226
1012.257143	28.74285714
978.725	28.775
988.2075472	30.20754717
1046.376923	35.40769231
960.3518519	31.61111111
1003.170213	34.08510638
1017.089552	31.56716418
967.5434783	34.34782609
994.2941176	33.62745098
1024.540541	33.91891892
1037.095238	34.85714286
957.0196078	36.05882353
980.2616822	35
941.4	37.92
950.9722222	35.66666667
972.115942	40.28985507
987.5945946	39.13513514
944.7570093	43.27102804
936.65	40.95
960.8852459	40.63934426
1037.636364	40.45454545
930.9565217	43.82608696
1053.584615	42.81538462
1041.518519	45.25925926
1022.520833	46.64583333
1052.346154	48.03846154
915.3432836	52.13432836
922	49.52631579
936.2878788	50.13636364
1037.647059	49.66666667
925.9325843	53.2247191
1055.654545	52.50909091
1046.935714	55.53571429
903.7532468	56.92207792
1036.95	55.1
911.4	56.73333333
1029.578947	58.36363636
1055.125	59.875
897	63.58333333
1040.127273	61.27272727
890.8714286	64.1
1029.022857	68.90857143
986.7894737	69.5
863.3809524	71.61904762
1016.944444	67.53703704
880.7244094	70.99212598
1044.943396	71.81132075
874.125	76.09375
853.0833333	77.29166667
868.7368421	76.18421053
1023.928571	76.95238095
1050.735849	76
1013.938272	77.24691358
1005.25641	76.35897436
1030.348837	78.04651163
998.4545455	82.11363636
859.5909091	80.75
1035.082192	83.57534247
1018.730769	79.92307692
1053.517857	81.16071429
868.0196078	81.62745098
1018.0625	85.0625
986.5762712	84.38983051
1050.352941	85.73529412
871.375	87.54166667
1026.312977	88.58778626
1009.495935	87.80487805
1059.735294	86.05882353
993.3809524	90.77380952
1042.650407	88.56910569
1052.619048	92.64285714
986.5128205	91.07692308
874.28	93.12
825.0842105	96.25263158
846.1857143	92.87142857
1056.6875	92.28125
1005	95.24193548
1061.205128	94.94871795
818.0731707	96.63414634
997.9137931	97.12068966
983.3636364	99.04195804
1046.74	97.58
832.3898305	99.54237288
1027.086207	99.03448276
1031.227273	96.93181818
1035.755102	95.65306122
875.0384615	98.84615385
1057.727273	101.7954545
1063.125	101.0833333
997.8095238	101.8571429
1019.87037	100.4074074
811.24	103.84
972.5	103.5
802.7108434	102.5301205
878.1034483	105.2758621
984.7916667	106.0555556
1037.710145	103.942029
1045.881119	105.5384615
1061.65	105.15
1065.333333	107.3333333
789.9640288	110.0215827
802.969697	108.7878788
809.5666667	109.7
973.5890411	109.1506849
1055.285714	110.8928571
1060.222222	110.5
798.4642857	111.2857143
1065.05	113.25
776.5614035	114.8070175
1048.84	113.96
797.05	116.825
895.7794118	116.2941176
1061.3	116.825
791.05	118
1054.97619	117.9285714
786.5384615	118.8717949
772.4565217	121.5434783
764.25	122.45
1003.25	125.1785714
780.1566265	123.5542169
1052.448276	123.3448276
770.5555556	126.6444444
1061.705882	123.4509804
996.3448276	128.1034483
1047.046512	125.6976744
818.675	129.8875
1059.826087	127.3913043
764	129.7777778
895.3043478	131.3333333
1053.7375	136.5375
1063.809524	131
768.5151515	131.6666667
778.9130435	132.1304348
1051.966667	131.2
746.5531915	132.2765957
754.6894737	135.6157895
1033.5	134.1842105
1048	134
1062.416667	137.3055556
742.7714286	138.6571429
816.9	141.3333333
748.68	142.96
732.1917808	144.4246575
986.6410256	146.1282051
738.7777778	148.1597222
852.2307692	146.8076923
783.88	150.2
745.2413793	148.2758621
855.3235294	153.4705882
728.4545455	152.8961039
714.5797101	154.3913043
747.12	157.08
699.6803279	160.2377049
1030.96875	159.96875
1060.548387	159.1451613
1054.606838	154.5128205
708.3478261	161.6521739
718.7634855	162.0954357
737.8611111	162.5555556
690.7454545	167.6727273
702.3243243	166.7567568
831.6190476	167.4285714
709	170.4390244
1026.277778	169.8333333
680.4444444	172.5277778
687.7407407	173.6851852
714.8709677	172.8064516
1061.653846	181.8461538
698	174.5217391
705.7027027	176.1081081
713.2380952	177
673.6906077	180.0497238
687.4	179.3
1020.727273	179.3636364
1051.820755	179.1132075
701.7735849	177.0188679
662.5	184.9545455
681.7804878	186.7073171
697.1470588	187.2941176
705.125	186.7083333
1051.869565	188.7826087
654.8163265	190.7346939
649.137931	192.2068966
666.0133333	191.3066667
669.6578947	196
760.7368421	194.6315789
655.1463415	196.6585366
1062.307692	200.4358974
1054.061538	201.2461538
1063.72093	205.9767442
656.9444444	205
961.4285714	206.2857143
1061.347826	210.826087
1055.707207	214.490991
619.0409836	214.8196721
598.2040816	219.6428571
875	218.173913
615.3461538	220.8846154
908.3454545	224.0969697
607.5203252	221.4146341
620.75	222.6388889
645.8275862	225.1034483
674.515625	225.765625
1055.333333	226.9259259
604.6969697	229.2121212
618.6949153	228.440678
1058.923077	228.9615385
598.5833333	230.4583333
643.9864865	235.0135135
908.3191489	235.4255319
1053.97561	235.902439
945.0833333	238
580.5394737	236.3157895
932.173913	236.6521739
1048.051282	237.8461538
919.9	238.5375
650.1935484	244.2580645
569.7272727	244.6818182
559	248.3544304
922.0769231	250.5769231
567.44	252.58
561.8666667	254.3
854.0952381	258.2857143
565.65	259.85
558.175	262.225
562.8695652	263.2173913
733.7272727	264.7727273
547.88	264.64
852.59375	269.96875
540.06	269.2
1052.074074	278.962963
536.4700855	280.1111111
528.0769231	282.4615385
533.3421053	288.0263158
597.6538462	289
874.0104167	289.1354167
883.7391304	299.2826087
670.9591837	293.6326531
532.5142857	296.0285714
628.1785714	297.7678571
524.234375	296.5
872.8191489	300.3085106
496.64	304.16
513.1515152	304.969697
937.606383	305.5
946.8817204	307.5806452
491.6744186	309.372093
503.4888889	311.2666667
889.0857143	307.3428571
507.2307692	309.5
884.5	310.3181818
515.9189189	310.7837838
933.8923077	313.2307692
520.4090909	312.1363636
525.7826087	309.0869565
929.0576923	309.3076923
489.1538462	314.9615385
498.8382353	315.6617647
945.2833333	316.4416667
509.32	317.52
802.3170732	316.7804878
570.516129	318
749.95	318.9
504.8484848	320.4848485
935.3730159	323.4761905
482.7619048	322.0952381
798.452381	321.047619
941.7352941	322.6764706
1026.9	323.4
524.1363636	323.6363636
927.53125	325.75
492.25	324.59375
480.8846154	328.0769231
918.4637681	325.4275362
839.6315789	330.7192982
483.7631579	331.6578947
476.8717949	330.5128205
488.92	333.4
922.5405405	331.2432432
472.625	336.1666667
478.2195122	337.0487805
798.26	336.54
467.9761905	340.3809524
485.3939394	338.9393939
477.3516484	344.043956
867.64	339.04
457.9069767	348.2868217
906.5483871	340.9354839
912.2	343.9166667
803.2222222	343.9047619
952.4583333	344.625
795.3777778	346
468.875	350.0446429
925.3269231	349.25
1002.64	355
460.6440678	356.7457627
814.3090909	359.1636364
996.625	362.9722222
542.52	362.4
479.2463768	363.5362319
451.1764706	363.3921569
439.1712329	362.4452055
455.0526316	370.0263158
436.5660377	371.3584906
442.9411765	369.0882353
985.047619	372.2857143
436	377.4054054
442.0384615	377.9807692
574.7647059	382.9117647
418.6792453	383.490566
429.3426573	385.1363636
870.1775701	386.7383178
864.4100719	392.0431655
1004.409091	389.5454545
594.95	394.65
922.9565217	394.7391304
419.7647059	396.0784314
509.6704545	396.8068182
918.78125	397.90625
954.5277778	397.3333333
912.9571429	398.9142857
1007.62069	395.862069
862.1538462	399.1923077
415.5714286	401.7142857
1007.449438	406.2359551
947.7	403.9666667
698.9565217	406.5217391
934.7	413.4625
930.1875	411.21875
704.4705882	413.0588235
1001.8	414.7
395.1727273	415.3454545
399.5416667	418.25
813.9210526	417.0526316
998.6666667	419.6666667
652.46875	423.6875
879.9487179	429.6410256
376.8809524	430.9047619
415.6538462	435.1538462
460.4852941	436.3970588
815.9642857	439.1785714
1071.95	440.825
629.8235294	442.0588235
879.3375	442.4625
820.0909091	442.2727273
912.9666667	442.6
465.962963	442.3333333
874.03125	443.6875
463.8888889	446.8148148
883.3181818	448.3636364
815.3269231	452.2884615
870.3418803	452.1196581
467.0185185	457.2592593
913.9027027	460.9081081
598.7118644	463.9322034
1098.181818	462.3409091
791.8108108	464.3243243
923.752809	462.6067416
816.35	467.15
1102.969697	468.0606061
473.3333333	468.2222222
809.0769231	467.8461538
1105.446809	475.2553191
919.5	475.9375
561.4918033	476.6229508
606.5	478.4354839
1065.366667	481.8
1103.333333	484.7407407
1108.638889	483.9722222
1116.678571	483.25
1121.475	488
613.5217391	491.826087
369.7631579	490.8947368
878.3493976	496.626506
567.4444444	494.5833333
1113.285714	499.047619
1126.051282	499.974359
1040.666667	499.6969697
572.9466667	510.9333333
949.8059701	509.8656716
1133.065041	512.2357724
794.3934426	517.5901639
1138.403226	515.5645161
471.2758621	519.7241379
559.3225806	520.483871
1143.868852	521.9672131
1136.5	522.3636364
474.9322034	527.5084746
941.1818182	528.0454545
932.325	526.675
1148.05	528.9
798	529.0571429
569.4358974	534.3589744
1146.857143	537.2571429
1058.985294	541.2058824
571.2068966	542.1724138
1143.333333	541.25
854.2868852	545.0983607
1130.958333	543.7083333
299.7916667	546.9166667
786.2068966	550.3448276
1149.428571	550.25
1044.576923	551.6538462
1143.982759	550.8448276
873.9298246	560.8070175
1149.506329	561.4303797
295.8571429	563.1309524
693.9054054	562.5540541
1039.088889	561.9777778
860.7083333	563.6666667
1143.5	566.8181818
1033.321429	570.3214286
1156.863636	568.0909091
450.7948718	568.8461538
927.25	571.35
1146.654762	571.4642857
293.5652174	573.4347826
872.7741935	572.7741935
1161.172414	571.9310345
1030.791667	575.875
934.5466667	573.7733333
1023.285714	575.6190476
1159.272727	577.0454545
1163.384615	577.9615385
1151.37931	579.2298851
803.3818182	581.3636364
387.025641	583.4358974
918.4385965	584.8596491
280.2	586.68
795	585.9655172
1026.433333	583.15
1143.359375	588.453125
1149.724138	587.862069
1156.421053	591.4947368
395.5660377	587.754717
522.122449	592.1836735
1019.823529	592.1470588
400.4782609	595.25
1150.703704	593.5185185
628.1528926	598.4297521
1145.2	595.6666667
1157.346154	600.1346154
839.28	599.28
736.2916667	600.375
1015.386364	600.7272727
755	601.2083333
1146.166667	601.8
643.6493506	609.3441558
733.8809524	604.8809524
1162.723684	607.6710526
748.24	607.64
1154.035714	606.5357143
267.5	608.5454545
1149.214286	610.5357143
746.6511628	613.5581395
1167.016667	614.5333333
1153.673077	614.8269231
592.44	617.88
264.4039735	622.1721854
1168.128205	621.7435897
854.7413793	624.0344828
1067.2	627.2
1162.772727	625.969697
1173.027397	627.9315068
1059.1	633.6428571
1174.857143	631.6785714
1134.791667	632.875
694.6363636	634.9545455
668.2244898	635.5510204
1174.487805	637.6341463
736.3214286	637.0357143
1166.888889	638.4166667
806.6041667	637.9791667
714.9428571	640.1428571
747.9259259	641.7777778
1047.313433	641.4626866
930.5333333	643.2266667
798.8928571	646.1428571
804.7454545	644.5454545
1117.5	643.3870968
627.8846154	647.6538462
712.6934307	650.2554745
1034.111111	651.7777778
266.8181818	647.3827751
791.962963	651.7407407
1150.8125	650.4375
987	651.75
428.125	653.9166667
1171.116279	657.1395349
281.4931507	660.8356164
1049.794872	658.8974359
439.1428571	659.7142857
1153.142857	660.5918367
1164.413793	659.0689655
255.1818182	664.8181818
286.875	663.3333333
1181.236364	667.5212121
295.3636364	667.1818182
1150.592593	668.5185185
1195.613636	668.5454545
486.8333333	670.8
1164.673913	671.4130435
1185.981481	674.7777778
494.4869565	682.2913043
1146	673.7407407
1197.185185	675.5
1157.5	674.5576923
687.5714286	676.1428571
712.6603774	679.9811321
1198.111111	680.962963
243.0188679	681.1132075
1194.909091	684.1212121
702.04	683.52
1201.790698	684.9767442
1195.586957	691.4130435
700.3	689.4
710.2833333	688.1666667
1143.51	688.67
1064.173913	691.9565217
1118.971429	692.4571429
1136.025	696.05
1005.5	695
709.0217391	697.673913
709.1034483	704.4827586
846.0512821	703.1538462
1200.688889	705.0444444
1087.047619	709.8571429
1204	710.8333333
213.2	711.95
1110.980392	715.0392157
667.3111111	715.7777778
1204.190476	716.2142857
1208.321429	719.6071429
1202.571429	721.7428571
1102.09434	721.7169811
1213.6	724.15
202.4117647	726
1031.105263	726.9473684
1092.534483	727.4827586
1209.485294	728.1911765
922.575	728.475
1073.470588	732.5294118
1081.285714	733.2857143
1207.090909	732.8787879
545.56	736.04
926	738
1057.5	739.0909091
1215.04	740.56
1202.68	739.72
751.45	742.2
1072.142857	743.0238095
195.5	748.3888889
503.228243	765.9228243
1088.95	748.35
1201.547619	749.8492063
419.65	750.8
1065.304348	751.6521739
1216.758621	752.8793103
1055.706667	749.2133333
612.6666667	760.8518519
618.3181818	761.6818182
1045.857143	762.5238095
746.97	761.5
329.5777778	763.0555556
189.2439024	765.2682927
1198.969697	768.2727273
433.4137931	768.5517241
439	772.0882353
773.7096774	771.7258065
184.6	776.2
1223.018182	776.1272727
1117.2	778.2
1096.9	779.85
1213.26087	779.7391304
651.1	781.0333333
1221.818182	782.2727273
1095.478261	785.9130435
1218.555556	788.0444444
209.0909091	789.5
691.3834586	788.7593985
1207.56	788.2
508.75	790.95
680.8636364	788.3181818
513.15625	794.375
799.3809524	794.547619
1110.7	794.1
553.9583333	797.2916667
1222.727273	795.6363636
672.76	798.52
1100.269231	801.4615385
709.2727273	801.7954545
287.5	800.5
552	803.375
796.5108696	803.5652174
1091.982143	806.3035714
681.1100917	805.733945
1226.913043	807.826087
1138.35	809.3
1211.113636	810.2045455
670.7954545	809.2272727
666.71875	813.5625
675.4509804	814.4509804
1128.357143	813.9285714
1197.981818	816.3878788
588.2061856	819.814433
1084.381818	821.8
175.1515152	820.2424242
1122.482759	824.8275862
594.8	821.95
374.5806452	826.0645161
1185.666667	824.4285714
590.8292683	826.9512195
190.8365385	827.0288462
585	828.4
1065.196721	833.0819672
577.2272727	838.9090909
809.7777778	839.3333333
730.875	839.9583333
1061.538462	844.0384615
725.75	841.4583333
1077.26087	842.5434783
1225.214286	844.9285714
728.2857143	844.9428571
154.0338983	850.1525424
1045.571429	849.1547619
620.0645161	849.7419355
1225.5	850.8157895
514.4090909	854.0454545
397.6	855.45
1085.24	855.48
1081.75	860.0714286
591.6538462	860.0384615
710.75	861.3888889
1048	862.6451613
1028.851064	866.1276596
1074.042553	865.2340426
1140.391304	864.8695652
1219.90411	865.630137
174.0909091	869.7272727
961.5769231	870.9615385
553.75	872.5681818
1022.6	879.7
395.95	878.15
758.1304348	881
144.1304348	883.2173913
690.6052632	880.3421053
329.4473684	884.5526316
1016.12	882.76
731.6	887.7
212.8481013	896.664557
249.1363636	895.6136364
406.5	894.4722222
1084.387097	898.4193548
809	908.4120879
814.9833333	899.7333333
803.2758621	901.5517241
801.3246753	908.9350649
255.75	904.9166667
1222.21875	905.84375
1192.616667	906.9166667
1229.555556	906.1388889
1100.454545	908.3409091
325.8923077	913.8461538
1034.166667	912.1333333
1181.181818	913.8181818
1232.83871	912.2258065
1045.395833	912.5625
1030	915.2857143
714.4107143	919.1428571
873.5238095	919.7619048
1013.470588	921.7058824
533.125	922.625
581.8229167	924.59375
1162.809524	922.1428571
803.55	922.8
874.15	924.2
878.4230769	924.0769231
527.52	925.6
574.7096774	925.8709677
357.1085271	929.9457364
765	929.5
326.4736842	929.1578947
520.776699	930.3203884
622.1111111	928.4222222
637.5897436	928.8205128
1043	929.8965517
630.7473684	929.2947368
1124.962963	938.0740741
566.6545455	938.7090909
1242.678571	940.0357143
367.2625	939.31875
1118.310345	943.6551724
203.8571429	944.5357143
1010.244898	942.8979592
848.4230769	945.3076923
847.5862069	950.137931
332.442623	948.1147541
912.6666667	954.4252874
902.9375	957.625
776.2272727	959.4545455
1238.909091	965.2727273
126.58	969.8
779.9056604	971.1132075
974.1304348	971.6956522
549.8695652	972.2608696
831.4	974.3
423.8888889	976.4444444
997.34375	975.140625
756.2173913	978.6086957
1234.025	977.55
414.8695652	979.5217391
172.1489362	983.0425532
494.7090909	980.3090909
398.5454545	984.7272727
229.3472222	986.4861111
645.90625	987.96875
932.6444444	986.8666667
220.2653061	986.0204082
238.8717949	987.9487179
677.125	987.5
491.7978723	987.4361702
947.76	991.64
257.5319149	994.6914894
1247.181818	994.2727273
649.84	995.96
495.0757576	998.8787879
604.2222222	1002.851852
1266.653846	1003.461538
451.3571429	1005.035714
506.712	1003.736
1247.333333	1004.2
498.5789474	1006.912281
1277.656489	1010.633588
317.8846154	1008.307692
513.5	1009.7
456.2063492	1008.936508
507.2327586	1018.103448
510	1012.5
1267.62	1012.68
358.1621622	1018.459459
845.5	1020.590909
641.7941176	1022.176471
1263	1021.459459
382.25	1023.857143
921.8	1023.6
1154.166667	1022.791667
1269.903226	1024.129032
870.9350649	1027.857143
1171.905172	1027.991379
1288.12	1029.48
385.1428571	1028.380952
393.9803922	1029.470588
883.057971	1028.985507
934.3333333	1028.309524
404.32	1031.16
1283.6	1032.35
126.5555556	1034.6
767.7142857	1032.928571
1293	1036.516667
558.4782609	1036.333333
1208.393939	1036.257576
966.2	1037.033333
414.9333333	1035.88
1200.939394	1036.969697
704.1428571	1039.285714
103.85	1040.575
524.5416667	1040.333333
1093.954128	1042.642202
515.6451613	1040.33871
564.0588235	1039.509804
1157.304348	1040.434783
412.0481928	1041.204819
426.625	1042.625
1303.565217	1046.73913
423.6666667	1047.911765
522.5	1046.681818
1148.666667	1048.541667
1287.703704	1050.555556
1305.48	1051.16
1083.392157	1050.901961
420.7291667	1054.1875
103.9565217	1054.608696
505.3225806	1057.16129
844.8434783	1059.06087
427.4473684	1057.868421
1308.076923	1058.833333
749.25	1060.035714
103.68	1062.8
431.6319444	1069.666667
1313.9375	1064.03125
750.4347826	1064.304348
846.7619048	1067.285714
103.7142857	1069
1318.441176	1068.705882
768.9393939	1071.272727
760.8847926	1078.170507
1322.62963	1070.592593
754.4342105	1070.592105
421.9117647	1071.955882
1317.079365	1077.079365
519.1296296	1077.388889
420.75	1078.45
427.7241379	1077.275862
508	1077.681818
456.7687075	1082.721088
441.2058824	1082.764706
664.3913043	1082.391304
815.5	1084.107143
1325.666667	1085
451.3	1089.38
944.24	1091.16
1077.446809	1090.829787
238.5777778	1095.122222
95.07142857	1095.464286
425.8989899	1098.292929
262.9038462	1100.25
438.4522822	1106.705394
1315.971831	1103.309859
889.5833333	1104.291667
1338.769231	1104.923077
679.7083333	1108.5
716.35	1108.2
985	1109.129032
604.0419162	1113.257485
274.4864865	1112.810811
170.84	1113.66
430.2619048	1114.595238
593.96	1115.72
612.4615385	1115.403846
679.2666667	1114.766667
1206.740741	1115.185185
283.2083333	1117
676.5833333	1118.875
441.7241379	1121.586207
599.6785714	1122.761905
1201.724138	1120.068966
1275.5	1121.35
434.6086957	1122.086957
793.9615385	1120.615385
1348.93617	1123.808511
161.3035714	1122.071429
607.6153846	1123.846154
805.962963	1126.962963
284.3084112	1125.869159
855.75	1126.34375
291.2777778	1130.944444
442.1325301	1132.626506
833.2291667	1129.6875
887.5802048	1138.37884
727.0175439	1138.385965
1126.601504	1145.924812
996.8409091	1145.522727
1353.484375	1144.929688
178.0465116	1145.906977
1347.625	1153.25
1021.483333	1153.833333
111.9615385	1152.653846
1362.142857	1153.47619
1011.8	1153.4
1110.162162	1154.864865
733.44	1156.44
867.4651163	1157.674419
875.1287129	1162.90099
885.3333333	1160.833333
1361.608696	1158.173913
79.40909091	1161.5
797.2926829	1168.182927
787.45	1170.9
1153.5	1168.5
250.3650794	1169.984127
768.5	1176.294118
96.95238095	1178.761905
765.4878049	1180.121951
842.9047619	1178.428571
1143.03125	1178.40625
811.902439	1186.292683
911.35	1186.3
815.2857143	1189.380952
1311.177778	1190.955556
464.5757576	1190.69697
916.9230769	1190.5
466.4347826	1195.652174
515.8076923	1195
283.3	1195.3
765.6923077	1195.384615
1303.6	1197.95
70.65322581	1205.895161
117.1428571	1199.321429
761.016129	1200.225806
797.7532468	1202.324675
246.1612903	1201.483871
964.1428571	1201.885714
803.64	1204.32
893.952381	1204.190476
1301.052632	1204.131579
757.9722222	1206.777778
802.88	1208.24
470.4722222	1211.819444
753.3333333	1210
92.62222222	1211.822222
78.2037037	1212.537037
84.80851064	1211.893617
99.46153846	1213.153846
264.4827586	1216.344828
916.9047619	1219.047619
758.1979167	1223.473958
1057.833333	1221.133333
1281.760563	1221.830986
474.4954128	1223.422018
599.9285714	1225.952381
297.6666667	1225.925926
591.9404762	1228.261905
682.52	1224.92
303.5	1227.363636
558.5405405	1230.432432
603.4857143	1230.485714
1032.349594	1231.333333
1270.626761	1236.140845
585.4742268	1233.752577
1121.4	1232.828571
245.3809524	1233.380952
1128.71875	1233.09375
316.3267974	1236.509804
599.2291667	1235.5
518.05	1237.7
556	1236.863636
476.4586466	1249.210526
479.4	1238.7
524.0869565	1240
591.7310924	1241.588235
763.8387097	1240.145161
1383.214286	1242.84127
909.641791	1245.029851
916.64	1243.62
585.4117647	1246.117647
1328.842105	1246.596491
1393.552239	1244.880597
1372.107143	1246.678571
936.8965517	1246.862069
845.9166667	1250.5
1257.615385	1249.564103
630.1162791	1250.860465
587.4054054	1252.959459
1322.95	1251.65
1397.192308	1257
641.0416667	1256.25
625.7818182	1258.309091
130.4615385	1261.826923
613.7619048	1265.47619
138.8	1267.425
478.5238095	1268.928571
820.6666667	1270.282051
1299.333333	1274.754386
1080.625	1274.075
449.5882353	1277.302521
571.787234	1278.404255
632.0689655	1276.655172
455.5535714	1282.357143
283.9583333	1281
993.3658537	1283.731707
640	1281.833333
634	1282.032258
288.6216216	1284.891892
278	1285.235294
621.5294118	1288.764706
269.3225806	1286.064516
887.3636364	1287.863636
67.62068966	1289.689655
998.6	1289.472727
1186.434783	1288.565217
78.25	1298.791667
112.3928571	1300.678571
300.4375	1301.46875
119.6428571	1302.785714
531.5882353	1301.911765
714.3095238	1304.738095
502.5929204	1304.637168
708.3478261	1309.173913
1442.619048	1309.47619
534.3513514	1312.797297
1297.409091	1313.636364
68.90909091	1314.969697
264.6	1315.2
501.5652174	1315.913043
609.3939394	1315.242424
1281.333333	1316.969697
1349.095238	1316.619048
1376.391304	1317.717391
71.56363636	1321.2
266.9677419	1321.129032
530.8	1321.5
206.1578947	1323.368421
1341.52381	1323.619048
498.796875	1324.5625
536.1956522	1323.934783
1056.649123	1326.807018
68.21875	1327.375
532	1327.52
939.2413793	1325.310345
453.6904762	1329.309524
1272.5	1327.6
323.9259259	1327.444444
974.9090909	1330.272727
957.9275362	1333.188406
501.3065693	1337.021898
967.0961538	1333.865385
535.4710744	1339.099174
650.5254237	1335.508475
1259.032051	1339.089744
313.173913	1335.826087
209.90625	1337.28125
1368.317073	1334.768293
1452.727273	1339.666667
1438.21875	1341.90625
58.7254902	1345.470588
503.0769231	1348.615385
570.7727273	1346.25
178.7142857	1349.040816
97.27659574	1349.638298
565	1349.373333
1436.735849	1349.207547
107.1666667	1351.645833
1297.650485	1350.708738
1143.416667	1355.708333
1243.791667	1358.666667
1287.538462	1361.461538
101.3043478	1367.043478
1150.6	1368.95
333.1071429	1372.821429
1025.809524	1378.142857
59.75	1380.45
46	1383
966.2962963	1383.740741
1216	1390.52
48.75	1392.75
930.9090909	1402.515152
46.88235294	1406.058824
457.3134328	1405.298507
1190.540323	1407.233871
1478.603448	1410.413793
1175.82	1412.66
49.68131868	1421.175824
1032.65	1419.3
1448.814815	1420.148148
1441.461538	1421.269231
1456.921875	1423.15625
1162.923077	1421.538462
1464.380952	1425.380952
41.875	1428.833333
78.65957447	1428.148936
564.6027397	1429.561644
90.51785714	1429.589286
1450.419355	1430.129032
558.7794118	1431.191176
287.4482759	1435.517241
1443.925926	1434.925926
560.8333333	1437.8
1022.387097	1441.354839
1484.447368	1439.473684
95.87218045	1443.984962
110.55	1448.683333
118.46875	1449.09375
972.1860465	1455
138.6666667	1451.666667
1489.952381	1453.095238
978.2222222	1457.37037
754.0704225	1471.873239
1019.846154	1469.730769
893.3404255	1470.893617
762.3265306	1473.367347
750.0454545	1477.909091
37.9	1481.7
227.3809524	1481.095238
1488.095238	1483.571429
377.76	1486.52
1176.131579	1488.184211
752.7727273	1488.5
1018.142857	1488
1483.892857	1489
37.92307692	1490.884615
184.0952381	1491.904762
592.7222222	1492.222222
902	1493
903.5670103	1499.642612
1489.846154	1490.211538
1016.185185	1492.740741
587.5714286	1494.047619
94.15	1497.2
218.6129032	1497.064516
696.5918367	1498.489796
225.92	1498.56
854.8837209	1501.813953
464.05	1501.6
753.4285714	1501
807.2857143	1500.714286
918.0666667	1502.761905
1020.105263	1504.013158
1112.653846	1504.153846
553.1666667	1503.066667
939.5176471	1505.2
702.31	1505.62
1015.087719	1501.596491
921.075	1507.625
927.9428571	1508.057143
1466.916667	1509.666667
1480.253731	1511.477612
1388.478261	1511.73913
699.7037037	1513.518519
706.2068966	1516.137931
485.9850746	1516.119403
54.96363636	1516.163636
889.451005	1536.305276
1080.136364	1517.863636
1469.111111	1519.711111
694.3235294	1522.676471
1486.111111	1522.703704
489.1363636	1528.893939
494.9677419	1526.806452
1470.75	1529.454545
484.5925926	1531.111111
1176.3	1533.425
161.5142857	1534.885714
1368.354839	1534.387097
153.0909091	1535.666667
1492.794118	1538.205882
531.8686869	1545.89899
1475.628571	1544.457143
152.7027027	1543.972973
1403.8	1545.672727
252.0410959	1547.821918
1349.303922	1549.696078
1396.952381	1547.428571
754.4004107	1554.400411
1391.391304	1548.434783
494.9666667	1550.5
740.4578313	1551
1486.090909	1550.181818
1287.705882	1552.911765
258.7083333	1553.333333
748.3225806	1549.387097
381.5128205	1552.987179
394.3090909	1553.3
1283.064516	1557.677419
483.9032258	1558.064516
562.4707904	1562.316151
569.2765957	1559.510638
736.8139535	1560.248062
759.5272727	1559.581818
825.0384615	1561.384615
887.5064935	1562.935065
57.50515464	1565.494845
481.5972222	1565.402778
752.8053097	1566.522124
1467.233333	1565.2
488.9591837	1569.418367
1456.116883	1571.584416
480.3953488	1573.488372
1269.822222	1574.133333
32.3877551	1575.122449
479.3513514	1578
941.625	1578.8125
29.08108108	1580.297297
211.1304348	1581.217391
220.109589	1581.054795
1470.444444	1581.962963
889.5833333	1583.833333
1014.551724	1585.793103
563.2619048	1585.690476
859.2162162	1586.918919
889	1588.857143
236.3157895	1592.973684
935.2692308	1594.076923
888.1463415	1595.04878
893.6410256	1594.435897
1483.794118	1595.823529
1478.592593	1598.666667
933.9054054	1598.864865
1474.392857	1598.75
896.9090909	1600.136364
1489.65	1598.45
893	1600.518519
889.5517241	1604
1218.5	1603.636364
930.6346154	1605.096154
184.4137931	1604.517241
314.8095238	1606.857143
895.3421053	1606.631579
32.74698795	1606.939759
466.3913043	1605.652174
900.75	1611.541667
451.8857143	1612.8
1399.827586	1617.965517
246.28	1617.6
1104.404255	1621.361702
528.4189189	1622.189189
593.3529412	1624.794118
69.7037037	1628.074074
760.6793478	1636.983696
727.8636364	1629.954545
339.6416667	1632.7
510.2727273	1635
644.7727273	1639.204545
734.2321429	1639.357143
1080.841379	1645.834483
1458.333333	1641.606061
507.9295775	1643.802817
640.8125	1645.71875
511.4642857	1651.464286
516.4347826	1646.855072
735.7192982	1649.307018
33.63934426	1651.344262
481.0652174	1652
756.9565217	1651.913043
730.4320988	1658.604938
737.8454545	1661.627273
268.5	1660.809524
638.1590909	1661.75
751.2857143	1661.928571
463.9538462	1662.630769
508.9090909	1662.909091
813.1651376	1666.119266
739.3170732	1666.170732
510.8695652	1668.913043
731.2025316	1669.291139
1469.234043	1670.191489
806.3870968	1669.290323
1349.133333	1672.422222
1474.652174	1673
851.8461538	1672.769231
1485.384615	1671.846154
513.3461538	1674.538462
172.0322581	1676.419355
1336.923077	1677.115385
671.5	1678.533333
737.8571429	1679
899.0576923	1679.153846
32.65	1680.675
1336.636364	1681.454545
739.5833333	1682.583333
1133.846154	1684.333333
248.3030303	1684.606061
813.3731343	1683.791045
1485.922078	1684.714286
900.5128205	1690
37.4375	1687.8125
902.7727273	1686.954545
121.24	1689.04
887.7916667	1689.666667
884.1363636	1691.409091
36.42857143	1694.183673
899.05	1694
806.9714286	1693.114286
1389.630573	1697.121019
948.1818182	1695.863636
1469.685714	1696.771429
594.0727273	1701.327273
808.254902	1702.235294
812.7073171	1698.756098
136.984127	1702.52381
589.125	1702.825
914.1428571	1718.188645
103.1641791	1705.402985
816.2972973	1706.621622
590.7307692	1708.846154
184.3714286	1710.457143
896.4666667	1710.966667
192.56	1711.16
1475.5	1715.642857
1480.092308	1720.953846
567	1716.818182
983.33	1717.05
1051.171717	1727.592593
155.7	1724.1
1044.741935	1725.967742
1451.8	1729.833333
1476.377778	1730.911111
1438.185185	1735.148148
1448.586207	1734.896552
1006.528986	1738.231884
1472.326531	1736.816327
466.5945946	1740.108108
262.28125	1742.125
1017.704545	1744.056818
466.1304348	1744.608696
937.0666667	1741.366667
1219.5	1743.5
408.2	1744.05
431.6	1743.466667
1209.774194	1744.83871
1457.972222	1744.166667
1464.311594	1749.115942
937.8271605	1747.888889
42.52	1747.6
426.0416667	1747.916667
47.60606061	1747.909091
418.5164835	1751.318681
1203.761905	1747.690476
1193.56383	1751.276596
1296.68	1748.64
439.9634146	1750.256098
447.3125	1750.145833
406.3333333	1753.047619
940.6086957	1753.608696
1118.608696	1753.391304
408.6666667	1756.666667
946.5833333	1756.708333
396.9253731	1758.925373
1003.5375	1760.5375
403.0204082	1760.612245
950.2222222	1761.037037
159.88	1764.52
1465.620192	1771.168269
1257.826087	1766.347826
1275.961538	1766.461538
807.037037	1767.148148
956.8764045	1770.044944
962.7878788	1770.69697
170.6181818	1768.418182
1445.973913	1774.695652
824.1304348	1772.73913
1233.841584	1772.435644
965.3695652	1775.782609
1218.9	1773.433333
1261.888889	1775.272727
1252.5	1776.75
815.2123894	1779.265487
835.5652174	1777.913043
1243.683544	1779.468354
559.7586207	1780.862069
1217.266667	1781.333333
1287.413793	1780.517241
510	1781.666667
1279.769231	1783.346154
1418.452381	1783.630952
1119.557692	1786.615385
1263.666667	1786
1405.9	1786.275
1395.674419	1786.906977
1359.852941	1789.397059
1383.756098	1788.658537
1120.678571	1798.450893
815.8571429	1789.857143
1154.061611	1791.810427
1350.651685	1788.921348
93.02150538	1791.258065
485.3095238	1791.952381
563.8275862	1791.137931
1340.863636	1794.636364
1470.2	1795.05
619.0923077	1801.076923
758.67	1800.74
1048.709677	1801.354839
1066.941176	1800.676471
1478.172414	1802.37931
37.14285714	1803.066667
768.5535714	1805.678571
1061.5	1804.5
130.1857143	1808.728571
211.4788732	1804.15493
532.0465116	1808.046512
751.45	1804.875
780.25	1805.636364
800.106383	1807.765957
1286.12	1806.76
786.5833333	1807.75
792.5090909	1808.745455
140.0416667	1810.625
810.2666667	1808.433333
803.4571429	1811.285714
1276.5	1810.608696
1477.296296	1811.296296
471.125	1812.541667
809.8181818	1817.036364
465	1815.617021
843.15	1815.1
899.1304348	1816.565217
317.372549	1817.352941
327.4363636	1819.036364
722.9354839	1819.83871
751.9	1816.2
371.5061728	1819.012346
381.7906977	1819.27907
388.9032258	1821.709677
616.8275862	1819.206897
1345.375	1821.125
332.8888889	1821.888889
1159.6	1822.64
601	1823.5
751.037037	1823.407407
842.3055556	1821.916667
400	1823.896552
348.0681818	1826.068182
368.5178571	1827.928571
507.7	1827.585714
616.5882353	1824.529412
733.6363636	1828
1169	1827.142857
1164.2	1828
1295.55	1828.8
431.787234	1833.148936
750.6166667	1829.683333
760.0909091	1833
449.3524904	1835.758621
836.4450549	1834.934066
1162.647059	1833.941176
1461.738095	1832.428571
512.2	1836.104348
1355.466667	1835.933333
1067.102041	1839.571429
451.2413793	1841.62069
610.877551	1839.877551
764.6666667	1839.333333
1342.588542	1841.479167
377.0384615	1839.346154
945.1612903	1840.548387
772.7594937	1846.278481
1072.290909	1846.163636
612.8285714	1846.257143
1151.416667	1844.888889
1214.615385	1846.346154
384.625	1845.925
522.2916667	1847.555556
732.05	1846.9
828.0674157	1847.247191
394.402439	1853.817073
445.1944444	1849.555556
783.375	1849.8
1205.884615	1850.5
1155.454976	1854.734597
808.4107143	1854.75
1472.194175	1855.902913
417.7236842	1854.789474
795.6923077	1854.930769
819.51	1853.86
1118.214286	1854.857143
1332.245283	1856.207547
171.1458333	1859.375
688.6428571	1859.857143
1167.37931	1859.827586
1113.826087	1860.913043
1320.269231	1861.038462
414.6666667	1862.5
1064.404255	1861.659574
606.8666667	1865.6
694.3333333	1863.851852
263.2424242	1866.833333
419.4545455	1865.090909
582.2580645	1866.483871
603.1	1867.2
688.1153846	1864.961538
1311.909091	1864.863636
1474.5	1866.821429
611.3571429	1865.321429
682.6744186	1868.046512
609.3541667	1870.9375
1228.782609	1872.130435
1299.285714	1872.204082
1443.818182	1871.590909
676.975	1872.625
585.8571429	1872.238095
402.05	1873.6
1467.35	1873.9
460.6486486	1875.675676
1287.545455	1876.909091
1014.938462	1878.684615
1468.114286	1879.114286
1089.121212	1882.666667
583.7931034	1881.172414
1009.632911	1887.64557
587.7346939	1883.77551
1182.64	1884.88
1014.205479	1893.671233
1021.773585	1887.132075
138.0714286	1886.309524
1004.28	1890.52
1186.194444	1889.916667
1327.426966	1891.674157
588.1351351	1890.945946
494.4074074	1893.259259
630.0789474	1893.684211
1468.666667	1893.619048
1476.545455	1898.272727
801.9259259	1898.444444
953.7586207	1900.689655
1084.25	1903.95
1451.978261	1906.217391
903.8253968	1906.365079
753.2608696	1913.26087
1479.297297	1915.486486
535.5319149	1916.808511
680.6909091	1921.163636
1346.138889	1918.25
1469.470588	1918.676471
673.2857143	1915.507143
888.64	1919.52
538.3448276	1921.724138
167	1921.96
535.9620253	1927.518987
987	1924.666667
298.474359	1927.564103
982.8333333	1928.416667
314.6	1929.571429
681.0377358	1930.962264
1464.392857	1930.785714
534.125	1933.041667
1475.571429	1931.214286
37.85714286	1931.126984
668.9267399	1938.728938
687.7058824	1932.852941
606.9285714	1933.928571
686.5841584	1940.326733
1201.818182	1934.145455
536.1842105	1937.368421
703.1794872	1937.230769
1196.052632	1939.694737
1468.962617	1939.981308
529	1941.65
1241.906977	1940.790698
1462.458333	1941.708333
1440.018182	1947.127273
695.047619	1947.333333
416.4891304	1949.206522
654.3823529	1948.705882
1464.416667	1948.708333
643.6268657	1955.358209
656.0769231	1952.653846
1177.542373	1952.237288
1467.131148	1954.491803
422.6666667	1954.555556
1062.459016	1956.57377
1131.064516	1951.806452
41.45238095	1959.821429
636.78	1957.12
191.5714286	1956.666667
1142.272727	1957.318182
1449.5	1956.416667
420.1666667	1958.6
1263.064516	1959.451613
575.8627451	1959.784314
835.4222222	1960.2
624.2363636	1959.181818
1177.833333	1958.261905
579.2777778	1964.296296
1450.921569	1962.372549
135.8347826	1967.278261
1434.189189	1965
635.7692308	1965.5
430.3571429	1966.178571
613.5365854	1966.560976
1374.342857	1966.257143
1461.297619	1968.416667
1082.521739	1974
1452.02439	1974.195122
1472.436364	1973.454545
247.2708333	1973.020833
260.0689655	1973.241379
1090.385965	1974.105263
590.0967742	1976.629032
919.6904762	1974.952381
1458.966667	1977.883333
634.1034483	1982.62069
1476.035714	1981.714286
445.748538	1985.269006
1449.803571	1981.446429
1408.35	1986.1
1479.363636	1986.818182
864.1081081	1988.986486
1320.708333	1989.833333
579.2142857	1990.428571
586.325	1989.825
1040.414634	1991.292683
634.1481481	1991.814815
820.7402597	1992.376623
98.61904762	1993.47619
1326.761905	1993.984127
342.36	1995.8
629.8035714	1994.75
1036.333333	1998.5
1226.148936	2001.723404
1341.4375	2001.90625
1088.6	2002.133333
1464.212766	1999.638298
1475.781818	2001
721.9333333	2003.688889
1483.653846	2006.346154
548.3333333	2008.333333
568.2162162	2007.459459
883.1046512	2007.837209
544.7142857	2008.52381
1377.266667	2008.033333
1462.257143	2009.057143
1371.151515	2010.121212
1345.911765	2011.588235
544.71875	2014.75
1384.375	2018.333333
590.0434783	2019.130435
1342.304348	2019.26087
1359.652542	2015.559322
727.1153846	2021.307692
973.8378378	2020.432432
1378.066667	2020.3
228.9459459	2023.72973
538.4	2024
1351.541667	2024.916667
1389.601626	2020.203252
969.8294574	2024.945736
1238.130435	2023.782609
238.5813953	2025.767442
1470.955752	2029.256637
1487.196429	2031.910714
733.278481	2029.734177
251.5	2028.090909
174.556391	2028.796992
267.7307692	2029.307692
1479.111111	2029.703704
977.5625	2034.125
1460.382022	2031.280899
955.3804348	2034.673913
851.5	2035.227273
31.75	2040.756757
369.0659341	2039.120879
1127.2	2036.6
1351.125	2036.666667
747.1111111	2041.333333
951.0606061	2040.636364
1485.516667	2041
296.9354839	2042.290323
360	2042.666667
488.5925926	2043.111111
310.3478261	2043.913043
354	2043.772727
443.6	2044.166667
546.5492958	2043.169014
744.4509804	2045.627451
943.6915888	2058.462617
534.4545455	2046.454545
1415.043478	2046.847826
1240.333333	2046.45098
540.745098	2043.921569
1478.042857	2046.357143
1484.45283	2049.962264
321.4047619	2049.5
478.6904762	2047.214286
548.7511312	2058.959276
856.3478261	2054.282609
1260.890625	2055.609375
190	2056.5
829.1632653	2055.510204
1295.619048	2056.714286
1477.720721	2060.531532
393.5333333	2056.833333
361.8571429	2058.857143
966.6333333	2058.066667
1343.075	2058.175
368.4418605	2058.930233
376.7027027	2059
385.6888889	2059.4
131.6774194	2060.290323
630	2063
1095.25	2062.833333
1125.740741	2068.259259
1480.307692	2071.692308
551.3235294	2072.617647
1111.5	2070.458333
959.6551724	2074
1455.583333	2070.666667
1465.2	2070.9
1274.555556	2074.088889
548.06	2076.6
813.1363636	2074.772727
1120.809524	2075.285714
1449.619048	2075.97619
748.1860465	2079.325581
120.9565217	2078.695652
1474.896552	2079.137931
543.9666667	2082.1
1470.625	2081.75
1481.8	2080.7
295.8571429	2083.142857
821	2083.363636
941.1393443	2096.327869
749.3793103	2085.931034
1464.7	2086.616667
959.45	2088.35
873.7837838	2090.72973
360	2090.85
544.1785714	2092.654762
1453.875	2089.90625
1480.666667	2088.538462
794.4444444	2094.666667
858.04	2095.04
1481.68	2096.6
960.2619048	2098
370.2272727	2099.5
374.6	2101.05
1056.15	2101.5
69.50943396	2103.09434
739.7	2105.825
961.3287671	2107.438356
1307.096774	2109.322581
1454.407895	2108.907895
12.88135593	2109.745763
622.9189189	2110.657658
1025.333333	2110.947368
949.0434783	2110.956522
207.2162162	2111.689189
215.3448276	2111.517241
1016.036145	2114.192771
1292.102041	2114.285714
627.7714286	2114.771429
1471.054054	2116.810811
950.2758621	2120.275862
1410.363636	2116.909091
1031.041667	2118.208333
1115.82	2123.2
1448.952381	2117.68254
1463.347826	2118.086957
848.4590164	2121.147541
1013.65	2120.25
1264.590909	2122.545455
1475.538462	2120.362637
1026.2	2121.35
12.5	2124.205882
17.79411765	2122.941176
1257.416667	2127.166667
1455.304348	2126.478261
973.3636364	2126.727273
848.6774194	2128.887097
1462.773585	2128.54717
1477.37037	2128
856.2911392	2123.64557
957.4936709	2130.240506
32.86486486	2131.162162
1367.26087	2130.869565
14.5	2132.5
556.2	2134.12
1476.944444	2132.888889
944.2769231	2135.030769
1439.76	2134.12
1453.266667	2134.577778
551.8846154	2135.961538
1002.761905	2135.428571
13	2137.318182
890.8095238	2138.666667
520.781457	2136.152318
934.53125	2143.8125
40.10526316	2142.210526
539.4354839	2141.5
596.0506329	2144.151899
791	2141.977273
1440.571429	2143.428571
1191.65	2143.8
1302.1	2147
51.76923077	2148.435897
528.0967742	2148.419355
1151.176471	2145.529412
1390.666667	2147.777778
1455.793103	2147.758621
513.0232558	2146.395349
515.25	2150.75
933.9342105	2151.565789
1365.676471	2153.088235
37.27083333	2154.791667
1052.888889	2154.259259
1146.296296	2153.962963
993	2152.794872
1486.853659	2155.170732
44.54901961	2155.27451
520.1851852	2155.611111
20.00374532	2159.970037
1477.313043	2156.426087
512.7042254	2160.784038
1459.231884	2156.666667
480.0148148	2159.555556
494.7142857	2160.02381
806.9285714	2158.964286
933.6363636	2159.424242
992.7142857	2160.892857
499.2608696	2159.608696
505.1363636	2159.954545
607.5142857	2160.514286
1469.909091	2163.5
1490.76	2164
494.8488372	2168.813953
1485.361702	2166.06383
489.4545455	2166.318182
1130.355932	2166.59322
175	2174.857143
1470.36	2174.9
92.95	2176.4
374.3870968	2176.935484
712.52	2178.6
166.7	2180.2
1114.298507	2180.761194
1470.095652	2182.817391
711	2183.916667
1170.040816	2184.897959
1457.956522	2188.282609
1108.545455	2189.236364
704.59375	2186.59375
1115.130435	2189.565217
710.34375	2192.25
1168.666667	2191.25
1350.216216	2191.054054
1357.84	2189.52
704.6583333	2195.441667
1174.2	2197.1
1455.798077	2203.653846
1500.92	2196.44
1107.559322	2201.920904
1227.608696	2199.391304
703	2200.540541
764.5789474	2203.736842
1334.075	2202.933333
1096.361702	2200.212766
1324.391304	2202.478261
1318.454545	2204.30303
767.8977273	2210.988636
1120.282051	2206.102564
492.7727273	2207.863636
746.2424242	2208.484848
1499.645161	2210.16129
193.9347826	2211.804348
1018.017857	2212.678571
1100.823529	2212.176471
390.9333333	2213.444444
267.8208955	2212.716418
1409.418605	2212.162791
1484.785714	2214.357143
43.525	2215.575
379.1572327	2218.31761
1261.115385	2214.884615
584.4057971	2216.898551
361.9824561	2218.087719
1239.407407	2218.87037
406.5757576	2219.454545
1294.655172	2219.793103
1489.5	2218.083333
1498.804878	2218.341463
398.2051282	2222.128205
412.9230769	2225.5
1121.655172	2225.241379
1200.972973	2225.405405
1464.641026	2225.564103
1183.404255	2227.042553
1346.45	2227.55
422.53125	2229.46875
1494.065574	2228.418033
13	2229
1192.707317	2230.439024
1485.416667	2231.958333
1129.510204	2234.061224
213.62	2234.74
223.7586207	2233.482759
1491.729167	2234.8125
218.5238095	2236
1010.179487	2236.205128
1054.085714	2232.928571
1111.973684	2234.921053
222.3478261	2237.826087
675.3292683	2238.829268
1169.016393	2238.098361
1176.396825	2242.253968
1485.146341	2237.829268
1500.318182	2237.295455
1530.651163	2238.046512
159.1585366	2242.085366
795.0714286	2243.571429
967.8625	2241.325
1495.76	2240.6
60.6741573	2242.775281
1532.323529	2244.558824
1171.6	2243.75
661.4385965	2246.035088
685.7384615	2245.507692
1016	2246.208333
1351.324324	2244.972973
1439.52381	2244.619048
1490.6	2245.833333
1105.423077	2247.038462
1277.873239	2249.253521
1339.078125	2249.109375
338.1818182	2250.363636
1043.152174	2250.891304
862.8823529	2251.735294
1019.892857	2252.071429
1097.592593	2253.925926
659.2857143	2254.228571
1531.191489	2255.808511
793.6666667	2256.037037
529.4	2262.105263
685.3846154	2259.123077
1022.512195	2258.804878
568	2260.275
659.0869565	2261.608696
1041.548387	2259.983871
601.0645161	2261.064516
792.6486486	2263.594595
560.6190476	2263.666667
523.875	2265.666667
1432.521739	2266.304348
1102.96	2267.44
185.9605263	2269.763158
202	2271.903226
1073.612903	2270.548387
196.75	2272.607143
1093.942029	2272.927536
577.7666667	2273.966667
1536.149254	2273
575.5111111	2277.177778
586.0358974	2273.353846
525.3793103	2277.655172
939	2276.212121
204.1212121	2277
1103.102041	2277.479592
930.3527273	2296.109091
536.4888889	2285.066667
594.1343284	2290.373134
1224.576923	2284.5
585.9285714	2285.071429
619.5	2284.431034
902.4634146	2288.756098
1540.8125	2286.354167
782.1566265	2298.542169
904.4482759	2294.827586
159.5185185	2297.407407
457.5625	2298.625
790.5505618	2300.853933
1537.478261	2299.26087
560.8823529	2298.735294
531.9787234	2301.361702
681.326087	2302.565217
475.1666667	2301.583333
595.65	2302.45
1282.217391	2302.478261
464.95	2303.9
797.0294118	2308.176471
560.9655172	2307
586.7	2308.55
786.5652174	2310.695652
26.57692308	2313.846154
48.41935484	2311.064516
583.8461538	2312.410256
592.4	2312.15
809.255814	2316.209302
786.5121951	2319.439024
862.1764706	2321.823529
1540.673913	2321.782609
1185.439024	2324.073171
1194.840909	2325.159091
1505.175	2325.5875
51.47457627	2326.355932
713.0851064	2325.12766
803.632	2323.472
1174.027778	2328.277778
44.79487179	2330.487179
803.2258065	2330.354839
921.7605634	2328.816901
1253.357143	2329.619048
203.4850299	2330.077844
216.1923077	2330.115385
707.3461538	2330.038462
26.75471698	2329.037736
1549.724138	2331.137931
534.7727273	2333.227273
714.5189873	2336.607595
27.15	2336.3
809.2371134	2344.206186
1305.284768	2340.350993
462.6666667	2334.606061
483.7666667	2336.683333
498.9875	2337.9625
1550.153846	2337.346154
703.8076923	2337.115385
1173.3125	2338.0625
491.2	2339.6
854.1304348	2340.26087
788.72	2342.04
926.275	2343.1375
1222.489362	2341.489362
27.96666667	2344.3
39.6	2344.166667
376.6086957	2343.782609
497.5	2344.5
1551.717949	2342.794872
582.8125	2343.958333
670	2344.9
847.7857143	2345.5
856.4722222	2345.055556
369.71875	2346.28125
535.6415094	2345.981132
675.4693878	2345.22449
864.4	2345.68
1285.7	2345.7
39.04545455	2348.863636
789.6666667	2348.125
827.1785714	2346.535714
192.5882353	2349.441176
834.4693878	2350.061224
185.5405405	2352.72973
1114.061728	2354.506173
830.2083333	2354
921.2291667	2355.354167
1429.172414	2354.551724
1507.21875	2355.6875
42.63829787	2354.595745
898.75	2356.3
527.7733333	2358.56
1107.711111	2357.133333
1547.880952	2356.02381
40.47169811	2359.867925
517.7391304	2358.826087
1128.464286	2361
249.7638889	2360.305556
557.3793103	2360.741379
590.173913	2362.478261
807.244898	2362.571429
812.1052632	2361.394737
823.52	2364.08
568.5217391	2365.043478
612.7051282	2366.423077
833.2560976	2365.634146
107.0454545	2366.5
119.7857143	2367.214286
693.4473684	2369.052632
1270.846154	2369.153846
795.9453925	2370.167235
840.8	2368.8
913.7297297	2370.432432
971.6896552	2370.396552
1310.590909	2371.181818
114.59375	2370.890625
1515.744681	2370.744681
108.4642857	2374.5
504.3736264	2373.340659
909.4347826	2375.304348
557.2761905	2373.438095
841.7586207	2373.586207
1442.322581	2373.516129
1262.0625	2374.875
1547.153846	2376.923077
115.6511628	2377.697674
670.8305085	2380.271186
1160.82	2378.52
679	2376.977273
700.4444444	2377.722222
908.2758621	2380.37931
847.7826087	2378.695652
500.3559322	2380.728814
1371.5	2381.444444
1258.358974	2381.358974
418.2608696	2382.73913
688.7959184	2385.040816
1324.142857	2383.671429
429.7307692	2383.833333
1018.806452	2384.370968
1259.095238	2386.761905
1312.3125	2384.1875
1027.142857	2390.535714
1444.928571	2390.095238
882.4516129	2392.258065
1115.090909	2392.090909
1525.934211	2391.480263
65.59550562	2392.123596
1314.483333	2393.95
28.07692308	2394.115385
1381.08	2394.8
1520.232558	2395.953488
682.7241379	2398.034483
1314.375	2399.25
1553.054054	2404.27027
38.75	2403.214286
47.72340426	2404.425532
557.88	2400.92
674.4404762	2404.083333
1387.24	2402.6
1537.9	2402.4
872	2405.73913
529.65	2407.6
1525.480769	2409.990385
806.7638889	2408.263889
896.6666667	2411.515152
1214.298507	2412.029851
1538.447368	2411.789474
1551.675	2415.95
46.64150943	2415.056604
528.1034483	2418.258621
42.3	2418.25
884.2413793	2417.310345
1519.844721	2419.590062
1534	2417.787234
857.3333333	2420.833333
908.4545455	2419.151515
1299.666667	2420.518519
401.1851852	2422.259259
409.3111111	2421.088889
1128.904762	2422.52381
1405.483871	2421.645161
574.2391304	2424.478261
579.826087	2425
908.2051282	2424.128205
1529.835294	2424.141176
1551.142857	2425.142857
1246.439024	2423.823171
776.5789474	2430.921053
913.6818182	2429.590909
1256.555556	2432.444444
1475.05	2432.15
1110.84375	2433.65625
54.79	2432.93
770.3947368	2433.157895
704.1276596	2432.808511
1121.622951	2436.42623
1126.860465	2434.697674
778	2438.474576
1116.925926	2437.111111
1259.423077	2437.038462
157.0434783	2438.521739
817.1333333	2439.066667
1540.170213	2442.021277
1265.48	2442.74
777.4915254	2449
135.362069	2449.275862
53.38016529	2452.132231
645.6216216	2454.891892
774.1777778	2457.155556
1530.953488	2453.418605
1553.163265	2454.938776
1548.035714	2457.321429
1452.414634	2458.658537
1463.977778	2459.488889
765.2222222	2460.177778
793.05	2460.25
1532.725806	2459.177419
1540.353535	2459.545455
44.1	2460.6
1206.264706	2460.764706
764.0434783	2464.630435
940.5652174	2463.565217
1525.5	2463.22
625.3684211	2464.929825
934.2888889	2464.266667
1305.316456	2466.012658
1533.833333	2467.296296
760.6206897	2468.827586
1137.356322	2472.632184
355.5	2472
1447.52381	2471.761905
886.9473684	2475
994.9056604	2473.660377
1322.385965	2473.122807
1402.228571	2473.085714
1152.659574	2474.382979
1393.555556	2473.222222
53.47468354	2477.911392
1182.880952	2476.547619
1379.16	2476.24
787.8378378	2478.540541
1539.088235	2480.823529
130.0869565	2478.413043
216.1176471	2479.661765
632.05	2481.05
870.0833333	2480.375
1134.020408	2485.285714
226.9047619	2486.47619
57.83333333	2487.166667
1517.85	2486.9
678.9574468	2491.297872
1130.179487	2491.615385
1276.027027	2492.594595
1429.392157	2492.078431
683.3	2493.525
153.9230769	2494.769231
160.88	2495.48
1402.041096	2494.534247
132.7	2498
1116.147541	2496.754098
680.8095238	2497.809524
1197.347368	2500.557895
442.9555556	2502.488889
794.5142857	2502.742857
313.375	2504.5
323.7014925	2504.119403
544.3142857	2505.914286
1151.641026	2507.717949
1195.380952	2506.952381
1201.115385	2508.461538
1351.172414	2508.362069
1227.875	2506.833333
1016.714286	2512.166667
592.6296296	2513.074074
1104.625	2511.791667
1144.744186	2512.488372
1327.086957	2511.130435
1336.28125	2513.28125
1007.574468	2515.276596
173.0344828	2515.37931
1494.65625	2516.65625
1522.62069	2519.793103
54.94444444	2519.833333
1530.3125	2520.65625
1538.963964	2521.45045
1530.103448	2527.827586
1535.864865	2528.324324
1543.5	2529.666667
713.3076923	2531.096154
1498.45679	2529.901235
1074.238532	2539.798165
1534.070175	2534.315789
42.39130435	2533.130435
1521.4375	2534.21875
738.8666667	2534.133333
659.1904762	2538.380952
42.03333333	2541.3
49.91666667	2538.75
1135.673469	2542
1515.136364	2539.409091
249.5714286	2540.190476
60.89285714	2542.642857
198.5072464	2542.333333
365.5402299	2545.195402
718.2272727	2541.863636
1140.61194	2542.358209
186.2837838	2543.243243
737.6037736	2546.018868
1531.271186	2544.627119
779.6451613	2547.645161
1097.341463	2548.682927
1168.166667	2549.888889
58.23333333	2550.8
484.3448276	2550
1202.571429	2550.75
1543.869919	2544.813008
1497.25	2550.607143
735.7974684	2554.772152
52.19512195	2553.073171
1475.769231	2552.730769
358.2156863	2555.647059
745.7272727	2552.795455
664.38	2556.78
1464.727273	2554.520661
1549.806452	2557.548387
1064.8	2564.933333
1513.638298	2561.765957
176.35	2561.95
536.691358	2564.790123
998.8333333	2563.458333
1121.965517	2561.275862
183.55	2563.95
191.3026316	2564.815789
1533.6	2563.04
838.7619048	2567
738.2525253	2565.787879
867.7631579	2568.105263
1460.95	2566.45
560.25	2562.916667
1076.538462	2566.846154
1545.571429	2566.75
45.11949686	2561.924528
528.6666667	2570.916667
560.6388889	2570.916667
1200.545455	2572.090909
748.8	2571.65
1543.571429	2571.809524
119.8846154	2573.403846
864.52	2573.84
871.7931034	2574.62069
1534.5	2573.772727
52.81481481	2574.740741
1260.035714	2575.142857
57.97029703	2575.39604
45.16666667	2576.966667
522.0550459	2578.211009
763.0540541	2578.27027
1288.588235	2576.676471
501.3448276	2579.310345
733.1428571	2580.428571
1443.560976	2580.195122
497.7241379	2580.724138
1541.05	2580.75
876.4918033	2584.016393
1163.85	2582.25
1190.162577	2587.984663
1239.255102	2583.306122
43.65217391	2583.130435
763.5217391	2583.173913
636.625	2584.9375
1313.418919	2583.540541
705	2587.214286
1205.442623	2588.098361
259.6601942	2587.708738
856.4333333	2587.166667
1036.458333	2588.208333
1338.739726	2588.123288
1446.317073	2587.878049
659.015625	2587.84375
1324.5625	2589.333333
875.3508772	2590.701754
653.0970874	2584.699029
534.826087	2590.347826
576.1764706	2590.764706
1031.541667	2591.083333
204.1956522	2592.652174
357.8857143	2594.314286
602.4827586	2594.482759
353.3773585	2593.264151
458.2285714	2596.257143
656.1	2595.4
881.5806452	2594.129032
1143.391304	2594.086957
1203.37037	2593.944444
346.7307692	2597.076923
441.375	2596.625
559.0483871	2596.887097
986.75	2598.7
1456.44	2598.08
433.0208333	2598.3125
977.8985507	2603.028986
59.91666667	2601
564.46875	2598.96875
880.0869565	2600.304348
968.0162602	2601.447154
1225.807692	2600.923077
1533.52381	2600.190476
227.92	2601.72
1235.782609	2602.608696
861.7480315	2599.188976
874.2702703	2605.256757
868.3214286	2605
1072.941176	2603.705882
1510.136364	2603.818182
1064.4	2606.75
1524.083333	2607.291667
812.3076923	2607.653846
1544.434783	2607.304348
969	2608.967742
1127.016667	2609.833333
480.75	2612.464286
753.3448276	2613
1477.111111	2610.388889
699.8076923	2613.153846
975.8043478	2612.086957
1464.708333	2613.5
967.6	2613.96
804.95	2613.15
1190.241026	2611.912821
626.2156863	2617.745098
973.1363636	2616.954545
66.93333333	2617.2
282.9245283	2616.830189
754.9230769	2618.230769
749.3870968	2618.983871
254.1935484	2620.032258
259.7857143	2619.857143
268.0862069	2620
1539.113208	2619.509434
618.1805556	2621.138889
1207.814815	2620.333333
519.4883721	2624.77907
1147.373832	2623.794393
1043.2	2621.35
1095.545455	2623.136364
1182.433333	2622.766667
948.1515152	2624.242424
1267.789474	2625.447368
1059.267327	2630.178218
1400.845794	2631.065421
157.9090909	2631.69697
1183.62	2629.57
1414.034483	2632.37931
1219.306122	2634.795918
72.78846154	2637.384615
702.2117647	2635.247059
706.5378151	2641.084034
716.75	2641.244048
1061.275	2638.625
1119.909091	2635.954545
1139.439394	2636.181818
425.35	2638.45
749.3196721	2636.663934
698.0882353	2639.5
1211.275	2639.625
1027	2640.904762
202.5	2641.09375
1013.375	2642.083333
1123.875	2642.625
1132.494253	2641.62069
1090.076923	2642.153846
696.1612903	2644.612903
952.8648649	2646.459459
982.2173913	2646.695652
64.52	2646.56
642.975	2646.425
1447.236842	2648.078947
708.55	2648.75
1236	2647.454545
977.59375	2648.5625
1318.431373	2649.392157
696.9827586	2651.810345
713.3666667	2650.033333
954.8461538	2652.717949
1263.056338	2650.873239
1327.565217	2651.478261
702.8717949	2653.051282
1271.186047	2653.697674
378.7391304	2652.608696
998	2654
1262.230159	2655.960317
1486.851852	2654.925926
1533.032258	2655.451613
1378.272727	2656.121212
800.8148148	2657.888889
384.5645161	2659.258065
957.4285714	2662.311688
392.137931	2660.844828
734.7741935	2660.870968
1138.615385	2661.769231
1275.782609	2662.043478
786.5	2664.71875
929.7727273	2666.227273
994.7647059	2665.147059
1087.7	2666.825
920.4567901	2667.209877
1534.075	2672
312.4137931	2671.137931
304.6075949	2674.126582
777.6038647	2678.594203
726.0638298	2673.276596
1286.563636	2673.381818
639.5344828	2675.793103
773.8571429	2674.357143
928.2105263	2676.245614
719.7166667	2677.3
366.88	2677.28
1303.3125	2677.875
1410.321429	2679.357143
1419.906977	2680.023256
1313.378788	2681.772727
907.7777778	2684.955556
769.0645161	2685.870968
1235.541667	2685.833333
1409.206897	2686.655172
1006.076923	2686.307692
880	2688.636364
884.9230769	2689.461538
1045.178571	2687.607143
771.75	2690.075
637.0625	2691.375
1545.65625	2690.59375
889.0512821	2693.333333
1197.277778	2695.694444
1158.846154	2697.461538
1539.773333	2699.733333
1530.411111	2698.711111
767.6911765	2699.5
819.125	2700.666667
1104.833333	2702.416667
854.4571429	2704.242857
1259.292683	2705.439024
609.4074074	2704.111111
1083.885714	2705.428571
1153.52	2706.666667
199.26	2709.38
944.6388889	2709.388889
397.6444444	2711.177778
910.95	2712.55
111.8596491	2714.263158
931.4761905	2712.904762
903.56	2713.76
1108.951456	2717.601942
763.7931034	2713.482759
1105.323529	2711.926471
759.1333333	2715.133333
1087.956522	2717.217391
669.0714286	2719.732143
917.5625	2718.21875
1463.964286	2717.75
759.6956522	2720.521739
754.375	2721.375
1475.613636	2724.272727
664.55	2724.475
1139.571429	2726
629.1086957	2726.717391
758.3666667	2726.4
917.3703704	2727.333333
269.2	2729.56
662.44	2730.36
751.1323529	2731.801471
275.1	2730.9
281.1071429	2730.892857
1207.190476	2732.47619
659.2391304	2735.782609
981.2571429	2732.8
1402.25	2733.9
663.8695652	2734.956522
1488.056604	2735.169811
1112.75	2738.666667
1036.7	2736.066667
1499.337662	2739.597403
754.5909091	2737.920455
1024.434783	2738.826087
918.9277108	2743.807229
1044	2743.25
1038.086957	2741.391304
1124.393939	2742.939394
909.8684211	2745.973684
1027.102564	2746.487179
1036.291667	2746.916667
1082.878378	2746.72973
747.3	2748.44
1041.103448	2748.137931
1159.76	2748
367.4583333	2750.708333
375.047619	2750.428571
588.0833333	2749.458333
909.2727273	2750.727273
921	2752.807692
1101.240741	2756.722222
745.516129	2757.032258
1514.772727	2758.363636
465.496063	2759.338583
597.72	2759.6
918.4732143	2759.080357
511.3809524	2761.666667
516.627451	2763.313725
674.2291667	2764.0625
525.3768116	2764.768116
423.2727273	2765.318182
474.5945946	2765.594595
993.1162791	2765.976744
686.0204082	2765.632653
245.8604651	2767.488372
671.1071429	2769.142857
729.7916667	2769.125
1329.037037	2768.444444
438.1	2768.528571
474.2777778	2771.638889
511.6451613	2769.258065
140.32	2771.88
485	2771.217391
530.1290323	2771.387097
991.3778802	2779.152074
1345.348485	2769.575758
1351.224138	2774.241379
1441.558824	2773.948529
665.7142857	2773.885714
886.46875	2775.34375
975.8139535	2777.5
1278.949153	2772.754237
1512.769231	2777.576923
1374.09894	2782.551237
1338.471014	2779.028986
77.64864865	2781.918919
492.446281	2779.289256
1507.120879	2778.934066
657.4983498	2788.062706
1028.555556	2784.740741
1502.371429	2783.742857
1007.035088	2788.017544
133.3023256	2788.511628
1071.967742	2788.290323
1335.409091	2788
1244.625	2792.15625
986.258427	2791.382022
1131.25641	2796.871795
982.0671141	2798.805369
1008.071429	2798.857143
1508.153846	2800.730769
998.4193548	2800.967742
1088.5	2802.5
1113.978723	2806.978723
1501.351351	2810.432432
961.5238095	2809.571429
981.5180723	2812.584337
1193.764706	2811.264706
697.6666667	2817.601852
297.525	2816.975
691.5463918	2816
772.7931034	2818.051724
960.5666667	2816.866667
983.2957746	2822.140845
472.5185185	2819.592593
1502.433735	2818.409639
1518.419355	2821.322581
71.72727273	2824.272727
176.1111111	2824.911111
184.6764706	2823.617647
890.8378378	2822.540541
1113.807692	2822.923077
979.8431373	2829.411765
1507.184615	2825.815385
452.5	2825.625
243.9268293	2827.317073
688.9375	2824.90625
229.5454545	2829.212121
1111.906977	2828.651163
1500.977778	2830.755556
1514.131579	2830.535088
237.8333333	2829.333333
693.225	2828.575
80.65384615	2829.019231
308.4848485	2829.757576
574.875	2830.5
1108.146853	2837.965035
1349.27027	2831.243243
923	2833
1112.619048	2833.761905
1492.864865	2831.918919
305.8235294	2836.235294
554.097561	2836.317073
1085.43662	2837.422535
1494.947368	2837.877193
1072.848485	2839.272727
632.42	2841.16
637.5172414	2841.965517
1082.75	2842.5
148.7894737	2843.421053
518.625	2844.175
753.1882353	2844.411765
730.4074074	2847.518519
760.4186047	2847.488372
980.7916667	2846.5
339.3023256	2847.906977
1123.285714	2849.714286
756.375	2852.40625
1117.354839	2851.725806
1131.5	2852.512821
860.5111111	2853.488889
738.4444444	2854.955556
751.3809524	2857.52381
409.1578947	2860.052632
1110.925926	2858.592593
744.5409836	2861.213115
754.5205479	2860.30137
399.6818182	2862.727273
738.2580645	2861.290323
852.4347826	2861.543478
1508.090909	2860.5
1379.047619	2863.238095
80.75704225	2867.672535
1482.033333	2865.7
1477.428571	2866.714286
82.32258065	2874.419355
481.0232558	2869.093023
646.1956522	2868.76087
837.3623188	2870.376812
846.1428571	2871.785714
887.5443038	2876.962025
1231.5	2878.416667
198.3971119	2882.111913
210.8245614	2879.245614
664.030303	2878.378788
673.1428571	2879
215.2926829	2884.268293
444	2881.863636
1063.814815	2883.148148
1110.54717	2886.264151
821.5737705	2889.491803
174.8787879	2891.333333
1416.969697	2890.484848
124.5217391	2893.73913
210.8148148	2892.222222
379.4390244	2892.560976
723.5581395	2890.906977
370.5348837	2895.581395
1031.388889	2895.916667
1153.846154	2897.615385
1302.542857	2899.057143
584.2413793	2900.241379
1140.979381	2902.164948
75.6	2904.111111
1410.229508	2904.04918
966.3829787	2905.106383
1331.157895	2906.078947
969.7727273	2907.227273
560.2586207	2911.12931
567.0666667	2906.3
1338.796296	2910.222222
1151.083333	2910.277778
1157.045455	2910.727273
599.1428571	2911.892857
831	2911.845238
506.9454545	2912.581818
1162.614035	2913.368421
1486.288889	2911.577778
534.1282051	2915.615385
539.9824561	2915.421053
1087.9	2916.6
620.3913043	2918.73913
825.7575758	2919.181818
1167.965517	2919.172414
833.4545455	2919.181818
616.3809524	2919.666667
539.7222222	2921.527778
1091.090226	2924.195489
1067.047619	2925.666667
900.5531915	2926.255319
1187.380952	2926.380952
851.5483871	2927.645161
1500.333333	2927.952381
784.2680412	2932.113402
661.2	2929.6
350.1818182	2931.090909
359.9074074	2931.814815
561.2105263	2933.315789
418.40625	2933.28125
602.8269231	2931.730769
1065.555556	2935.4
982.2155689	2940.473054
1508.869565	2936.782609
751.3225806	2938.064516
1134.5	2940.138889
98.25	2939.15
924.0952381	2939.571429
1159.9	2940.15
993.0714286	2942.285714
1149.82716	2943.382716
1505.173913	2944.086957
1069.772727	2946.106061
1106.756757	2950.945946
1112.244898	2949.469388
267.4444444	2954.185185
681	2954.882353
259.195122	2956.195122
1071.546218	2957.94958
1085.518519	2961.703704
1497.971429	2961.371429
387.5555556	2964.194444
1270	2965.419355
1495.5	2965.75
1276.588235	2967.735294
513.04	2967.92
1073.54878	2968.743902
172.5217391	2970.26087
1314.777778	2969.814815
885.4621849	2969.218487
928.8461538	2969.057692
1082.819672	2970.540984
1356.961538	2970.653846
1070.83871	2973.580645
1480.183673	2972.163265
530	2974.375
671.5	2974
1076.44186	2977.837209
1360.37037	2974.740741
1460	2976
482.3584906	2981.301887
1113.272727	2982.781818
1075.741071	2987.633929
489.038961	2985.220779
481.6470588	2987.058824
832.03125	2988.90625
924.4090909	2989.136364
459.0789474	2989.789474
486.92	2997.94
571.75	2992.421875
888.5405405	2992.621622
773.2307692	2994.384615
455.6297872	3003.442553
828.7424242	2996.833333
1406.264706	3002.411765
1475.777778	3006.944444
503	3012.686391
1283.875	3006.96875
105.1363636	3009.545455
338.3409091	3008.204545
1080.528302	3013.826415
1459.581395	3011.511628
1471	3012.227273
279.8030303	3014.772727
1301.410853	3015.348837
98.7	3016.1
1312.857143	3016.25
864.9090909	3017.409091
1458.464286	3018.285714
281.9761905	3021.809524
538.8695652	3020.478261
502.3596491	3025.850877
101.2727273	3025.878788
561.6538462	3025.923077
286.7419355	3025.645161
302.95	3025.65
1081.552632	3028.578947
1396.787879	3025.393939
295.0188679	3026.433962
722.1142857	3027.771429
1453.605505	3030.688073
99.22222222	3031.527778
924.5	3029.227273
851.2792208	3032.636364
117.9414894	3041.930851
1027.363636	3032.090909
938.5952381	3033.5
529.8	3034.466667
646.9090909	3033.590909
160.5555556	3036.666667
251.896	3038.128
499.6066946	3039.330544
1045.981818	3036.945455
155.027027	3036.783784
1094.930556	3040.458333
1464.214286	3040.047619
552.0882353	3040.480392
558.9047619	3043.428571
854.3571429	3043.714286
273.7297297	3046.540541
1000.857143	3046.028571
1042.666667	3044
1102.009259	3049.861111
1423.821429	3046.678571
105.3519553	3049.536313
451.0693069	3050.257426
687.6764706	3049.5
439.1	3048.7
718.4090909	3049
1042.65	3050.025
544.4827586	3050.172414
818.3653846	3054.730769
1458.477419	3057.574194
865.1851852	3060.407407
886.5862069	3061.206897
499.9428571	3061.628571
537.4146341	3059.341463
504	3062.095238
532.1621622	3067.2
500.7826087	3067.565217
733.1847826	3071.695652
661.2	3070.5
109.1975309	3070
501.5	3072.842105
275.5666667	3071.5
271.4	3073.55
390.7884615	3078.442308
176.6285714	3078.885714
859.71875	3080.8125
189.06	3081.6
197.5	3082.921053
379.9166667	3084.208333
1441.791045	3086.291045
622.36	3095.48
924.6666667	3094.909091
1442	3094.666667
637.6428571	3097.535714
619.4285714	3099.183673
1407.935484	3100.935484
202.2542373	3104.779661
627.3012048	3103.457831
114.2	3108.28
132.7857143	3108.380952
641	3109.794118
1171.880952	3112
1238.966667	3112.733333
119.3947368	3112.328947
905.2	3117.333333
1174.413793	3117.862069
614.1818182	3117.363636
1440.363636	3117.787879
1386.423077	3121.538462
586.7619048	3124.095238
1414.68	3126.68
322.9285714	3135.75
474.5253165	3138.544304
562.5918367	3138.795918
1369.133333	3141.5
1396.567568	3140.324324
559.8125	3143.166667
568.7115385	3147.307692
128.1818182	3147.227273
473.4854369	3154.004854
555.7083333	3149.354167
248.4285714	3149.428571
166.9705882	3149.088235
1313.809524	3150.428571
246.6470588	3155.058824
479.5	3157.5
944.76	3159.36
373.9836066	3160.622951
647.3478261	3162.565217
1108.68	3163.64
1270.666667	3162.666667
577.9538462	3166.323077
1283.459459	3170.054054
560.046875	3169.484375
482.7333333	3170.233333
643.3125	3169.0625
144.0952381	3168.857143
366.0631579	3172.157895
473.8032787	3170.163934
149.3428571	3170.171429
170.2272727	3174.227273
474.7142857	3176.952381
644.122449	3179
688.1627907	3179.604651
489.106383	3179.106383
1390.36	3178.6
357.75	3180.464286
683.609375	3181.484375
1354.333333	3182.833333
677.75	3182.5
1397.08	3182.2
132.4605263	3184.868421
359.75	3184.857143
1413.391304	3184.195652
498.0625	3188.734375
468.8709677	3184.817204
1063.26	3188.2
227.5189873	3194.075949
1407.595238	3194.297619
1385.448276	3192.068966
138.6363636	3192.257576
542.7878788	3192.484848
494.8	3194.4
1062.894737	3198.684211
332.22	3198.96
721.9047619	3199.52381
715.55	3200.8
323.974359	3202.179487
137.4407895	3204.644737
395	3206.675676
462.4821429	3207.160714
631.4615385	3208.615385
569.1351351	3212.216216
1384.478261	3213.673913
140.3432836	3218.402985
1268.595238	3215.071429
145.5217391	3219.391304
1152.756757	3219.567568
1033	3221.136364
153.25	3220.3125
516.64	3219.22
140.85	3226.75
856.4637681	3233.956522
1388.75	3230.166667
1355.219512	3231.853659
530.625	3236.1875
540.8	3234.1
1364.52381	3235.666667
142.6388889	3237.842593
1376.72973	3240.108108
544.2083333	3238.444444
872.92	3249.3
539.5416667	3240.333333
313.576087	3243.141304
532.8571429	3243.785714
652.2093023	3244.651163
188.2352941	3247.980392
538.0526316	3249.315789
1373.25	3247.25
147.5393258	3249.089888
967.8654971	3249.210526
272.21875	3251.46875
646.5377358	3255.509434
533.1428571	3252.761905
840.8508772	3260.548246
1119.055556	3254.87037
165.3478261	3255.152174
147.8	3256.533333
257.7804878	3256.853659
838.0091743	3257.642202
267.5142857	3258.342857
976.25	3259.1875
152.61	3263.52
532.8372093	3262.697674
972.2790698	3261.813953
543.0555556	3265.194444
883.9789474	3271.842105
347.4352941	3269.623529
976.8695652	3268.043478
161.7647059	3271.088235
190.7532468	3272.116883
531.08	3270.8
1346.107143	3270.392857
156.8	3271.1
894.3529412	3274.647059
152.7297297	3274.351351
243.9166667	3279
615.2307692	3281.128205
888.2439024	3282.731707
887.8148148	3291.333333
153.9714286	3286.571429
823.41	3289.55
154.8703704	3292.277778
311.3055556	3294.444444
156.9090909	3297.727273
887.2208738	3324.169903
1230.5	3301.571429
158.1463415	3304.902439
1367.6	3303.9
596.3870968	3305.290323
591.2	3306.6
824	3308.192308
1362.785714	3310.660714
603.4473684	3310.736842
277	3312.75
158.1071429	3315.678571
600.3043478	3314.391304
408.7826087	3315.898551
823.4666667	3321.577778
204.1463415	3321.902439
402.4705882	3321.039216
1278.9	3322.1
195.3333333	3322.857143
411.0833333	3321.75
250.9642857	3323.642857
258.1408451	3325.014085
265.8333333	3325.466667
1211.15	3326.15
897.225	3324.55
335.8181818	3329.045455
416.6956522	3326.73913
161.9090909	3330.181818
697.8	3331.675
160.5652174	3333.478261
1340.22973	3333.310811
518.877551	3335.040816
1030.102041	3337.714286
1166.608696	3339.478261
1037.916667	3340.625
1171.724138	3340.206897
427.0540541	3344.945946
543.6923077	3346.076923
841.3431373	3348.95098
924.1014493	3348.42029
423.1785714	3347.714286
874.0384615	3351.942308
1094.958333	3352.958333
976.0192308	3354.076923
1321.551724	3353.551724
698	3354.15
851.1714286	3356.114286
962.6097561	3353.317073
1052.888	3353.376
539.5675676	3355.162162
856.8	3357.4
1160.485714	3357.228571
862.877551	3359.265306
1217.090909	3357.136364
1220.5	3358.846154
1048.211538	3360.538462
1165.140625	3360.34375
181.92	3362.92
1059.35	3362
1171.222222	3366.814815
535.8518519	3363.185185
419.6206897	3368.413793
172.6956522	3369
1326	3370
536.8387097	3371.193548
413.372093	3371.976744
1179.826087	3373.608696
599.3181818	3373.045455
536.1428571	3375.666667
550.44	3376.68
1322.376812	3376.072464
176.6585366	3377.060976
684.6380952	3378.352381
840.1904762	3379.047619
534.5185185	3380.925926
1187.830986	3381.957746
455.8676471	3383.647059
688.779661	3384.898305
1311.666667	3381.5
339.9117647	3384.705882
1308.26087	3384.782609
1319.299065	3384.803738
715.4705882	3387.588235
946.2168675	3386.927711
681.75	3389.630435
691.2954545	3391.931818
1195.8	3391.2
1298.233333	3391.866667
180.4752475	3389.336634
254.2033898	3391.491525
526.9	3390.966667
204.0645161	3398.150538
1237.71875	3398.5625
446.5	3398.666667
689.9672131	3400.737705
1314.478261	3398.26087
945.6388889	3399.416667
181.7927928	3403.09009
1298.538462	3404.153846
1282.578125	3408.6875
1196.066667	3408.366667
1292.918367	3408.122449
623.7407407	3410.111111
180	3411.7
689.2301587	3412.373016
569.7	3413.2
1297.181818	3413.590909
646.3947368	3413.710526
178.84	3416.28
796.24	3415
564.8823529	3418.205882
186.4242424	3417.878788
285.6415094	3419.679245
643.9354839	3419.354839
398.82	3418.66
894.7083333	3419.625
413.6428571	3420.678571
405.9666667	3425.666667
733.5098039	3424.921569
186.8947368	3424.614035
727.6470588	3424.617647
696.6222222	3425.111111
1142.931034	3427.068966
740.7831325	3431.650602
200.6769231	3431.169231
1309	3427.814815
1288.64	3430.6
732.96875	3431.78125
186.0531915	3432.510638
1007.285714	3433.714286
1287.25	3436.25
735.4375	3436.875
196.15	3437.2
342.75	3437.95
577.7727273	3438.136364
1273.170732	3439.219512
190.8264463	3445.946281
1281.224138	3441.172414
944.4545455	3441.575758
950.9183673	3443.632653
1300.097744	3444.157895
342.2631579	3444.263158
743.8778626	3445.557252
343.3793103	3450.068966
1199.727273	3448.5
1283.333333	3448.625
1297.413043	3458.391304
987.5882353	3455.215686
651.8333333	3455.166667
1207.641791	3451.940299
349.6363636	3454.393939
998.1111111	3455.611111
1212.976744	3456.581395
1277.776119	3454.955224
992.8709677	3455.645161
251.8095238	3458.047619
1268.407407	3459.925926
512.5714286	3459.714286
338.5206612	3460.049587
996.6938776	3463.77551
633.5365854	3469.317073
990.2068966	3467.431034
193.8220339	3466.028249
996.8	3471.02
763.6857143	3471.857143
1097.577778	3473.666667
751.7567568	3477.702703
327.45	3478.85
738.9047619	3477.904762
768.4615385	3481.826923
994.1234568	3480.209877
198.6321839	3481.16092
317.5384615	3481.384615
1105.157895	3480.315789
1293.756757	3481.972973
755.6046512	3485.255814
305.5793651	3483.02381
664.8333333	3484.277778
743.1724138	3483.37931
724.4615385	3489.138462
969.0909091	3486.909091
203.8616715	3494.717579
214.5098039	3487.745098
1115.770186	3497.869565
215.4375	3494.9625
219.7142857	3494.607143
1280.035088	3498.017544
1289.353659	3497.256098
634.65	3500.3
800.2	3503.24
602.0909091	3505.227273
760.9655172	3504.413793
1160.142857	3506.952381
633.5714286	3507.755102
206.7820513	3509.358974
589.9148265	3517.274448
598.7213115	3510.180328
1163.956522	3512.217391
953	3513.448276
1283.777778	3512.098765
1069.637795	3520.614173
208.6538462	3518.788462
809.2258065	3521.870968
1126.696078	3520.598039
740.8505747	3522.954023
1068.73913	3525.043478
209.9655172	3528.827586
643.3076923	3528.288462
950.8985507	3527.84058
806.8148148	3527.666667
1084.236364	3530.709091
1200.666667	3531.761905
1192.127273	3531.945455
787.1	3532.1
1099.037736	3535.45283
1017.875	3536.583333
892.5483871	3540.129032
558.5	3539.727273
823.8205128	3539.333333
1198.891892	3538.810811
562.3	3541.2
886.16	3540.72
962.7727273	3540.772727
1111.37037	3542.407407
1208.402778	3544.388889
820.2571429	3543.057143
686.5	3543.1
928.4252874	3545.37931
574.6950355	3542.992908
920.7936508	3546.015873
610.8095238	3546.666667
824.4681648	3555.382022
563.1034483	3547.586207
891.2461538	3548.292308
430.3478261	3548.695652
939.4285714	3548.107143
946.5185185	3549.518519
818.1351351	3549.756757
1213.483871	3550.967742
899.7346939	3555.312925
762.5806452	3553.193548
1220.704545	3559.102273
1259.877193	3554.719298
767.1463415	3557.170732
632.2888889	3558.022222
1065.75	3560
216.0810811	3560.540541
643.9583333	3560.333333
1047.090909	3562.818182
623	3563.846154
343.8461538	3563.769231
830.0634921	3567.793651
575.5	3566.333333
1259.901639	3564.803279
630.8287671	3569.623288
824.5405405	3570.72973
661.2142857	3572.25
220.4709677	3572.864516
1258.272727	3573.136364
1063.954545	3575.818182
517.7857143	3576.785714
633.4347826	3577.478261
1255.259259	3580.074074
625.4761905	3583.095238
631.5918367	3582.918367
1237.890625	3583.125
217.7727273	3586.022727
735.44	3585.6
764.880597	3585.641791
1250.904762	3585.380952
630.0677966	3590.271186
1246.214286	3587.357143
758.75	3589.666667
765.7333333	3591.7
217.8113208	3593.433962
750.6590909	3593.272727
759.8363636	3594.781818
835.0617284	3592.592593
359.65	3593.65
634.7058824	3595.323529
539.5463576	3601.291391
606	3597.3
717.5405405	3596.621622
219.1621622	3600.432432
631.84375	3599.21875
829.3103448	3597.885057
699.408046	3607.482759
504.3207547	3607.160377
518.3140496	3607.082645
218.6896552	3608.603448
830.1170213	3606.765957
718.3896104	3609.974026
797.2682927	3611.182927
525.25	3611.45
690.5277778	3611.194444
699.6491228	3613.894737
529.0810811	3615.297297
1209.974138	3615.215517
801.16	3620.08
694.8428571	3618.3
217.4782609	3622.652174
734.4117647	3620.039216
751.037037	3621.925926
828.2615385	3626.292308
837.6829268	3626.219512
1236.75	3627.583333
822.05	3630.9
767.516129	3634.387097
224.2	3636
576.1219512	3635.902439
362.1710526	3638.710526
751.6323529	3639.161765
871.0454545	3638.727273
352.037037	3641.555556
761.0571429	3638.457143
928.5	3637.954545
1218.7	3640.6
237.3235294	3643.5
576.3142857	3643.485714
226.4302326	3648
582.4310345	3650.896552
842.5909091	3649.909091
1170.474227	3649.989691
577.2	3651.714286
995.7121212	3649.712121
572.6129032	3651.258065
547.8636364	3651.045455
1193.814433	3654.350515
831.4047619	3656.166667
838.1780822	3656.821918
1177.666667	3656.708333
800.4	3658.466667
991.6666667	3659.848485
996.4222222	3659.533333
227.2162162	3659.216216
782.8461538	3659.192308
795.4657534	3661.260274
1073.675676	3661.486486
783.3333333	3664.3
788.2266667	3660.68
830.4740741	3665.451852
705.7173913	3667.565217
232.4382022	3670.05618
700.8055556	3669.583333
784.7567568	3670.891892
824.9069767	3672.534884
842.771831	3677.171831
1179.543478	3674.021739
827.4	3678
1218.08	3677.04
622.1851852	3679.148148
759.125	3681.21875
801.5316456	3684.708861
991.8095238	3684.02381
625.6111111	3686.944444
754.2380952	3691.666667
623.6714286	3695.257143
237.1287129	3695.049505
289.5517241	3696.103448
371.6805556	3702.930556
624.1428571	3702.75
280.5	3702.357143
612.5806452	3702.645161
925.6320755	3705.339623
240.8552632	3707.486842
807.72	3708.12
363.6756757	3706.675676
1062.666667	3709.333333
612.2173913	3709.173913
677.8571429	3710.035714
765.75	3710.107143
1221.5	3709.404762
354.6851852	3711.851852
786.25	3712.35
781.8709677	3712.548387
1036.952381	3713.571429
810.119403	3716.671642
941.1923077	3714.423077
784.64	3716.96
1047.490909	3718.527273
1067.444444	3719.37037
1180.050847	3722.355932
245.1162791	3721.976744
344.4245283	3719.783019
762.3373494	3723.433735
1054.65	3723.083333
345.9894737	3727.389474
716.7777778	3723.888889
1220.702703	3726.918919
721.1818182	3725.575758
619.9487179	3726.974359
338.7297297	3730.189189
248.4285714	3731.892857
332.8888889	3733.055556
327.56	3735.4
338.44	3735.88
1217.860465	3736.116279
1185.392857	3735.25
614.7575758	3737.090909
619.0952381	3742.166667
611.6611111	3747.216667
1145.851852	3746.592593
1214.372549	3747.803922
1149.761905	3748.619048
1159.027523	3751.53211
781.6818182	3752.636364
608.8214286	3758.214286
770.0666667	3756.866667
509.5	3756.75
1215.137931	3760
603.7727273	3761.818182
1199.068966	3762.931034
360.8928571	3762.678571
253.6818182	3765.545455
1192.483871	3762.629032
434.452381	3770.75
606.4642857	3767.303571
925.3478261	3769.826087
517.7826087	3770.565217
603	3771.484848
508.7446809	3771.404255
1192.972222	3773.625
314.2380952	3773.428571
763.8205128	3773.692308
831.3636364	3773.363636
1205.037037	3775.148148
1214.715789	3774.263158
834.88	3776.44
253.3	3778.625
595.90625	3782.46875
839.0217391	3783.369565
926.5333333	3785.866667
909.6666667	3784.571429
585.2236842	3789.5
376.0784314	3789.372549
861.3239437	3787.239437
849.7619048	3789.309524
256.6129032	3791.193548
899.0625	3793.1875
1177.410959	3794.821918
932.6956522	3798.695652
1153.809524	3801.984127
1201.15625	3801.78125
1192.516129	3805.387097
271.765625	3810.375
1194.1	3812.175
1078.652174	3815.728261
268.5	3816.65
468.5326087	3818.652174
1188.69697	3820.858586
385.2553191	3821.553191
271.4166667	3821.083333
375.8811881	3824.792079
646.8965517	3822.172414
738.1818182	3821.909091
713.7916667	3823.208333
273.0357143	3826.410714
643.8518519	3827
745.4285714	3829.714286
730.8870968	3829.16129
755.0149254	3829.41791
896.8	3832.55
275	3833.083333
648.9545455	3835.727273
640.9444444	3838.845679
778.6216216	3835.878378
281.7118644	3842.909605
811.5342466	3835.383562
726.0208333	3839.041667
800.6339286	3836.696429
893.4090909	3837.545455
1143.56	3838.44
1182.814433	3841.28866
886.0952381	3839.666667
964.9545455	3840.681818
920.0425532	3842.808511
929.3917526	3844.639175
936.826087	3844.434783
968.4444444	3847
641.8181818	3850.965909
1159.339286	3844.785714
835.8043478	3846.326087
796.375	3848.895833
274.6666667	3851.75
1161.403509	3851.859649
887.2195122	3851.365854
895	3849.942857
965.5416667	3853.166667
292.0769231	3854.769231
1119.4	3855.45
1178.272727	3855.909091
438.1315789	3855.236842
726.0930233	3855.534884
1167.822222	3854.977778
742.5217391	3858.695652
979.1333333	3858.966667
1162.358974	3860.282051
280.2027027	3860.283784
975.3404255	3861.106383
1172.054945	3861.736264
725.1940299	3864.880597
1158.870968	3865.645161
280.66	3865.94
772.6129032	3866.935484
1075.917526	3867.762887
762.32	3867.906667
1142.642857	3866.595238
1174.666667	3869.266667
1165.612903	3869.268817
797.5755396	3875.115108
807.1181102	3871.716535
975.6666667	3869.095238
753.7073171	3870.04878
758.5714286	3873.666667
285.0384615	3872.461538
367.0526316	3874.710526
1157.2	3872.6
280.5625	3873
304.7608696	3875.608696
1006	3878.453125
285.3076923	3877.730769
521.3076923	3876.641026
802.6724138	3882
503.6818182	3881.386364
512.7575758	3880.030303
1151.538462	3881.538462
1173.022727	3883.636364
286.1717172	3885.979798
1107.248227	3888.673759
898.6511628	3885.255814
747.4684211	3891.305263
1159.032258	3885.403226
473.0204082	3887.897959
798.9130435	3888.652174
1021.363636	3892.878788
1147.333333	3892.333333
361.5698925	3892.763441
767.6578947	3894.605263
464.25	3894.9
1027.103448	3895.551724
1167.814815	3895.037037
1149.714286	3897.142857
1119.26087	3898.130435
754.2727273	3901.151515
1143.142857	3900.761905
554.047619	3904.238095
683.7894737	3903.184211
757.375	3906
1126.102941	3903.191176
1164.819672	3902.229508
1134.353846	3903.938462
1148.583333	3905.166667
445.9	3904.266667
697.4561404	3908.298246
687.7678571	3909.464286
294.1132075	3910.075472
1039.3125	3910.84375
758.6785714	3912.107143
691.254902	3914.019608
1047.558824	3915.985294
1164.179487	3912.666667
702.4571429	3916.257143
1163.142857	3920.171429
297.12	3919.2
696.1176471	3918.666667
688.48	3920.5
722.0645161	3920.064516
781.8148148	3920.888889
536.0606061	3921.818182
704.2413793	3923.534483
710.3235294	3923.529412
299.4324324	3923.135135
690.8181818	3925.136364
759.1884058	3926.014493
1037.176471	3922.794118
1058.28125	3925.833333
701.2	3927.6
1154.66	3924.22
661.5609756	3943.465041
779	3927.181818
1050.837209	3927.209302
533.0222222	3931.155556
301.8662791	3934.959302
706.9545455	3933.636364
1165.233333	3932.6
779.25	3935.8
1067.5	3938.016129
754.216	3937.84
527.76	3942.12
1162.47619	3941.619048
716.2272727	3946.666667
305.1463415	3946.268293
524.0952381	3948.785714
750.3	3947.983333
1079	3948.626667
306.875	3955.583333
373.7195122	3956.841463
446.2857143	3956.392857
1054.592593	3958.407407
1086.741935	3958.967742
961.8372093	3958.767442
1009.930233	3958.348837
653.5384615	3961
1014.714286	3966.061224
515.7916667	3962.166667
569.754717	3962.773585
1137.279412	3961.558824
550.13	3967.5
563.95	3965.25
864.2857143	3963.824176
811.76	3966.4
656.7391304	3968.086957
700.5538462	3966.907692
1134.064516	3970.193548
500.5714286	3974.190476
779.1904762	3973.285714
1144.119266	3977.33945
906.9565217	3979.434783
724.75	3978.785714
778.75	3981.416667
782.7142857	3985.238095
811.0769231	3990.153846
779.4901961	3991.705882
1141.5	4001.378788
694.6521739	3996.956522
735.14	3996.68
1027.111111	3997.814815
809.875	3998.28125
1113.488889	3999.022222
361.8510638	3998.723404
835.3506494	4000.766234
427.4571429	4000.6
888.6666667	3998.266667
1033.714286	4001.619048
1117.6	4007.44
1040.058824	4006.082353
321.5294118	4011.960784
1070.424242	4011.272727
1136.793103	4016.137931
320.5223881	4018.477612
1034.275862	4016.862069
500.5714286	4022.75
888.7142857	4024.321429
397.1333333	4023.4
319.6153846	4025.923077
1094.115385	4028.692308
1097.6875	4028.65625
689.5666667	4030.033333
324.0151515	4032.515152
984.2903226	4034.645161
785.5588235	4036.411765
998.2692308	4039.538462
1032.84	4036.76
627.875	4042.041667
1003.651163	4040.069767
1106.617647	4037.161765
1009.296875	4044.796875
630.4857143	4045.857143
1087.060976	4049.865854
741.225	4046.675
746.6	4049.166667
1033.982759	4048.672414
1021.025641	4051.179487
331.2901554	4053.041451
325.575	4053.975
628.3857143	4054.314286
1120	4055.030612
1095.022727	4057.272727
347.7906977	4058.139535
1017.888889	4057.814815
1113.458333	4058.25
477.1584158	4059.39604
338.7826087	4068.25
630.6829268	4065.707317
800.9736842	4065.789474
1117.8	4065.72
1039.176471	4063.617647
1114.314286	4065.342857
1122.583333	4066.166667
1037.806452	4070.806452
348.5217391	4074.652174
336.6470588	4074.632353
631.8641975	4077.481481
825.45	4076.2
341.5909091	4077.272727
361.3928571	4079.571429
871.2790698	4079.883721
1043.714286	4078.238095
865.2051282	4080.641026
1048.931034	4079.37931
342.122449	4084.316327
1050.380952	4084.095238
1128.095238	4084.285714
704.725	4084.425
458.8611111	4086.263889
897.1935484	4085.806452
1042.413793	4087.724138
756.9090909	4087.454545
746.0540541	4088.189189
797.214876	4088.735537
347.3252033	4095.178862
1012.083333	4091.958333
1036.416667	4092.361111
455.1111111	4094.694444
581.9117647	4097.808824
444.2706767	4107.781955
1123.075758	4100.621212
655.15	4101.95
816.8571429	4102.52381
498.0481928	4104.939759
708.6	4107.371429
1119.425	4110.225
935.5666667	4111.833333
432.1612903	4114.064516
618	4117.5
958.952381	4117.857143
1116.961039	4122.961039
354.0909091	4123.030303
356.9622642	4127
817.4108108	4130.789189
1099.92	4127.68
1092.783333	4126.55
1108.756757	4130.918919
614.96	4135.92
829.7166667	4132.516667
1098.285714	4133.380952
835.4565217	4136.043478
357.5822785	4135.873418
724.0634921	4137.095238
823.8181818	4143.227273
361.7804878	4143.414634
1089.425	4145.25
482.119403	4144.820896
614.1538462	4144.538462
695.8	4146.925
977.7142857	4144.892857
451.0930233	4146.837209
768.0773196	4146.350515
1024.714286	4147.857143
620.3928571	4149.285714
761.6296296	4149.222222
1088.409091	4151.227273
368.4428571	4149.971429
445.0740741	4151.111111
756.9345794	4156.037383
825.5967742	4151.370968
1039.211538	4153.461538
1043.586207	4152.931034
1111.090909	4152.454545
374.7727273	4155.113636
1102.611111	4156.868056
774.9545455	4156.181818
1062.531915	4157.723404
367.9285714	4156.785714
623.0655738	4157.04918
1088.571429	4158.31746
793.4102564	4160.74359
630.85	4161.95
831.4814815	4164.259259
1084.5	4164.291667
429.9090909	4165.136364
992.2962963	4167.518519
1113.621622	4164.108108
766.4444444	4169.977778
1114.684211	4172.877193
392.2745098	4171.254902
370.8787879	4170.151515
401.4583333	4184.333333
835.1590909	4181.704545
845.34375	4188.03125
715.04	4188.52
826.7555556	4188.244444
407.5	4188.875
833.9313725	4190.460784
738.7118644	4194.305085
847	4195.8125
1110	4191.72
1111.173913	4197.608696
691.375	4199.875
839.8297872	4198.106383
958.95	4204.1
837.0645161	4205.580645
766.2615385	4206.584615
535.1935484	4209.532258
780.6494845	4211.773196
834.2272727	4212
911.5909091	4215.636364
890.3333333	4216.888889
526.64	4217.68
916.4067797	4219.542373
1108.684211	4216.526316
885.8448276	4220.844828
520.5384615	4224.551282
875.4571429	4221.2
857.7	4224.25
863.5714286	4224.285714
904.9649123	4224.105263
912.1746032	4223.365079
866.5555556	4226.833333
890.15	4225.05
1106.5	4227.208333
832.2028986	4223.536232
1108.95	4230.55
770.7272727	4233.863636
1104.888889	4232.740741
831.8484848	4236.121212
1105.863636	4237.545455
773.9714286	4239.371429
1108.26087	4240.521739
417.5714286	4243.415584
834.8518519	4242.703704
820.9846154	4246.266667
1016.68	4244.84
391.4193548	4245.629032
829.5879397	4251.58794
1103.580645	4246.096774
833.90625	4251.28125
776.25	4252.166667
748.6875	4251.71875
1106.884615	4251.923077
1019.340426	4254.106383
806.9615385	4256.153846
558.0416667	4262.520833
810.1205357	4261.910714
816.2153846	4263.8
397.1690141	4265.028169
628.0909091	4268.19697
640.0714286	4263.160714
832.3604651	4268.488372
635.6285714	4268.2
1107.833333	4269.366667
488.2564103	4267.24359
474.4634146	4274.487805
800.52	4273.44
731.8965517	4274.413793
1037.392857	4274.964286
755.6969697	4280.343434
834.0108696	4277.25
1108.73913	4275.695652
625.4166667	4277.133333
733.7391304	4277.869565
800.4634146	4280.292683
696.9107143	4280.446429
541.2708333	4283.958333
762.0909091	4282.636364
785.9833333	4283.566667
792	4282.761905
833	4282.740741
1041.25	4283.4
1110.150943	4283.867925
404.0857143	4284.914286
751.0909091	4284.575758
835.5625	4287.65625
534.8	4289.485714
1050.675676	4289.513514
697.6666667	4289.291667
1109.769231	4291.205128
751.6885246	4291.95082
761.3246753	4290.883117
831.8	4293.52
804.7834101	4293.935484
526.2	4294.88
767.8095238	4293.690476
968.021978	4294.802198
884.3076923	4295.346154
1061.408377	4302.544503
1104	4296.583333
511.5714286	4298.714286
754.3803681	4301.01227
835.0984848	4300.469697
1097.85	4298.75
1109.913043	4299.565217
885.7962963	4299.388889
1093.217391	4301.130435
767.3203125	4302.101563
409.546875	4303.90625
505.1929825	4304.77193
745.9814815	4305.166667
757.68	4310.826667
412.9148936	4310.617021
766.4237288	4310.677966
1109.805556	4309.833333
804.8405797	4312.231884
748.21875	4318.03125
835.9756098	4312.195122
1022.758621	4312.793103
793.7446809	4313.021277
784.2333333	4313.5
1107.1	4313.6
728.5757576	4317.262626
739.5371901	4319.46281
1025.4375	4316.59375
1087.764706	4316.352941
1102.045455	4316.272727
760.6148148	4319.718519
806.4545455	4318.863636
835.9705882	4320.617647
711.0416667	4320.625
1109.392857	4321.214286
761.6097561	4324.365854
1110.518519	4326.703704
711.7540984	4325.786885
726.1764706	4325.294118
805.1690141	4325.352113
760.5633803	4331.535211
414.9120879	4329.395604
720.1666667	4330.142857
806.2307692	4335.553846
727.9491525	4331.864407
835.9920635	4338.111111
741.6513761	4334.11315
761.7878788	4341.257576
420.1588235	4340.358824
1107.335079	4344.47644
748.030303	4347.757576
757.2857143	4346.142857
496.0142857	4350.142857
911.7358491	4345.962264
836.375	4350.916667
765.1333333	4350.533333
428.5895954	4351
803.6558442	4350.863636
418.8857143	4351.485714
639.952381	4351.761905
634.7162162	4353.297297
910.030303	4354.606061
834.9361702	4359.553191
719.027027	4359.459459
751.3636364	4357.852273
1105.214286	4363.178571
806.2605042	4363.831933
762.4210526	4366.052632
426.528	4365.448
502.744898	4367.877551
752.8867925	4367.584906
806.4197531	4374.802469
834.0172414	4368.068966
513	4372.442308
1102.644068	4375.067797
424.3636364	4375.333333
754.5641026	4375.230769
762.4827586	4374.896552
830.6904762	4375.285714
968.1111111	4380.555556
809.027027	4384.932432
423.4	4388
828.8111111	4385.322222
1101.583333	4389.166667
1104.83871	4393.096774
646.4583333	4392.75
819.5476923	4404.744615
627.1666667	4396.291667
632.5462185	4398.436975
1098.352941	4398.529412
809.4217687	4399.217687
730.5	4407
828.720339	4408.033898
805.2380952	4410.619048
1048.12	4411.04
762.862069	4411.586207
835.3913043	4414.73913
829.4166667	4416.4375
765.452381	4416.857143
818.3630573	4425.06051
749.9342105	4420.092105
756.2786885	4421.04918
833	4421.944444
437.75	4423.7
766.5384615	4423.307692
808.5128205	4425.641026
760.8939394	4427.560606
751.5849057	4431.009434
1028.964286	4428.285714
828.2207792	4436.670996
1024	4431
440.7714286	4435.057143
765.1518987	4432.873418
508.6470588	4434.941176
820.6569343	4453.158151
515.5	4437.88
750.2098765	4442.049383
1087.402597	4439.298701
442.9142857	4440.885714
758.8372093	4440.127907
594.75	4447.857143
754.5714286	4448.896104
845.8559671	4450.481481
829.6	4454.818182
836.3834586	4456.180451
702.344086	4454.989247
761.7666667	4453.155556
649.8709677	4457.322581
751.75	4457.7
770.9852941	4460.147059
765.0722892	4465.156627
853.6147705	4475.961078
729.7857143	4466.464286
844.15	4464.066667
450.75	4466.05
707.952381	4466
756.3700787	4463.811024
831.2407407	4467.759259
1082.207317	4469.109756
1021.193548	4468.741935
819.326087	4470.065217
760.3714286	4474.614286
766.3783784	4474
1084.217391	4476.391304
455	4475.227273
822.0919118	4481.147059
977.8965517	4477.482759
760.3684211	4481.736842
704.1428571	4482.857143
1076.3125	4481.875
766.7631579	4482.394737
1081.962963	4483.296296
479.097561	4486.609756
607.6666667	4488.597222
598.3225806	4486.870968
831.2857143	4486.410714
839.3333333	4489.1875
815.3589744	4492.102564
771.2916667	4492.375
824.716129	4497.083871
458.6818182	4492.257576
833.8536585	4494.073171
1081.227273	4493.909091
747.4	4495.35
613.7241379	4497.37931
741.75	4497
771.1724138	4498.137931
845.0350877	4499.438596
837.8181818	4498.863636
879.9545455	4498.545455
605.0606061	4499.969697
829.6136364	4506.295455
1079.923913	4504.217391
818.7209302	4505.372093
882.5862069	4505.448276
463.1428571	4504.761905
846.7948718	4508.487179
899.5121951	4507.219512
472.4464286	4510.821429
466.55	4511.6
771.8169014	4511.84507
889.1764706	4512.919118
511.8297872	4514.212766
835.9466667	4511.493333
1082.509434	4511.45283
898.9487179	4513.974359
823.7808219	4513.876712
482.44	4515.8
769.6	4517.3
829.7460317	4518.349206
840.5480769	4515.75
897.2142857	4525.258929
1080.615385	4520.384615
1067.931818	4521.212121
805.7113402	4521.061856
1056.117647	4522.882353
764.9090909	4524.2
823.9375	4527.1875
819.7083333	4530.458333
1076.869565	4530.934783
763.35	4531.65
774.3684211	4533.434211
899.961039	4539.558442
826.4761905	4536.619048
769.8636364	4539.795455
776.3255814	4539.906977
1021.878049	4540.073171
671.8247423	4542.268041
904.3636364	4541.772727
760.8846154	4545.115385
818.528169	4539.887324
809.76	4544.2
554.875	4548.333333
905.25	4547.607143
822.8589109	4557.267327
1074.88	4549.2
667.6190476	4552.47619
774.2521739	4554.304348
904.3421053	4553.973684
478.6666667	4555.708333
762.6774194	4554.741935
815.4782609	4557.304348
906.6571429	4559.714286
617.244898	4561.647959
893.2592593	4561.62963
897.6451613	4563.064516
475.6551724	4566.965517
903.7569444	4566.986111
665.7916667	4566.75
777.125	4567.4
1060.777778	4572.037037
1065.483871	4576.290323
773.7727273	4577.840909
902.6428571	4577.698413
556.8181818	4581.727273
818.0909091	4582.649351
484.1047619	4583.638095
768.2162162	4587.945946
766.9814815	4596.657407
818.5172414	4595.344828
743.0714286	4598.928571
772.8709677	4598.806452
540.0208333	4600.5
740.4	4602.9
769.3928571	4603.642857
798.12	4605.76
776.0365854	4606.97561
832.8490566	4608.245283
738.0857143	4607.2
678.6129032	4609
769.4137931	4611.775862
890.627451	4615.372549
748.7142857	4614
819.0217391	4614.304348
686.254902	4616.264706
746.3684211	4617.394737
835.7021277	4622.085106
775.5833333	4621.416667
685.7037037	4622.666667
742.9642857	4621.982143
893.8809524	4624.833333
767.1532258	4625.314516
819.025641	4625.794872
897.4444444	4624.933333
771.1578947	4631.508772
821.2340426	4635.617021
899.2222222	4637.759259
763.4722222	4641.125
824.7282609	4648.913043
781.1304348	4646.73913
787.1636364	4649.381818
794.3928571	4649.25
758.2758621	4649.758621
1064.8	4647.742857
799.2413793	4651.931034
897.3	4652.3
854.7121212	4650.378788
773.9032258	4658.741935
825.8703704	4663.425926
850.0714286	4659.857143
557.04	4662.4
789.8571429	4662.547619
829.7931034	4662.344828
553.4705882	4664.352941
788.5	4668.818182
853.2	4670.6
985.0294118	4669.647059
831.6086957	4673.956522
979.902439	4672.02439
1008.72093	4676.837209
853.7586207	4680.103448
1026.102564	4681.897436
856.8285714	4687.328571
1004.380952	4688.095238
1056.916667	4687
513.6551724	4691.534483
714.65625	4693.4375
846.5434783	4697.478261
838.9398496	4695.744361
853.4055728	4710.913313
1054.651515	4700.318182
585.0923077	4700.930769
859.6216216	4700.081081
593.0895522	4704
843.1578947	4708.192982
907	4707.047619
860.0689655	4708.793103
518.4444444	4718.740741
1043.538462	4721.538462
1051.965116	4719.372093
640.2352941	4724.235294
1050.731707	4729.292683
655.3396226	4744.801887
520.9545455	4742.113636
845.3478261	4742.934783
706.28	4745.82
522.3548387	4749.129032
518.6086957	4749.173913
633.2173913	4750.391304
701.4642857	4751.428571
624.90625	4754.25
1044.909091	4752
1045.564516	4758.629032
916.5178571	4761.410714
523.0232558	4762.930233
1039.653846	4764.346154
1046	4766.772727
524.0857143	4769.371429
554.3728814	4770.762712
1044.291667	4778.083333
1045	4782.64
649.6774194	4789.806452
1045.774194	4791.725806
649.0322581	4796
1040.571429	4801.309524
1044.6	4806.3
928.7567568	4810.945946
561.5526316	4812.184211
935.0208333	4812.958333
941.1555556	4814.466667
949.88	4816.44
736.1	4825.7
986.8148148	4827.666667
826.2641509	4841.226415
881.1515152	4846.69697
865.21	4850.53
876	4850.391892
888.3137255	4850.941176
895.7272727	4852.409091
922.2258065	4854.064516
928.7777778	4855.844444
936.7761194	4859.80597
963.15	4872.1625
977.7701149	4879.632184
981.2272727	4886.181818
986.6666667	4887.074074
558.2162162	4894.864865
741.8793103	4923.603448
798.245283	4921.698113
568.775	4923.65
793.5208333	4927.958333
803.8583333	4934.108333
655.7142857	4931.571429
810.9102564	4937.705128
796.1756757	4936.783784
789.9215686	4936.45098
797.1746032	4944.777778
806.1290323	4943.451613
807.6923077	4953.965035
801.1403509	4950.280702
802.8245614	4963.649123
814.3870968	4968.677419
681.1166667	4970.133333
871	4971.090909
811.047619	4972.952381
872.5373134	4978.985075
877.2727273	4982.227273
667	4992.333333
748.8076923	4993.192308
743.1891892	5005.594595
703.8285714	5014.028571
649.0714286	5013.5
644.6285714	5017.428571
686.45	5033.35
690.9318182	5036.590909
688.7619048	5042.238095
650.2676056	5041.408451
809.4054054	5050.675676
873.1025641	5050.871795
871.2686567	5056.820896
880.1789474	5060.294737
824.216	5063.232
818.1538462	5060.384615
874.9615385	5064.557692
819.3030303	5068.363636
887.0909091	5069.909091
968.525641	5071.923077
828.4302326	5074.232558
875.1538462	5071.730769
881.1551724	5071.741379
956.8098592	5071.584507
736.6071429	5073.392857
885.6037736	5078.773585
878.1929825	5080.421053
893.027027	5077.945946
732.9541284	5080.275229
822.65625	5078.21875
891.9259259	5083.666667
833.3461538	5083.538462
826.5840708	5086.221239
815.6363636	5087
898.5245902	5087.032787
725.9038462	5087.442308
889.5714286	5088.081633
834.9607843	5093.196078
773.4864865	5095
783.7804878	5094.585366
894.2972973	5096.243243
831.65	5095.45
900.8793103	5094.741379
903.9316239	5102.897436
915.7241379	5101.275862
723.71875	5102.140625
909.3586957	5108.315217
915.0246914	5111
896.5714286	5113.904762
1019.655172	5116.758621
803.8571429	5120.619048
919.1018519	5120.342593
951.1973684	5117.342105
844.9545455	5122.681818
904.9166667	5123.25
956.1304348	5123.26087
956.1954023	5128.298851
914.5058824	5130.85098
926.7692308	5128.107692
935.8632479	5130.153846
923.1020408	5132.55102
1008.55	5131
978.2307692	5135.974359
978.969697	5143.181818
921.8	5145.825
946.7777778	5144.592593
829.3333333	5146.090909
712.8717949	5147.538462
815.2941176	5150.617647
819.2444444	5150.911111
925.2380952	5152.809524
702.2539683	5156.301587
806.7746479	5153.830986
709.6865672	5159.343284
813.3225806	5159.021505
922.6363636	5158.166667
779.3103448	5158.724138
787.175	5159.775
804.1235955	5164.595506
916.4130435	5163.195652
812.25	5165.84375
817.9090909	5165.181818
920.25	5166.181818
802.7666667	5175.65
810.9491525	5172
813.5982906	5177.811966
809.3	5186.644444
811.547619	5194.178571
954.8571429	5192.333333
810.5882353	5201.352941
976.2380952	5200.333333
808.5	5208.333333
656.9230769	5208.75
651.4242424	5216.242424
657.32	5214.94
813.4173228	5219.590551
783.8795181	5220.662651
689.6052632	5246.684211
894	5253.948718
894.6956522	5260.043478
903.9473684	5256.842105
901.3205128	5260.064103
891.45	5263.1
901.8928571	5266.035714
897.86	5268.54
906.0888889	5271.066667
910.7	5277
916.4074074	5281.148148
811.5217391	5286.608696
811.7222222	5294.277778
927.047619	5289.666667
694.3703704	5292.740741
696.5964912	5302.666667
917.7391304	5304.130435
932.5833333	5311.6875
826.703125	5312.46875
700.0810811	5317.081081
831.6333333	5321.5
837.027027	5328.243243
840.9375	5336.479167
697.0151515	5356.545455
893.8333333	5356
701.9787234	5363.787234
903.4285714	5362.690476
907.047619	5366.047619
928.5	5390.090909
707.5111111	5415.044444
816.745098	5420.392157
711.875	5422.84375
812.3111111	5425.8
715.15	5431
730.875	5463.083333
912.3829787	5482.765957
917.9545455	5484.590909
915.4074074	5488.185185
779.8333333	5504.666667
878.0714286	5615.833333
